SabareeshNikhilC,YoganandaKishore
EswaraSai,YoganandaKishore
SwetabhKumar,YoganandaKishore
SudheerVazrapu,YoganandaKishore
SrikantBharadwaj,YoganandaKishore
DivyaPravallika,YoganandaKishore
SuryaKlsv,YoganandaKishore
RatanRahul,YoganandaKishore
krishnakarthick,YoganandaKishore
SaiKrishnaKanthHari,YoganandaKishore
SwamyIdln,YoganandaKishore
Kalyankarthik,YoganandaKishore
JeevanRomee,YoganandaKishore
VishnuBalu,YoganandaKishore
VikramsimhareddyKallam,YoganandaKishore
VenkateshHarisyam,YoganandaKishore
SowmyaChittireddy,YoganandaKishore
sharathchandra,YoganandaKishore
SaiRaghuVamsi,YoganandaKishore
SashankKurella,YoganandaKishore
SriharshaGajarla,YoganandaKishore
VarunChappidi,YoganandaKishore
JashwanthReddy,YoganandaKishore
SampathVelaga,YoganandaKishore
SowmyaKatragadda,YoganandaKishore
NitishAlluri,YoganandaKishore
KsAditya,YoganandaKishore
SeshuCh,YoganandaKishore
PruthviKumar,YoganandaKishore
NaveenReddyYedla,YoganandaKishore
SiddarthChinda,YoganandaKishore
VanshKhurana,YoganandaKishore
HemanthReddy,YoganandaKishore
SatyaKarthik,YoganandaKishore
AnirudhreddySafal,YoganandaKishore
SachinAdepu,YoganandaKishore
KarthikReddy2,YoganandaKishore
ssn92,YoganandaKishore
EngrShoewu,SabareeshNikhilC
DrPramodKUMAR,SabareeshNikhilC
PoornaChandra,SabareeshNikhilC
uttamsikaria,SabareeshNikhilC
VIPULSINGH,SabareeshNikhilC
PranushaManthri,SabareeshNikhilC
PranayBhatia,SabareeshNikhilC
KetavMehta,SabareeshNikhilC
ArunabhSingh,SabareeshNikhilC
SumanRao,SabareeshNikhilC
AkvilSakhare,SabareeshNikhilC
NehaInnanje,SabareeshNikhilC
AbhishekTiwari,SabareeshNikhilC
AnasuyaMandal,SabareeshNikhilC
AdityaShankar,SabareeshNikhilC
PraveshKochar,SabareeshNikhilC
RBhardwaj,SabareeshNikhilC
ManishKeshri,SabareeshNikhilC
AvishekDan,SabareeshNikhilC
KaruneshJigyasu,SabareeshNikhilC
AlankarJain,SabareeshNikhilC
SarjanSatra,SabareeshNikhilC
SaranshSingh,SabareeshNikhilC
ParthasarathiPanda,SabareeshNikhilC
AnuragDubey6,SabareeshNikhilC
VikasPandey,SabareeshNikhilC
AkankshaThawani,SabareeshNikhilC
prudhvitejimmadi,SabareeshNikhilC
RachitAggarwal,SabareeshNikhilC
KaushikIska,SabareeshNikhilC
IndrasenBhattacharya,SabareeshNikhilC
SGoenka,SabareeshNikhilC
RahulShinde1,SabareeshNikhilC
AsthaAgarwal,SabareeshNikhilC
ShibaniSanturkar,SabareeshNikhilC
AniketSule,SabareeshNikhilC
AbhishekPadmanabhan,SabareeshNikhilC
NidhiShanbhag,SabareeshNikhilC
deekshasinha,SabareeshNikhilC
RaunakKudesia,SabareeshNikhilC
NiladriChatterji,SabareeshNikhilC
PararthShah,SabareeshNikhilC
ParulMaheshwari,SabareeshNikhilC
ShantanuKallakuri,SabareeshNikhilC
SouradipSen,SabareeshNikhilC
AdwaitvedantMathkar,SabareeshNikhilC
MeghanaReddy,SabareeshNikhilC
AnilShanbhag,SabareeshNikhilC
EklavyaMahajan,SabareeshNikhilC
PramodBhakhar,SabareeshNikhilC
PrashantChandra,SabareeshNikhilC
SaiKrishna,SabareeshNikhilC
DeepshikhaAlha,SabareeshNikhilC
RajNayanDatta,SabareeshNikhilC
AlankarSaxena,SabareeshNikhilC
sudheerkatta,SabareeshNikhilC
ShashankShekhar,SabareeshNikhilC
AbhijitSharang,SabareeshNikhilC
AnmolGarg,SabareeshNikhilC
NEERAJTOSHNIWAL,SabareeshNikhilC
GarvMalik,EswaraSai
ChinmayaPatnayak,EswaraSai
ShravyaLahari,EswaraSai
SrikanthSuresh,EswaraSai
HarshaAechuri,EswaraSai
VasanArunachalam,EswaraSai
AnoopKarnik,EswaraSai
SwetabhKumar,EswaraSai
BhanuSrivatsav,EswaraSai
MukherjeeAbhinav,EswaraSai
ananthkotti,EswaraSai
KalyanPingali,EswaraSai
AntarikshaYelkawar,EswaraSai
ThiruvikramanKandhadai,EswaraSai
SudheerVazrapu,EswaraSai
RAHULBASU,EswaraSai
RaiHimanshu,EswaraSai
ShantanuKallakuri,EswaraSai
PrasanthAkki,EswaraSai
MitulGirotra,EswaraSai
SuryaPabbisetty,EswaraSai
GaneshAshwin,EswaraSai
NarenKrishnaMadhurakavi,EswaraSai
SrikantBharadwaj,EswaraSai
AurghoBhattacharjee,EswaraSai
DeepthiMeduri,EswaraSai
VinayakVR,EswaraSai
AmrithaJayadev,EswaraSai
PraneethSmk,EswaraSai
SaiPadmanabhuni,EswaraSai
DivyaPravallika,EswaraSai
VaibhavKumar44,EswaraSai
SatyaJulakanti,EswaraSai
SanchitMishra,EswaraSai
ShriyaPallerla,EswaraSai
AbhilashMirji,EswaraSai
UtkarshDubey,EswaraSai
PratishBala,EswaraSai
VikasKotha,EswaraSai
RaunakSinghal,EswaraSai
LAdithya,EswaraSai
HarshaDutta,EswaraSai
SuryaKlsv,EswaraSai
SuhrudhReddy,EswaraSai
SarthakGhosh,EswaraSai
RahulDubey22,EswaraSai
VivekhPrabakaran,EswaraSai
RadhikaGaonkar,EswaraSai
AravindNagulu,EswaraSai
SiddarthYerram,EswaraSai
ChandraSandeep1,EswaraSai
NelakuduruVineeth,EswaraSai
SiddharthDash1,EswaraSai
HridyeshTewani,EswaraSai
SaitejaPasula,EswaraSai
PrashantLalwani,EswaraSai
ApurvaVerma2,EswaraSai
VeenaLahari,EswaraSai
NamanBafna,EswaraSai
rishabhsaraswat,EswaraSai
GarvMalik,SwetabhKumar
EswaraSai,SwetabhKumar
FaridAhsan,SwetabhKumar
ChinmayaPatnayak,SwetabhKumar
SaumyaJain,SwetabhKumar
SrikanthSuresh,SwetabhKumar
PratikSahoo,SwetabhKumar
AnoopKarnik,SwetabhKumar
BhanuSrivatsav,SwetabhKumar
KalyanPingali,SwetabhKumar
SudheerVazrapu,SwetabhKumar
ThiruvikramanKandhadai,SwetabhKumar
ShantanuKallakuri,SwetabhKumar
PrasanthAkki,SwetabhKumar
MitulGirotra,SwetabhKumar
UmaNair2,SwetabhKumar
GaneshAshwin,SwetabhKumar
SrikantBharadwaj,SwetabhKumar
AurghoBhattacharjee,SwetabhKumar
VinayakVR,SwetabhKumar
NikhilJones,SwetabhKumar
SwethaNimmagadda,SwetabhKumar
AbhilashMirji,SwetabhKumar
UtkarshDubey,SwetabhKumar
VarunAggarwal,SwetabhKumar
dhruvgupta11,SwetabhKumar
RaunakSinghal,SwetabhKumar
HarshaDutta,SwetabhKumar
SuryaKlsv,SwetabhKumar
RamAravind1,SwetabhKumar
SarthakGhosh,SwetabhKumar
PriyaChowdhary,SwetabhKumar
RahulDubey22,SwetabhKumar
SiddarthYerram,SwetabhKumar
SiddharthDash1,SwetabhKumar
PratikJayaswal,SwetabhKumar
BiswaPrasannaMishra,SwetabhKumar
GunjeshSingh,SwetabhKumar
krishnakarthick,SwetabhKumar
ManojMadabhushi,SwetabhKumar
NavyaSahithi,SwetabhKumar
VisishtaKarasani,SwetabhKumar
rajatsaxena,SwetabhKumar
SandeepGoli,SwetabhKumar
KaranGarg,SwetabhKumar
ChiragGarg3,SwetabhKumar
KaranGarg,SwetabhKumar
RaghavenderSahdev,SwetabhKumar
JeevanRomee,SwetabhKumar
ShankarVenkatraman,SwetabhKumar
ArvindSunder,SwetabhKumar
JatinJani,SwetabhKumar
SaumyaVerma4,SwetabhKumar
DwipayanKar,SwetabhKumar
LeelakrishnaNukala,SwetabhKumar
SriHarsha,SwetabhKumar
VenkateshHarisyam,SwetabhKumar
SakshamPhul,SwetabhKumar
PraneethMaganti,SwetabhKumar
RameshAdithya,SwetabhKumar
DrNatarajanBR,SudheerVazrapu
EswaraSai,SudheerVazrapu
ChinmayaPatnayak,SudheerVazrapu
ShravyaLahari,SudheerVazrapu
AnoopKarnik,SudheerVazrapu
SwetabhKumar,SudheerVazrapu
ThiruvikramanKandhadai,SudheerVazrapu
RaiHimanshu,SudheerVazrapu
ShantanuKallakuri,SudheerVazrapu
PrasanthAkki,SudheerVazrapu
SaideepKaripalli,SudheerVazrapu
drreddy,SudheerVazrapu
RavikiranMaddali,SudheerVazrapu
SrikantBharadwaj,SudheerVazrapu
NarenKrishnaMadhurakavi,SudheerVazrapu
LohiUppalapati,SudheerVazrapu
PraneethSmk,SudheerVazrapu
SaiPadmanabhuni,SudheerVazrapu
SrinivasNuti,SudheerVazrapu
UtkarshDubey,SudheerVazrapu
vjammula,SudheerVazrapu
SundarKumarJvs,SudheerVazrapu
SuryaKlsv,SudheerVazrapu
SarthakGhosh,SudheerVazrapu
PriyaChowdhary,SudheerVazrapu
SiddarthYerram,SudheerVazrapu
SiddharthDash1,SudheerVazrapu
PraveenKavuri,SudheerVazrapu
GunjeshSingh,SudheerVazrapu
PranavRamarao,SudheerVazrapu
SwamyIdln,SudheerVazrapu
HemantArora2,SudheerVazrapu
ManojMadabhushi,SudheerVazrapu
VinodhReddyChennu,SudheerVazrapu
Kalyankarthik,SudheerVazrapu
KPavanKumar,SudheerVazrapu
NavyaSahithi,SudheerVazrapu
VamsiKrishna,SudheerVazrapu
PrudhviReddy3,SudheerVazrapu
ManojBobba,SudheerVazrapu
AnanthNagVarre,SudheerVazrapu
ViswaVardhanPamarthi,SudheerVazrapu
SandeepGoli,SudheerVazrapu
SheetalReddy,SudheerVazrapu
ChiragGarg3,SudheerVazrapu
RaghavenderSahdev,SudheerVazrapu
SalabhGoyal,SudheerVazrapu
JeevanRomee,SudheerVazrapu
ShankarVenkatraman,SudheerVazrapu
HariKrishnaUpadhyayula,SudheerVazrapu
SnehansuPradhan,SudheerVazrapu
VikramsimhareddyKallam,SudheerVazrapu
SakshamPhul,SudheerVazrapu
VenkateshHarisyam,SudheerVazrapu
PraneethMaganti,SudheerVazrapu
SriHarsha,SudheerVazrapu
SowmyaChittireddy,SudheerVazrapu
sharathchandra,SudheerVazrapu
RakeshSaripalli,SudheerVazrapu
SaiRaghuVamsi,SudheerVazrapu
EswaraSai,SrikantBharadwaj
SaumyaJain,SrikantBharadwaj
SrikanthSuresh,SrikantBharadwaj
HarshaAechuri,SrikantBharadwaj
SwetabhKumar,SrikantBharadwaj
ananthkotti,SrikantBharadwaj
AntarikshaYelkawar,SrikantBharadwaj
SudheerVazrapu,SrikantBharadwaj
RAHULBASU,SrikantBharadwaj
ShantanuKallakuri,SrikantBharadwaj
PrasanthAkki,SrikantBharadwaj
GaneshAshwin,SrikantBharadwaj
VaibhavKumar44,SrikantBharadwaj
SanchitMishra,SrikantBharadwaj
NareshShah,SrikantBharadwaj
UtkarshDubey,SrikantBharadwaj
saileshkondraganti,SrikantBharadwaj
MitaliVavre,SrikantBharadwaj
HarshaDutta,SrikantBharadwaj
SuryaKlsv,SrikantBharadwaj
SarthakGhosh,SrikantBharadwaj
SKousalRaj,SrikantBharadwaj
RahulDubey22,SrikantBharadwaj
SiddharthDash1,SrikantBharadwaj
AbhileshDhawanjewar,SrikantBharadwaj
GokulNathSridhar,SrikantBharadwaj
NamanBafna,SrikantBharadwaj
VeenaLahari,SrikantBharadwaj
AmitvikramDutta,SrikantBharadwaj
IJESAJournal,SrikantBharadwaj
SwamyIdln,SrikantBharadwaj
VinodhReddyChennu,SrikantBharadwaj
ManojMadabhushi,SrikantBharadwaj
PrudhviReddy3,SrikantBharadwaj
VisishtaKarasani,SrikantBharadwaj
AkshayBhat,SrikantBharadwaj
KaranGarg,SrikantBharadwaj
JeevanRomee,SrikantBharadwaj
PraveenVelicheti,SrikantBharadwaj
HariKrishnaUpadhyayula,SrikantBharadwaj
VenkateshMundada,SrikantBharadwaj
SnehansuPradhan,SrikantBharadwaj
VikramsimhareddyKallam,SrikantBharadwaj
VenkateshHarisyam,SrikantBharadwaj
SriHarsha,SrikantBharadwaj
SowmyaChittireddy,SrikantBharadwaj
sharathchandra,SrikantBharadwaj
RakeshSaripalli,SrikantBharadwaj
SaiRaghuVamsi,SrikantBharadwaj
SharathJ,SrikantBharadwaj
SiddharthMishra,SrikantBharadwaj
NarayananAnanth,SrikantBharadwaj
WaliaShubham,SrikantBharadwaj
AshwiniMore,SrikantBharadwaj
DheerajKumar,SrikantBharadwaj
SashankKurella,SrikantBharadwaj
ycelsahilliolu,SrikantBharadwaj
VamsiMohan3,SrikantBharadwaj
likithnadella,SrikantBharadwaj
ShivaReisende,SrikantBharadwaj
VIPULSINGH,DivyaPravallika
EswaraSai,DivyaPravallika
SaumyaJain,DivyaPravallika
BhanuSrivatsav,DivyaPravallika
ananthkotti,DivyaPravallika
KalyanPingali,DivyaPravallika
AntarikshaYelkawar,DivyaPravallika
MitulGirotra,DivyaPravallika
MadhuriBhavana,DivyaPravallika
SuryaPabbisetty,DivyaPravallika
DeepthiMeduri,DivyaPravallika
AmrithaJayadev,DivyaPravallika
SaiPadmanabhuni,DivyaPravallika
SatyaJulakanti,DivyaPravallika
SanchitMishra,DivyaPravallika
ShriyaPallerla,DivyaPravallika
VikasKotha,DivyaPravallika
LAdithya,DivyaPravallika
SuryaKlsv,DivyaPravallika
SuhrudhReddy,DivyaPravallika
PriyaChowdhary,DivyaPravallika
VishwangBhaskar,DivyaPravallika
VivekhPrabakaran,DivyaPravallika
SiddarthYerram,DivyaPravallika
ChandraSandeep1,DivyaPravallika
SidharthSai,DivyaPravallika
NelakuduruVineeth,DivyaPravallika
PrashantLalwani,DivyaPravallika
SaitejaPasula,DivyaPravallika
AshrisChoudhury,DivyaPravallika
AdityaKumar,DivyaPravallika
AnilTalari,DivyaPravallika
SomyaAgarwal,DivyaPravallika
VisishtaKarasani,DivyaPravallika
SandeepGoli,DivyaPravallika
ArchitaSharma,DivyaPravallika
ReddyAvinash,DivyaPravallika
ChiragGarg3,DivyaPravallika
PraveenVelicheti,DivyaPravallika
VenkateshMundada,DivyaPravallika
VishwanthkumarVankadari,DivyaPravallika
DivyaAnnavajjula,DivyaPravallika
MuditJain,DivyaPravallika
SakshamPhul,DivyaPravallika
KavyaSuma,DivyaPravallika
KeerthanaJetty,DivyaPravallika
RameshAdithya,DivyaPravallika
HariPriyaRachakonda,DivyaPravallika
ShivamMittal4,DivyaPravallika
BibhaNayak,DivyaPravallika
KaurManjyot,DivyaPravallika
NarayananAnanth,DivyaPravallika
DheerajKumar,DivyaPravallika
SrinijaVobugari,DivyaPravallika
PratyushSharan,DivyaPravallika
SreejaReddy1,DivyaPravallika
ShubiAgarwal,DivyaPravallika
PrachiChandak,DivyaPravallika
SnehaChemarla,DivyaPravallika
MadhureetaDasGupta,DivyaPravallika
EswaraSai,SuryaKlsv
AmritPal,SuryaKlsv
VasanArunachalam,SuryaKlsv
AnoopKarnik,SuryaKlsv
SwetabhKumar,SuryaKlsv
MukherjeeAbhinav,SuryaKlsv
SudheerVazrapu,SuryaKlsv
AntarikshaYelkawar,SuryaKlsv
ShantanuKallakuri,SuryaKlsv
GaneshAshwin,SuryaKlsv
SrikantBharadwaj,SuryaKlsv
NikhilJones,SuryaKlsv
SwethaNimmagadda,SuryaKlsv
SaiPadmanabhuni,SuryaKlsv
DivyaPravallika,SuryaKlsv
SanchitMishra,SuryaKlsv
SriPrakyathIyyapu,SuryaKlsv
NareshShah,SuryaKlsv
ShubhamJain85,SuryaKlsv
VeenaLahari,SuryaKlsv
GokulNathSridhar,SuryaKlsv
BiswaPrasannaMishra,SuryaKlsv
krishnakarthick,SuryaKlsv
SwamyIdln,SuryaKlsv
HemantArora2,SuryaKlsv
NavyaSahithi,SuryaKlsv
SuryaPrathap,SuryaKlsv
viveknimbarmunde,SuryaKlsv
HariKrishnaUpadhyayula,SuryaKlsv
VikramsimhareddyKallam,SuryaKlsv
akashraj,SuryaKlsv
RavitejaTelugunta,SuryaKlsv
JaidiJeevan,SuryaKlsv
sharathchandra,SuryaKlsv
SaiRaghuVamsi,SuryaKlsv
TejeshwarSingh,SuryaKlsv
NarayananAnanth,SuryaKlsv
DheerajKumar,SuryaKlsv
SashankKurella,SuryaKlsv
SiddardhGouri,SuryaKlsv
PushkarPrasun,SuryaKlsv
ChandraVikas,SuryaKlsv
KodakandlaAvinash,SuryaKlsv
KatragaddaAvinash,SuryaKlsv
VenkataSriramaKrishnaTejaKonduri,SuryaKlsv
AkshayAnanthakrishnan,SuryaKlsv
DineshKumarDasari,SuryaKlsv
AkhileshSharma1,SuryaKlsv
SampathVelaga,SuryaKlsv
SoumyaGanguly,SuryaKlsv
SudharsanVeeravalli,SuryaKlsv
SumirKapur,SuryaKlsv
SriramKrishnaswamy,SuryaKlsv
RishiPatel,SuryaKlsv
KsAditya,SuryaKlsv
LakshmiNarayanaG,SuryaKlsv
RavitejaBhagi,SuryaKlsv
VinayKumar103,SuryaKlsv
AshiffShaik,SuryaKlsv
BabithaMachireddy,SuryaKlsv
PrayagBiswal,RatanRahul
MruthyunjayaRaoPadamata,RatanRahul
AchillesSaxby,RatanRahul
SabareeshNikhilC,RatanRahul
PPachori,RatanRahul
UmeshU,RatanRahul
NaturalLanguageProcessing,RatanRahul
SumitMohanty,RatanRahul
KiranReddy31,RatanRahul
NIPUNKHEMKA,RatanRahul
DebasishKanhar,RatanRahul
vikashagarwal,RatanRahul
ManisitDas,RatanRahul
PankajMandal,RatanRahul
BhargavaExcalibur,RatanRahul
ChathraneeJayathilake,RatanRahul
ChilukapavanKumar,RatanRahul
PratikSahoo,RatanRahul
AmulyaPalle,RatanRahul
KaushikMahato,RatanRahul
ArunTankha,RatanRahul
SaurabhAgarwal,RatanRahul
SreeSudha1,RatanRahul
MeghanaReddy,RatanRahul
CGarg,RatanRahul
ShishirKumar1,RatanRahul
RavikiranMaddali,RatanRahul
NadeemAnjum1,RatanRahul
kishorekommi,RatanRahul
srivatsakandukuri,RatanRahul
srivatsakandukuri,RatanRahul
KSaiRam,RatanRahul
NehalSiroya,RatanRahul
AnkitSethi,RatanRahul
ArpitaReddy,RatanRahul
NiteshNaik,RatanRahul
MilindTahalani,RatanRahul
RohitShah2,RatanRahul
vjammula,RatanRahul
LaurodePaula,RatanRahul
HarmanGill4,RatanRahul
VipulJain,RatanRahul
VamseeSundar,RatanRahul
ShankarBhukya,RatanRahul
Jesshu22,RatanRahul
rajaajay37,RatanRahul
SaiRam,RatanRahul
PujariRajkumar,RatanRahul
ShoaibShariff,RatanRahul
SaiKotha,RatanRahul
SiddharthaSatpathi,RatanRahul
SaiKrishnaKanthHari,RatanRahul
SatyaSamyukta,RatanRahul
SomMadhabBhattacharya,RatanRahul
Kumar,RatanRahul
VarunAggarwal,RatanRahul
AnshumanPandey,RatanRahul
ManojTutika,RatanRahul
IJSPTMJournal,RatanRahul
RitwikYadav,RatanRahul
DrNatarajanBR,krishnakarthick
AmarjotSingh,krishnakarthick
CaijJournal,krishnakarthick
ALIFARMANI,krishnakarthick
VasanArunachalam,krishnakarthick
SwetabhKumar,krishnakarthick
ArunothiaMarappan,krishnakarthick
ThiruvikramanKandhadai,krishnakarthick
HiijJournal,krishnakarthick
ShantanuKallakuri,krishnakarthick
PrasanthAkki,krishnakarthick
DeepakSrinivasan,krishnakarthick
SaiPadmanabhuni,krishnakarthick
ApramitPradhan,krishnakarthick
saileshkondraganti,krishnakarthick
SuryaKlsv,krishnakarthick
NydhruvKashyap,krishnakarthick
ShubhamJain85,krishnakarthick
VeenaLahari,krishnakarthick
ManojMadabhushi,krishnakarthick
nabeelahmed,krishnakarthick
NavyaSahithi,krishnakarthick
ArjunArul,krishnakarthick
NitinMythreya,krishnakarthick
ChiragGarg3,krishnakarthick
RathishArumugam,krishnakarthick
viveknimbarmunde,krishnakarthick
SethuKalidhasan,krishnakarthick
SashankaPaladugu,krishnakarthick
AnvithaAdhikarla,krishnakarthick
VenkateshHarisyam,krishnakarthick
JaidiJeevan,krishnakarthick
SaiRaghuVamsi,krishnakarthick
SiddardhGouri,krishnakarthick
ShivaReisende,krishnakarthick
VenkataSriramaKrishnaTejaKonduri,krishnakarthick
AkshayAnanthakrishnan,krishnakarthick
JournalIJEL,krishnakarthick
IJMEjournal,krishnakarthick
YammaniVenkatSubbaRao,krishnakarthick
DineshKumarDasari,krishnakarthick
SandhyaVenugopalan,krishnakarthick
SudharsanVeeravalli,krishnakarthick
RahulThakur28,krishnakarthick
SampathVelaga,krishnakarthick
KrunalPatel,krishnakarthick
VigneshKrishnakumar,krishnakarthick
KsAditya,krishnakarthick
RishiPatel,krishnakarthick
SriramKrishnaswamy,krishnakarthick
AnirudhRamesh,krishnakarthick
GokulRaghuraman,krishnakarthick
AbhinavChoudhury,krishnakarthick
,krishnakarthick
AbhijeetPendyala,krishnakarthick
VimarshSrivastava,krishnakarthick
GOPALVERMA,krishnakarthick
VarunSoni,krishnakarthick
MAyurShanbhag,krishnakarthick
ManikantasaiParimi,krishnakarthick
PrayagBiswal,SaiKrishnaKanthHari
MruthyunjayaRaoPadamata,SaiKrishnaKanthHari
AyushUpadhyay,SaiKrishnaKanthHari
SabareeshNikhilC,SaiKrishnaKanthHari
AurkoChatterjee,SaiKrishnaKanthHari
SahilJalan,SaiKrishnaKanthHari
NilanjanaBhattacharya,SaiKrishnaKanthHari
PKaushal,SaiKrishnaKanthHari
NeeleshShekhar,SaiKrishnaKanthHari
AashayArora,SaiKrishnaKanthHari
RounakGulati,SaiKrishnaKanthHari
VisheshSaxena,SaiKrishnaKanthHari
ManishKumar390,SaiKrishnaKanthHari
BhargavaExcalibur,SaiKrishnaKanthHari
ChilukapavanKumar,SaiKrishnaKanthHari
PratikSahoo,SaiKrishnaKanthHari
ArunTankha,SaiKrishnaKanthHari
SaurabhAgarwal,SaiKrishnaKanthHari
AkshayChalikwar,SaiKrishnaKanthHari
MeghanaReddy,SaiKrishnaKanthHari
venugopalnaik,SaiKrishnaKanthHari
drreddy,SaiKrishnaKanthHari
NadeemAnjum1,SaiKrishnaKanthHari
SaiKrishna,SaiKrishnaKanthHari
AJain,SaiKrishnaKanthHari
AbhishekChourasiya,SaiKrishnaKanthHari
srivatsakandukuri,SaiKrishnaKanthHari
JayakrishnaAlwar,SaiKrishnaKanthHari
VivekKumar30,SaiKrishnaKanthHari
AnkitKumarNandanwar,SaiKrishnaKanthHari
KSaiRam,SaiKrishnaKanthHari
SrinivasNuti,SaiKrishnaKanthHari
VamseeSundar,SaiKrishnaKanthHari
VipulJain,SaiKrishnaKanthHari
RatanRahul,SaiKrishnaKanthHari
ShankarBhukya,SaiKrishnaKanthHari
SrikarSettur,SaiKrishnaKanthHari
Jesshu22,SaiKrishnaKanthHari
KeshavRatan,SaiKrishnaKanthHari
SushilPatro,SaiKrishnaKanthHari
SomasishGhosh,SaiKrishnaKanthHari
VirinchiChilukuri,SaiKrishnaKanthHari
ShashankStifler,SaiKrishnaKanthHari
CivejJournal,SaiKrishnaKanthHari
ShashiPrakash,SaiKrishnaKanthHari
RitwikYadav,SaiKrishnaKanthHari
abhilashvalle,SaiKrishnaKanthHari
KatyBlackwoodMears,SaiKrishnaKanthHari
EliasShaik,SaiKrishnaKanthHari
NallanthighalVenkataSrikanth,SaiKrishnaKanthHari
DeepakKhaneja,SaiKrishnaKanthHari
VenkataSriramaKrishnaTejaKonduri,SaiKrishnaKanthHari
SriharshaGajarla,SaiKrishnaKanthHari
VihariPiratla,SaiKrishnaKanthHari
SarojMeena,SaiKrishnaKanthHari
ArunKumar161,SaiKrishnaKanthHari
SivaCharan,SaiKrishnaKanthHari
PrasanthGeddam,SaiKrishnaKanthHari
VadhriBharadwaj,SaiKrishnaKanthHari
AnkitAgrawal5,SaiKrishnaKanthHari
EswaraSai,SwamyIdln
ShravyaLahari,SwamyIdln
VasanArunachalam,SwamyIdln
AnoopKarnik,SwamyIdln
ananthkotti,SwamyIdln
KalyanPingali,SwamyIdln
SudheerVazrapu,SwamyIdln
AntarikshaYelkawar,SwamyIdln
SrikantBharadwaj,SwamyIdln
NikhilJones,SwamyIdln
SwethaNimmagadda,SwamyIdln
SaiPadmanabhuni,SwamyIdln
SriPrakyathIyyapu,SwamyIdln
NareshShah,SwamyIdln
saileshkondraganti,SwamyIdln
SuryaKlsv,SwamyIdln
ShubhamJain85,SwamyIdln
varunkumarreddygoli,SwamyIdln
VeenaLahari,SwamyIdln
GokulNathSridhar,SwamyIdln
nabeelahmed,SwamyIdln
NavyaSahithi,SwamyIdln
balakoteshwar,SwamyIdln
RathishArumugam,SwamyIdln
JeevanRomee,SwamyIdln
viveknimbarmunde,SwamyIdln
HariKrishnaUpadhyayula,SwamyIdln
SashankaPaladugu,SwamyIdln
AnvithaAdhikarla,SwamyIdln
SriHarsha,SwamyIdln
NitishSatyavolu,SwamyIdln
VenkateshHarisyam,SwamyIdln
SarideAnvesh,SwamyIdln
CsijJournal,SwamyIdln
TejeshwarSingh,SwamyIdln
SashankKurella,SwamyIdln
SiddardhGouri,SwamyIdln
ycelsahilliolu,SwamyIdln
ChandraVikas,SwamyIdln
JojuZajo,SwamyIdln
KodakandlaAvinash,SwamyIdln
PeeyushPashine,SwamyIdln
KoushikSai,SwamyIdln
KatragaddaAvinash,SwamyIdln
VenkataSriramaKrishnaTejaKonduri,SwamyIdln
AkshayAnanthakrishnan,SwamyIdln
VenkataSriramaKrishnaTejaKonduri,SwamyIdln
IJMEjournal,SwamyIdln
DineshKumarDasari,SwamyIdln
AkhileshSharma1,SwamyIdln
RahulThakur28,SwamyIdln
SampathVelaga,SwamyIdln
SudharsanVeeravalli,SwamyIdln
AditiShrivastava,SwamyIdln
RishiPatel,SwamyIdln
SriramKrishnaswamy,SwamyIdln
RavitejaBhagi,SwamyIdln
ashishshukla,SwamyIdln
GokulRaghuraman,SwamyIdln
AbhinavChoudhury,SwamyIdln
GarvMalik,Kalyankarthik
EswaraSai,Kalyankarthik
ChinmayaPatnayak,Kalyankarthik
ChanduParimi,Kalyankarthik
VasanArunachalam,Kalyankarthik
AnoopKarnik,Kalyankarthik
SatyendraTripathi,Kalyankarthik
SudheerVazrapu,Kalyankarthik
SaiKrishna,Kalyankarthik
VinayakVR,Kalyankarthik
LAdithya,Kalyankarthik
RathnadeepKanaparthi,Kalyankarthik
PankajMunjal,Kalyankarthik
PrasanthAbraham,Kalyankarthik
JoseOrtega9,Kalyankarthik
MurariVarma,Kalyankarthik
PrudhviReddy3,Kalyankarthik
ReddyAvinash,Kalyankarthik
SalabhGoyal,Kalyankarthik
SuryaPrathap,Kalyankarthik
KarthikReddy,Kalyankarthik
RohitRao,Kalyankarthik
VenkateshHarisyam,Kalyankarthik
SriHarsha,Kalyankarthik
PraneethMaganti,Kalyankarthik
SowmyaChittireddy,Kalyankarthik
sharathchandra,Kalyankarthik
SaiRaghuVamsi,Kalyankarthik
PritishDebnath,Kalyankarthik
SashankKurella,Kalyankarthik
SantoshRupesh,Kalyankarthik
AkhileshSharma1,Kalyankarthik
RRao,Kalyankarthik
SumirKapur,Kalyankarthik
KsAditya,Kalyankarthik
BabithaMachireddy,Kalyankarthik
SankalpGupta1,Kalyankarthik
AbhiCherukuri,Kalyankarthik
GayatriDhara,Kalyankarthik
AnupPampari,Kalyankarthik
ArunPrabhath,Kalyankarthik
SaumitraTiwari,Kalyankarthik
PasumarthiSandeep,Kalyankarthik
PavanKumarThota,Kalyankarthik
AhmedAbumarasa,Kalyankarthik
SiddarthChinda,Kalyankarthik
SridharAnupKumar,Kalyankarthik
karunbhogadula,Kalyankarthik
ShruthinP,Kalyankarthik
YoganandaKishore,Kalyankarthik
DineshVemula,Kalyankarthik
SindhuraNadella,Kalyankarthik
NikhilAyyagari,Kalyankarthik
AdityaSubramanyam,Kalyankarthik
NavajyothKumar,Kalyankarthik
JagadeeshAnmala,Kalyankarthik
SameerParuchuri,Kalyankarthik
PradeepR,Kalyankarthik
GitaKajjam,Kalyankarthik
AdithyaShourie,Kalyankarthik
SabareeshNikhilC,JeevanRomee
GarvMalik,JeevanRomee
ChinmayaPatnayak,JeevanRomee
VasanArunachalam,JeevanRomee
AnoopKarnik,JeevanRomee
SwetabhKumar,JeevanRomee
SudheerVazrapu,JeevanRomee
ThiruvikramanKandhadai,JeevanRomee
ShantanuKallakuri,JeevanRomee
PrasanthAkki,JeevanRomee
SrikantBharadwaj,JeevanRomee
NikhilJones,JeevanRomee
SwethaNimmagadda,JeevanRomee
NitinSamuel,JeevanRomee
SaiPadmanabhuni,JeevanRomee
RohanSharma,JeevanRomee
SarthakGhosh,JeevanRomee
SiddarthYerram,JeevanRomee
NelakuduruVineeth,JeevanRomee
VeenaLahari,JeevanRomee
SwamyIdln,JeevanRomee
NavyaSahithi,JeevanRomee
SandeepGoli,JeevanRomee
ShankarVenkatraman,JeevanRomee
HariKrishnaUpadhyayula,JeevanRomee
SnehansuPradhan,JeevanRomee
VikramsimhareddyKallam,JeevanRomee
VenkateshHarisyam,JeevanRomee
SriHarsha,JeevanRomee
PraneethMaganti,JeevanRomee
sharathchandra,JeevanRomee
SaiRaghuVamsi,JeevanRomee
TejeshwarSingh,JeevanRomee
DheerajKumar,JeevanRomee
SashankKurella,JeevanRomee
ShivaReisende,JeevanRomee
VarunChappidi,JeevanRomee
AmanGupta,JeevanRomee
VenkataSriramaKrishnaTejaKonduri,JeevanRomee
AchyuthNaidu,JeevanRomee
SampathVelaga,JeevanRomee
GowthamReddy,JeevanRomee
SriramKrishnaswamy,JeevanRomee
MayankGarg5,JeevanRomee
TusharTurumella,JeevanRomee
VijayNarayan,JeevanRomee
AnupPampari,JeevanRomee
PavanKumarThota,JeevanRomee
AdityaSingh97,JeevanRomee
SnehaSingh10,JeevanRomee
KhareSudeep,JeevanRomee
PaladhiKumar,JeevanRomee
SridharAnupKumar,JeevanRomee
YoganandaKishore,JeevanRomee
karunbhogadula,JeevanRomee
DineshVemula,JeevanRomee
ManasaReddy,JeevanRomee
AdityaUs,JeevanRomee
JVamaraju,JeevanRomee
SaiSriharsha,JeevanRomee
AmritaKini,VishnuBalu
RtrSARAVANANK,VishnuBalu
SayandeepMajumder,VishnuBalu
VinodReddy5,VishnuBalu
ChitradeepDuttaRoy,VishnuBalu
SaravanaPrabhu1,VishnuBalu
AbhishekSarkar,VishnuBalu
VenkatramRamanathan,VishnuBalu
PrateekChoudhary,VishnuBalu
SaiPujitha,VishnuBalu
RamanathanSeshan,VishnuBalu
PAULPRAVEEN,VishnuBalu
MihirSangodkar,VishnuBalu
ArviAravinth,VishnuBalu
SachinVasant,VishnuBalu
KarthikaAs,VishnuBalu
VaishnaviVenkatesh,VishnuBalu
RamPraSad3,VishnuBalu
SudhaPrabhu,VishnuBalu
NivedithaNarasimhan,VishnuBalu
AravindSamraj,VishnuBalu
YoganandaKishore,VishnuBalu
JananiVenkataraman,VishnuBalu
YuvaAadhiVenkateswaran,VishnuBalu
VeenaMammen,VishnuBalu
KiranGowtham,VishnuBalu
SharmilaVenugopal,VishnuBalu
MeyyappanVeerappan,VishnuBalu
RevathyShanmugam,VishnuBalu
SasiTharan,VishnuBalu
PalanisamyPrabu,VishnuBalu
CatherineSharon,VishnuBalu
DhineshKumar,VishnuBalu
ShamshuDharwez,VishnuBalu
SwethsRaghavan,VishnuBalu
PranayChangoiwala,VishnuBalu
DineshSekar,VishnuBalu
PriyankaChandrashekar,VishnuBalu
MiteshGovani,VishnuBalu
KanagaRagav,VishnuBalu
AbinayaSwamy,VishnuBalu
SandeepShankar,VishnuBalu
KavinBrito,VishnuBalu
DineshThangavel,VishnuBalu
AbdulBasithFarook,VishnuBalu
VidyaSagar,VishnuBalu
JeganathanPalanisamy,VishnuBalu
ArunRamachandran,VishnuBalu
AlgatesSubramaniam,VishnuBalu
EzhilKumar,VishnuBalu
KarthikRSK,VishnuBalu
RamasamySankaranSankarasubramanian,VishnuBalu
RamJ,VishnuBalu
SomeshGite,VishnuBalu
NeelChoudhury,VishnuBalu
ArchanaBalachandran,VishnuBalu
SahayaJemiHerlin,VishnuBalu
GracilBenedict,VishnuBalu
SukanyaSuresh,VishnuBalu
BarathanDevaraj,VishnuBalu
EswaraSai,VikramsimhareddyKallam
SaumyaJain,VikramsimhareddyKallam
VasanArunachalam,VikramsimhareddyKallam
AnoopKarnik,VikramsimhareddyKallam
SudheerVazrapu,VikramsimhareddyKallam
ShantanuKallakuri,VikramsimhareddyKallam
SrikantBharadwaj,VikramsimhareddyKallam
NikhilJones,VikramsimhareddyKallam
SwethaNimmagadda,VikramsimhareddyKallam
SatyaJulakanti,VikramsimhareddyKallam
SuryaKlsv,VikramsimhareddyKallam
VeenaLahari,VikramsimhareddyKallam
JeevanRomee,VikramsimhareddyKallam
SriHarsha,VikramsimhareddyKallam
VenkateshHarisyam,VikramsimhareddyKallam
JaidiJeevan,VikramsimhareddyKallam
SowmyaChittireddy,VikramsimhareddyKallam
SaiRaghuVamsi,VikramsimhareddyKallam
PhanitejaNallam,VikramsimhareddyKallam
SashankKurella,VikramsimhareddyKallam
RayavarapuRaviTeja,VikramsimhareddyKallam
AmanGupta,VikramsimhareddyKallam
RahulThakur28,VikramsimhareddyKallam
SarojKaashyap,VikramsimhareddyKallam
SoumyaGanguly,VikramsimhareddyKallam
SampathVelaga,VikramsimhareddyKallam
SudharsanVeeravalli,VikramsimhareddyKallam
SowmyaKatragadda,VikramsimhareddyKallam
KsAditya,VikramsimhareddyKallam
SriramKrishnaswamy,VikramsimhareddyKallam
KsAditya,VikramsimhareddyKallam
SankalpGupta1,VikramsimhareddyKallam
VishnuReddy26,VikramsimhareddyKallam
SriHarsha,VikramsimhareddyKallam
VimarshSrivastava,VikramsimhareddyKallam
AshokNaren,VikramsimhareddyKallam
MaheshGadmur,VikramsimhareddyKallam
PasumarthiSandeep,VikramsimhareddyKallam
ManikantasaiParimi,VikramsimhareddyKallam
SnehaSingh10,VikramsimhareddyKallam
SiddarthChinda,VikramsimhareddyKallam
SridharAnupKumar,VikramsimhareddyKallam
ShruthinP,VikramsimhareddyKallam
DineshVemula,VikramsimhareddyKallam
YoganandaKishore,VikramsimhareddyKallam
karunbhogadula,VikramsimhareddyKallam
MdMujahedAli,VikramsimhareddyKallam
ManikantaPrasanth,VikramsimhareddyKallam
SundeepPothula,VikramsimhareddyKallam
AdityaSubramanyam,VikramsimhareddyKallam
AdityaTibrewal,VikramsimhareddyKallam
SaiSriharsha,VikramsimhareddyKallam
HemaSridharReddy,VikramsimhareddyKallam
SandySandesh,VikramsimhareddyKallam
SaiShashidhar,VikramsimhareddyKallam
NagaBharatChitturi,VikramsimhareddyKallam
RameshKodavath,VikramsimhareddyKallam
UdayaKiranKompella,VikramsimhareddyKallam
TejaKrishna,VikramsimhareddyKallam
HarshaVardhanReddyVudumula,VikramsimhareddyKallam
EswaraSai,VenkateshHarisyam
AnoopKarnik,VenkateshHarisyam
SwetabhKumar,VenkateshHarisyam
SudheerVazrapu,VenkateshHarisyam
ShantanuKallakuri,VenkateshHarisyam
SaideepKaripalli,VenkateshHarisyam
SrikantBharadwaj,VenkateshHarisyam
SwethaNimmagadda,VenkateshHarisyam
PraneethSmk,VenkateshHarisyam
SaiPadmanabhuni,VenkateshHarisyam
SrinivasNuti,VenkateshHarisyam
vjammula,VenkateshHarisyam
ShashankBassi,VenkateshHarisyam
PraneshSuram,VenkateshHarisyam
SaiKotha,VenkateshHarisyam
krishnakarthick,VenkateshHarisyam
AdityaKumar,VenkateshHarisyam
SwamyIdln,VenkateshHarisyam
VamsiKrishna,VenkateshHarisyam
Kalyankarthik,VenkateshHarisyam
NavyaSahithi,VenkateshHarisyam
PrudhviReddy3,VenkateshHarisyam
ManojBobba,VenkateshHarisyam
SameerAshraf,VenkateshHarisyam
NitinMythreya,VenkateshHarisyam
JeevanRomee,VenkateshHarisyam
VikramsimhareddyKallam,VenkateshHarisyam
SaiSrivatsavaVemu,VenkateshHarisyam
SowmyaChittireddy,VenkateshHarisyam
sharathchandra,VenkateshHarisyam
SaiRaghuVamsi,VenkateshHarisyam
ManojDasi,VenkateshHarisyam
SaketTiwari,VenkateshHarisyam
SashankKurella,VenkateshHarisyam
SkKhasim,VenkateshHarisyam
VihariPiratla,VenkateshHarisyam
VenkataSriramaKrishnaTejaKonduri,VenkateshHarisyam
AmanGupta,VenkateshHarisyam
GowthamReddy,VenkateshHarisyam
SowmyaKatragadda,VenkateshHarisyam
VishwanathNagallapati,VenkateshHarisyam
SSudhakar,VenkateshHarisyam
KsAditya,VenkateshHarisyam
LakshmiNarayanaG,VenkateshHarisyam
sriswaroopDasari,VenkateshHarisyam
AkhilSoma,VenkateshHarisyam
KarthikPallapothula,VenkateshHarisyam
BadaRohit,VenkateshHarisyam
MadhuSudhanPermi,VenkateshHarisyam
EshwarChandraGupta,VenkateshHarisyam
AshokNaren,VenkateshHarisyam
sahithiseedarala,VenkateshHarisyam
DivvelaSravanthi,VenkateshHarisyam
SiddarthChinda,VenkateshHarisyam
SravanGhanta,VenkateshHarisyam
YoganandaKishore,VenkateshHarisyam
VaishnaviTadakamalla,VenkateshHarisyam
RamyaKolli,VenkateshHarisyam
MdMujahedAli,VenkateshHarisyam
AdityaTibrewal,VenkateshHarisyam
EswaraSai,SowmyaChittireddy
AnoopKarnik,SowmyaChittireddy
SudheerVazrapu,SowmyaChittireddy
PrasanthAkki,SowmyaChittireddy
ManishaReddy4,SowmyaChittireddy
SrikantBharadwaj,SowmyaChittireddy
SwethaNimmagadda,SowmyaChittireddy
SaiPadmanabhuni,SowmyaChittireddy
SundarKumarJvs,SowmyaChittireddy
RathnadeepKanaparthi,SowmyaChittireddy
SaiKotha,SowmyaChittireddy
VasanthSai,SowmyaChittireddy
Kalyankarthik,SowmyaChittireddy
NavyaSahithi,SowmyaChittireddy
VenkataYaji,SowmyaChittireddy
VisishtaKarasani,SowmyaChittireddy
SandeepGoli,SowmyaChittireddy
SheetalReddy,SowmyaChittireddy
ChiragGarg3,SowmyaChittireddy
VikramsimhareddyKallam,SowmyaChittireddy
PraneethMaganti,SowmyaChittireddy
VenkateshHarisyam,SowmyaChittireddy
HarishMudimela,SowmyaChittireddy
sharathchandra,SowmyaChittireddy
SaiRaghuVamsi,SowmyaChittireddy
TejeshwarSingh,SowmyaChittireddy
TarunNukala,SowmyaChittireddy
likithnadella,SowmyaChittireddy
PrudhviMohan,SowmyaChittireddy
VarunChappidi,SowmyaChittireddy
GowthamReddy,SowmyaChittireddy
SowmyaKatragadda,SowmyaChittireddy
VasundharaKoppisetty,SowmyaChittireddy
VishwanathNagallapati,SowmyaChittireddy
PranaySheela,SowmyaChittireddy
HarishVuba,SowmyaChittireddy
OtraSpandana,SowmyaChittireddy
DamacharlaSnehankita,SowmyaChittireddy
GangasaniNiharikaReddy,SowmyaChittireddy
NishanthGaddam,SowmyaChittireddy
GayatriDhara,SowmyaChittireddy
sahithiseedarala,SowmyaChittireddy
NaveenReddyYedla,SowmyaChittireddy
SiddarthChinda,SowmyaChittireddy
MounicaJonnalagadda,SowmyaChittireddy
SpandanaPotineni,SowmyaChittireddy
ShruthinP,SowmyaChittireddy
YoganandaKishore,SowmyaChittireddy
RamyaKolli,SowmyaChittireddy
HariKrishnan,SowmyaChittireddy
ManasaReddy,SowmyaChittireddy
SindhuraNadella,SowmyaChittireddy
ReddyAkhila,SowmyaChittireddy
GayatriVeerapaneni,SowmyaChittireddy
SaiSriharsha,SowmyaChittireddy
BhavanaSrunvanthiKonda,SowmyaChittireddy
SameerParuchuri,SowmyaChittireddy
SnMounika,SowmyaChittireddy
AnushaKankanala,SowmyaChittireddy
NimilaJilla,SowmyaChittireddy
EswaraSai,sharathchandra
ChanduParimi,sharathchandra
VasanArunachalam,sharathchandra
AnoopKarnik,sharathchandra
eterbira,sharathchandra
SudheerVazrapu,sharathchandra
ShantanuKallakuri,sharathchandra
SrikantBharadwaj,sharathchandra
NikhilJones,sharathchandra
GokulNayar,sharathchandra
SuryaKlsv,sharathchandra
Kalyankarthik,sharathchandra
AkhilCh,sharathchandra
JeevanRomee,sharathchandra
ItzNareshVenkat,sharathchandra
DivyaAnnavajjula,sharathchandra
SriHarsha,sharathchandra
VenkateshHarisyam,sharathchandra
JaidiJeevan,sharathchandra
SowmyaChittireddy,sharathchandra
SashankKurella,sharathchandra
ShivaReisende,sharathchandra
VenkataSriramaKrishnaTejaKonduri,sharathchandra
AkhileshSharma1,sharathchandra
KsAditya,sharathchandra
VinayKumar103,sharathchandra
AbhineetAgarwal,sharathchandra
SagarSinghvi,sharathchandra
RusheelClk,sharathchandra
BharathBhushan,sharathchandra
SankalpGupta1,sharathchandra
AvinashGandi,sharathchandra
RohitYerneni,sharathchandra
SaketGuddeti,sharathchandra
AnupPampari,sharathchandra
PasumarthiSandeep,sharathchandra
PavanKumarThota,sharathchandra
DhruvKaluvala,sharathchandra
SiddarthChinda,sharathchandra
SridharAnupKumar,sharathchandra
YoganandaKishore,sharathchandra
MdMujahedAli,sharathchandra
NikhilAyyagari,sharathchandra
UmaUma9,sharathchandra
JagadeeshAnmala,sharathchandra
ChPawan,sharathchandra
UdayaKiranKompella,sharathchandra
UmeshReddyMuli,sharathchandra
TejasRavi,sharathchandra
reshminambiar,sharathchandra
ChakradharRavuri,sharathchandra
PrathyushaChowdary,sharathchandra
SivakumarMvn,sharathchandra
VickyKoppineedi,sharathchandra
VigneshHariharan1,sharathchandra
FarhanRasheed,sharathchandra
ChakradharGavireddy,sharathchandra
NarasimhaSaiSangapu,sharathchandra
AshishBodhankar,sharathchandra
TarunYadama,sharathchandra
ChinmayaPatnayak,SaiRaghuVamsi
SudheerVazrapu,SaiRaghuVamsi
ThiruvikramanKandhadai,SaiRaghuVamsi
PrasanthAkki,SaiRaghuVamsi
NarenKrishnaMadhurakavi,SaiRaghuVamsi
SrikantBharadwaj,SaiRaghuVamsi
ArpitaReddy,SaiRaghuVamsi
VikasKotha,SaiRaghuVamsi
SuryaKlsv,SaiRaghuVamsi
SiddarthYerram,SaiRaghuVamsi
GunthakantiShivaReddy,SaiRaghuVamsi
krishnakarthick,SaiRaghuVamsi
Kalyankarthik,SaiRaghuVamsi
ReddyAvinash,SaiRaghuVamsi
JeevanRomee,SaiRaghuVamsi
VikramsimhareddyKallam,SaiRaghuVamsi
SriHarsha,SaiRaghuVamsi
VenkateshHarisyam,SaiRaghuVamsi
SowmyaChittireddy,SaiRaghuVamsi
RakeshSaripalli,SaiRaghuVamsi
DineshKumar170,SaiRaghuVamsi
SashankKurella,SaiRaghuVamsi
ShivaReisende,SaiRaghuVamsi
VenkataSriramaKrishnaTejaKonduri,SaiRaghuVamsi
VarunChappidi,SaiRaghuVamsi
SoumyaGanguly,SaiRaghuVamsi
GowthamReddy,SaiRaghuVamsi
KsAditya,SaiRaghuVamsi
GouthamMakkena,SaiRaghuVamsi
AashishVyas,SaiRaghuVamsi
krishnaanishadusumilli,SaiRaghuVamsi
AdwaithGoud,SaiRaghuVamsi
VamsiNarne,SaiRaghuVamsi
VimarshSrivastava,SaiRaghuVamsi
AnupPampari,SaiRaghuVamsi
ShrutiChowdhary,SaiRaghuVamsi
TejaDevanaboyina,SaiRaghuVamsi
SMalayanur,SaiRaghuVamsi
VachaspathiVennam,SaiRaghuVamsi
ManikantasaiParimi,SaiRaghuVamsi
SiddarthChinda,SaiRaghuVamsi
YoganandaKishore,SaiRaghuVamsi
DineshVemula,SaiRaghuVamsi
ShruthinP,SaiRaghuVamsi
HariKrishnan,SaiRaghuVamsi
AbhishekThurumalla,SaiRaghuVamsi
AdityaSubramanyam,SaiRaghuVamsi
NidhiAggarwala,SaiRaghuVamsi
SaiSriharsha,SaiRaghuVamsi
AlankruthaGiridhar,SaiRaghuVamsi
LohitVarma,SaiRaghuVamsi
LohitReddy,SaiRaghuVamsi
HarshithGadiraju,SaiRaghuVamsi
VikramSiddartha,SaiRaghuVamsi
SatyaKarthik,SaiRaghuVamsi
ChethnKrishna,SaiRaghuVamsi
ShyamPv,SaiRaghuVamsi
ChakradharGavireddy,SaiRaghuVamsi
AshishBodhankar,SaiRaghuVamsi
RohitKumar99,SaiRaghuVamsi
ALIFARMANI,SashankKurella
VasanArunachalam,SashankKurella
SudheerVazrapu,SashankKurella
SrikantBharadwaj,SashankKurella
JayakrishnaAlwar,SashankKurella
RajeshKuppili,SashankKurella
PraneethSmk,SashankKurella
SaiPadmanabhuni,SashankKurella
SuryaKlsv,SashankKurella
SwamyIdln,SashankKurella
Kalyankarthik,SashankKurella
ManojTutika,SashankKurella
JeevanRomee,SashankKurella
SandeepKumar24,SashankKurella
VikramsimhareddyKallam,SashankKurella
SriHarsha,SashankKurella
VenkateshHarisyam,SashankKurella
JaidiJeevan,SashankKurella
SudheerSattaru,SashankKurella
NikhilNallella,SashankKurella
sharathchandra,SashankKurella
SaiRaghuVamsi,SashankKurella
sampathvoleti,SashankKurella
VenkataSriramaKrishnaTejaKonduri,SashankKurella
IJMEjournal,SashankKurella
SoumyaGanguly,SashankKurella
KrishnaChaitu,SashankKurella
KsAditya,SashankKurella
PhaneendraVarma,SashankKurella
ashrafmohammad,SashankKurella
GayatriDhara,SashankKurella
NavyaTejM,SashankKurella
ManikantasaiParimi,SashankKurella
PrashanthMateti,SashankKurella
KMuraliKrishna,SashankKurella
MuttareddyDurgaPrasad,SashankKurella
SiddarthChinda,SashankKurella
SridharAnupKumar,SashankKurella
DineshVemula,SashankKurella
karunbhogadula,SashankKurella
YoganandaKishore,SashankKurella
AdityaTibrewal,SashankKurella
PradeepDasigi,SashankKurella
GowriSankarSativada,SashankKurella
AnargaSanjeev,SashankKurella
SunilKumarPotnuru,SashankKurella
SoumyaDash,SashankKurella
ThejaAnurag,SashankKurella
PraneethReddy25,SashankKurella
BrsSwetha,SashankKurella
jedtjournal,SashankKurella
AshishGuptaSilla,SashankKurella
PujithaKalidindi,SashankKurella
SriAnanthKurella,SashankKurella
AjithKumar62,SashankKurella
NagChaitu,SashankKurella
SantoshVanga,SashankKurella
RajeshChinthala,SashankKurella
RamSharathSanapala,SashankKurella
AdityaAnnangi,SashankKurella
VIPULSINGH,SriharshaGajarla
SabareeshNikhilC,SriharshaGajarla
NehaInnanje,SriharshaGajarla
SarjanSatra,SriharshaGajarla
ParthasarathiPanda,SriharshaGajarla
RahulShinde1,SriharshaGajarla
ShibaniSanturkar,SriharshaGajarla
SudheerVazrapu,SriharshaGajarla
SampathSatti,SriharshaGajarla
rajeevranka,SriharshaGajarla
SrinivasNuti,SriharshaGajarla
RatanRahul,SriharshaGajarla
SaubhagyaSinghRathore,SriharshaGajarla
manideepattanti,SriharshaGajarla
rajaajay37,SriharshaGajarla
SaiKrishnaKanthHari,SriharshaGajarla
PraveenPendyala,SriharshaGajarla
DineshKuruba,SriharshaGajarla
KrishHirani,SriharshaGajarla
AjinkyaSapkale,SriharshaGajarla
RupeshSiddartha,SriharshaGajarla
PhanikumarChamarthi,SriharshaGajarla
NallanthighalVenkataSrikanth,SriharshaGajarla
DebrajBasu,SriharshaGajarla
PrudhviMohan,SriharshaGajarla
VenkataSriramaKrishnaTejaKonduri,SriharshaGajarla
IJMEjournal,SriharshaGajarla
VadhriBharadwaj,SriharshaGajarla
SowmyaKatragadda,SriharshaGajarla
NitishAlluri,SriharshaGajarla
SeshuCh,SriharshaGajarla
AnirudhDonthireddy,SriharshaGajarla
SrinivasGunti,SriharshaGajarla
PalashSashittal,SriharshaGajarla
SubhashPrajapat,SriharshaGajarla
SaketGuddeti,SriharshaGajarla
VarunBairaboina,SriharshaGajarla
SantoshPaidi,SriharshaGajarla
VivekKumar91,SriharshaGajarla
TarunSahu,SriharshaGajarla
NiharGoli,SriharshaGajarla
YoganandaKishore,SriharshaGajarla
DheemanthKatnapelly,SriharshaGajarla
TarakaSatishKumar,SriharshaGajarla
GnanaVikas,SriharshaGajarla
SachinShady,SriharshaGajarla
NTIJJOURNAL,SriharshaGajarla
PiyushLakhmani,SriharshaGajarla
MadhuriNanduri,SriharshaGajarla
ManasaVoruganti,SriharshaGajarla
YashwanthDevireddy,SriharshaGajarla
panchagnularamadevi,SriharshaGajarla
SushilGarud,SriharshaGajarla
RajAddela,SriharshaGajarla
PadmajaPriyanka,SriharshaGajarla
SVijay,SriharshaGajarla
AchintyaDas,SriharshaGajarla
eeiejjournal,SriharshaGajarla
SandeepAkula,SriharshaGajarla
tariqMehmood,SriharshaGajarla
EswaraSai,VarunChappidi
ShravyaLahari,VarunChappidi
SwetabhKumar,VarunChappidi
SudheerVazrapu,VarunChappidi
AntarikshaYelkawar,VarunChappidi
ThiruvikramanKandhadai,VarunChappidi
ShantanuKallakuri,VarunChappidi
SrikantBharadwaj,VarunChappidi
SwethaNimmagadda,VarunChappidi
SaiPadmanabhuni,VarunChappidi
IJDPSJournal,VarunChappidi
RahulDubey22,VarunChappidi
siddharthram,VarunChappidi
SameerAshraf,VarunChappidi
rajatsaxena,VarunChappidi
NitinMythreya,VarunChappidi
ChiragGarg3,VarunChappidi
JeevanRomee,VarunChappidi
SriHarsha,VarunChappidi
SowmyaChittireddy,VarunChappidi
AkhileshGodi,VarunChappidi
SaiRaghuVamsi,VarunChappidi
RakeshSaripalli,VarunChappidi
ShivaReisende,VarunChappidi
VenkataSriramaKrishnaTejaKonduri,VarunChappidi
AmanGupta,VarunChappidi
SoumyaGanguly,VarunChappidi
GowthamReddy,VarunChappidi
SavyasacheeJha,VarunChappidi
SankalpGupta1,VarunChappidi
VimarshSrivastava,VarunChappidi
AnupPampari,VarunChappidi
DeviPrasadGorrepati,VarunChappidi
MAyurShanbhag,VarunChappidi
ManikantasaiParimi,VarunChappidi
NaveenReddyYedla,VarunChappidi
KushalGanesh,VarunChappidi
SiddarthChinda,VarunChappidi
SaiTumma,VarunChappidi
DspRahul,VarunChappidi
ShruthinP,VarunChappidi
YoganandaKishore,VarunChappidi
SrikanthNagelli,VarunChappidi
SaiSriharsha,VarunChappidi
SameerParuchuri,VarunChappidi
ManasaThalapalli,VarunChappidi
VenkateshBirada,VarunChappidi
DipankarTripathy,VarunChappidi
RArora,VarunChappidi
SreeNihitM,VarunChappidi
AkulaVishal,VarunChappidi
AshishBodhankar,VarunChappidi
ChakradharGavireddy,VarunChappidi
ChethnKrishna,VarunChappidi
RheaMelissa,VarunChappidi
DilipKumar,VarunChappidi
ReddySrikara,VarunChappidi
WHarry,VarunChappidi
VivekVenugopal2,VarunChappidi
RavipallyReddy,VarunChappidi
AkshayMinocha,JashwanthReddy
KaushikIska,JashwanthReddy
BodduluriPhani,JashwanthReddy
JithinKairamkonda,JashwanthReddy
AbhinavAppidi,JashwanthReddy
KshitijAgrawal,JashwanthReddy
AmrishaVohra,JashwanthReddy
VennelaMiryala,JashwanthReddy
UrmiGhosh,JashwanthReddy
ChennaRajaram,JashwanthReddy
KondaM,JashwanthReddy
VarunAggarwal,JashwanthReddy
PravinPatil,JashwanthReddy
RatanRahul,JashwanthReddy
IndranilChakrabarty,JashwanthReddy
SharvaniChandu,JashwanthReddy
aniruddhatammewar,JashwanthReddy
DharmaTeja,JashwanthReddy
MadhulikaJain,JashwanthReddy
SathyaThati,JashwanthReddy
AnoopKumar,JashwanthReddy
SheetalReddy,JashwanthReddy
KMishra,JashwanthReddy
ChetanGupta,JashwanthReddy
TarangGoyal,JashwanthReddy
kapildontula,JashwanthReddy
AtmakuriVenkataTrinath,JashwanthReddy
pratikzambani,JashwanthReddy
ApoorvReddy,JashwanthReddy
OmsaiAyyappa,JashwanthReddy
SGupta,JashwanthReddy
TavvaRajesh,JashwanthReddy
ArjunSNath,JashwanthReddy
SaiTeja,JashwanthReddy
SriKailashGandebathula,JashwanthReddy
paraggupta,JashwanthReddy
SuryaprakashReddy,JashwanthReddy
AbhineetAgarwal,JashwanthReddy
AnuroopKakkirala,JashwanthReddy
AnirudhDonthireddy,JashwanthReddy
PruthviKumar,JashwanthReddy
AbhayjeetSingh,JashwanthReddy
PrathyushaKuncham,JashwanthReddy
ShoaibKhan39,JashwanthReddy
MaharshiRay,JashwanthReddy
ReddyRahul,JashwanthReddy
RahulGupta,JashwanthReddy
RajanPandey3,JashwanthReddy
YoganandaKishore,JashwanthReddy
UhithLagisetti,JashwanthReddy
AbhiramKrishna,JashwanthReddy
AbrarAhmed,JashwanthReddy
AbhishekTripathi,JashwanthReddy
AbhilashReddy,JashwanthReddy
YvSChowdary,JashwanthReddy
SVijay,JashwanthReddy
ShashiVuppala,JashwanthReddy
GowthamRaghunathKurri,JashwanthReddy
SaiAllani,JashwanthReddy
VishwasKSingh,JashwanthReddy
RaviTejaPalla,SampathVelaga
ShravyaLahari,SampathVelaga
KaushikIska,SampathVelaga
ananthkotti,SampathVelaga
AshwinKalkar,SampathVelaga
srivatsakandukuri,SampathVelaga
PraneethSmk,SampathVelaga
SaiPadmanabhuni,SampathVelaga
SriPrakyathIyyapu,SampathVelaga
AbhilashMirji,SampathVelaga
NareshShah,SampathVelaga
SuryaKlsv,SampathVelaga
GokulNathSridhar,SampathVelaga
krishnakarthick,SampathVelaga
SiddharthVelamakanni,SampathVelaga
SwamyIdln,SampathVelaga
NavyaSahithi,SampathVelaga
balakoteshwar,SampathVelaga
AVINASHD,SampathVelaga
JeevanRomee,SampathVelaga
watever,SampathVelaga
HariKrishnaUpadhyayula,SampathVelaga
VikramsimhareddyKallam,SampathVelaga
AnvithaAdhikarla,SampathVelaga
akashraj,SampathVelaga
ReddyManish,SampathVelaga
TejeshwarSingh,SampathVelaga
AkshithAnand,SampathVelaga
SiddardhGouri,SampathVelaga
ChandraVikas,SampathVelaga
KatragaddaAvinash,SampathVelaga
AkshayAnanthakrishnan,SampathVelaga
VenkataSriramaKrishnaTejaKonduri,SampathVelaga
DineshKumarDasari,SampathVelaga
AkhileshSharma1,SampathVelaga
SudharsanVeeravalli,SampathVelaga
DivyaJyothi,SampathVelaga
SowmyaVelugoti,SampathVelaga
Vamshiballikonda,SampathVelaga
SriramKrishnaswamy,SampathVelaga
RishiPatel,SampathVelaga
RavitejaBhagi,SampathVelaga
ashishshukla,SampathVelaga
AbhijeetPendyala,SampathVelaga
VimarshSrivastava,SampathVelaga
SumanthGottipati,SampathVelaga
prashanthkumarreddy,SampathVelaga
YoganandaKishore,SampathVelaga
MdMujahedAli,SampathVelaga
AnkitPatodiya,SampathVelaga
GitaKajjam,SampathVelaga
AdithyaShourie,SampathVelaga
AbhishekMukherjee,SampathVelaga
ManjunathaReddy,SampathVelaga
GitaVatsalyaKajjam,SampathVelaga
MadhurimaMunjuluri,SampathVelaga
GoelAnshu,SampathVelaga
AbhinayReddy,SampathVelaga
payalmistry,SampathVelaga
SharathChandraGuntuku,SampathVelaga
AnoopKarnik,SowmyaKatragadda
AntarikshaYelkawar,SowmyaKatragadda
ThiruvikramanKandhadai,SowmyaKatragadda
MandarKulkarni,SowmyaKatragadda
SwethaNimmagadda,SowmyaKatragadda
SaiPadmanabhuni,SowmyaKatragadda
PurneshSairam,SowmyaKatragadda
rajaajay37,SowmyaKatragadda
RajatSen,SowmyaKatragadda
ManojMadabhushi,SowmyaKatragadda
VisishtaKarasani,SowmyaKatragadda
SandeepGoli,SowmyaKatragadda
VikramsimhareddyKallam,SowmyaKatragadda
AnvithaAdhikarla,SowmyaKatragadda
VenkateshHarisyam,SowmyaKatragadda
JaidiJeevan,SowmyaKatragadda
SowmyaChittireddy,SowmyaKatragadda
SriharshaGajarla,SowmyaKatragadda
SaumyaPatnaik,SowmyaKatragadda
DamacharlaSnehankita,SowmyaKatragadda
NalamAbhishek,SowmyaKatragadda
BabithaMachireddy,SowmyaKatragadda
plaharireddy,SowmyaKatragadda
GayatriDhara,SowmyaKatragadda
SubhamoyDas,SowmyaKatragadda
sahithiseedarala,SowmyaKatragadda
PavanKumarThota,SowmyaKatragadda
SnehaSingh10,SowmyaKatragadda
PhanidharCh,SowmyaKatragadda
MounicaJonnalagadda,SowmyaKatragadda
YoganandaKishore,SowmyaKatragadda
SwetalinaPanigrahi,SowmyaKatragadda
HariKrishnan,SowmyaKatragadda
ManasaReddy,SowmyaKatragadda
SindhuraNadella,SowmyaKatragadda
ArshdeepSingh11,SowmyaKatragadda
JVamaraju,SowmyaKatragadda
GayatriVeerapaneni,SowmyaKatragadda
SaiSriharsha,SowmyaKatragadda
AlankruthaGiridhar,SowmyaKatragadda
ShruthiAyloo,SowmyaKatragadda
AnushaKankanala,SowmyaKatragadda
NimilaJilla,SowmyaKatragadda
NeerajaSridhar,SowmyaKatragadda
GitaKajjam,SowmyaKatragadda
AamaniLakkaraju,SowmyaKatragadda
ManasaVoruganti,SowmyaKatragadda
DhruvSharma9,SowmyaKatragadda
YashwanthDevireddy,SowmyaKatragadda
SatyaKarthik,SowmyaKatragadda
GouthamiBoinpally,SowmyaKatragadda
PadmajaPriyanka,SowmyaKatragadda
SindhuChejerla,SowmyaKatragadda
SagarRaghavendra,SowmyaKatragadda
SpurthiBollina,SowmyaKatragadda
PuvvadiMeghana,SowmyaKatragadda
SushmaBurujupalli,SowmyaKatragadda
SnehalathaKanagala,SowmyaKatragadda
SantoshTuraga,SowmyaKatragadda
HarshavardhanaPadullaparti,SowmyaKatragadda
VaibhavJain,NitishAlluri
RAVISHVASAN,NitishAlluri
AdutipalSingh,NitishAlluri
SumitAgarwal25,NitishAlluri
AnkitKhemka,NitishAlluri
ChayapathiSarath,NitishAlluri
SamirNoorani,NitishAlluri
BennyMoses,NitishAlluri
SaiKrishna,NitishAlluri
ShrenikSurana,NitishAlluri
SDawar,NitishAlluri
PrateekJain,NitishAlluri
PranjalPandey1,NitishAlluri
ArihantSethia,NitishAlluri
RajendraKolli,NitishAlluri
RatanRahul,NitishAlluri
vmandapalli,NitishAlluri
ramananurag,NitishAlluri
AmanGupta,NitishAlluri
Ashwanikumar,NitishAlluri
AgrawalPratik,NitishAlluri
SaiKrishnaKanthHari,NitishAlluri
RajatKhanduja,NitishAlluri
BhanitaSharma,NitishAlluri
SaranSrikanth,NitishAlluri
PallaviMukherjee1,NitishAlluri
VireshGehlawat,NitishAlluri
ItzNareshVenkat,NitishAlluri
RamK,NitishAlluri
VenkataKurakula,NitishAlluri
santoshpraneeth,NitishAlluri
SatyadeepKarnati,NitishAlluri
TarunReddy,NitishAlluri
NiharikaChatla,NitishAlluri
BrajeshRawat,NitishAlluri
arpitagarwal,NitishAlluri
SriharshaGajarla,NitishAlluri
SantoshRupesh,NitishAlluri
PrabhatKumar,NitishAlluri
DeepakKumar,NitishAlluri
PradeepBansal,NitishAlluri
RajasriNanduri,NitishAlluri
AbhishekJoshi,NitishAlluri
AnamikaUpadhaya,NitishAlluri
GouthamPatley,NitishAlluri
RajuRam,NitishAlluri
AshutoshVerma,NitishAlluri
TejaRamKotaprolu,NitishAlluri
YoganandaKishore,NitishAlluri
AvinashUttav,NitishAlluri
ShilpaSharma,NitishAlluri
TejusBg,NitishAlluri
romilsandal,NitishAlluri
ArunKumar398,NitishAlluri
NihalReddy,NitishAlluri
VenkatMamidi,NitishAlluri
MubashrQuadri,NitishAlluri
CVaidya,NitishAlluri
NikunjAgarwalla,NitishAlluri
IjscJournal,KsAditya
EswaraSai,KsAditya
AKannamwar,KsAditya
SaumyaJain,KsAditya
VasanArunachalam,KsAditya
AnoopKarnik,KsAditya
MukherjeeAbhinav,KsAditya
SudheerVazrapu,KsAditya
SrikantBharadwaj,KsAditya
SwethaNimmagadda,KsAditya
SaiPadmanabhuni,KsAditya
RamPrateek,KsAditya
NareshShah,KsAditya
SuryaKlsv,KsAditya
krishnakarthick,KsAditya
Kalyankarthik,KsAditya
RohitDharavath,KsAditya
VikramsimhareddyKallam,KsAditya
VenkateshHarisyam,KsAditya
JaidiJeevan,KsAditya
sharathchandra,KsAditya
SaiRaghuVamsi,KsAditya
TejeshwarSingh,KsAditya
SashankKurella,KsAditya
KatragaddaAvinash,KsAditya
VenkataSriramaKrishnaTejaKonduri,KsAditya
SoumyaGanguly,KsAditya
IJFLSJournal,KsAditya
SavyasacheeJha,KsAditya
muralinaik,KsAditya
DharaniKumar,KsAditya
AbhinavChoudhury,KsAditya
AshokNaren,KsAditya
VimarshSrivastava,KsAditya
NaveenReddyYedla,KsAditya
DineshKumarReddy,KsAditya
SiddarthChinda,KsAditya
YoganandaKishore,KsAditya
MdMujahedAli,KsAditya
AnkitPatodiya,KsAditya
AnushaKankanala,KsAditya
VanshKhurana,KsAditya
VamshiDoneparthi,KsAditya
SatyaKarthik,KsAditya
PavanKumarReddyMalgari,KsAditya
AnirudhreddySafal,KsAditya
PuvvadiMeghana,KsAditya
KumarAnil,KsAditya
AdityaAnnangi,KsAditya
ManasGalipalli,KsAditya
VipinGadewar,KsAditya
KarthikReddy2,KsAditya
RejisDevasia,KsAditya
AasishGade,KsAditya
ssn92,KsAditya
ZukoMahlasela,KsAditya
ssn92,KsAditya
SabareeshNikhilC,SeshuCh
MeghanaReddy,SeshuCh
SidduSiddarth,SeshuCh
RajeevVempuluru,SeshuCh
RatanRahul,SeshuCh
PurneshSairam,SeshuCh
SoumyaPasumarthy,SeshuCh
PraveenPendyala,SeshuCh
DineshGoundla,SeshuCh
SathyaNarayanan,SeshuCh
SriharshaGajarla,SeshuCh
PruthviKumar,SeshuCh
YoganandaKishore,SeshuCh
NikhilKatta,SeshuCh
anuragreddy,SeshuCh
anuragreddy,SeshuCh
ChandrahasKolla,SeshuCh
BhanuPrakash113,SeshuCh
TanmoyDas15,SeshuCh
nahushrk,SeshuCh
MandarPingle,SeshuCh
AnnamaneniSriharsha,SeshuCh
kpsastry,SeshuCh
SrinijaReddy,SeshuCh
GelsamReddy,SeshuCh
AkbarQureshi,SeshuCh
PoojithaReddy6,SeshuCh
DheerajShetty,SeshuCh
NikithaReddy8,SeshuCh
ArushiBhutani,SeshuCh
RohanReddy6,SeshuCh
KommagouniVarshneya,SeshuCh
ManasaDivya,SeshuCh
HuzefaGhadiyali,SeshuCh
VasuDev,SeshuCh
AdavellyReddy,SeshuCh
ArChitDaTta,SeshuCh
SaraSelph,SeshuCh
BinduDushyanth,SeshuCh
VivekCeguri,SeshuCh
KrishnaChaitanya106,SeshuCh
VikramAditya5,SeshuCh
SukanthReddy,SeshuCh
KalvapalliArun,SeshuCh
ToorajTavana,SeshuCh
mangeshChimankar,SeshuCh
DivyaPathak,SeshuCh
NaveenKalluri,SeshuCh
SandeepKankanala,SeshuCh
SushimaReddyM,SeshuCh
PrithimaMosaly,SeshuCh
RamnarayanCh,SeshuCh
JigarPatel101,SeshuCh
WenjieMiao,SeshuCh
MehdiAmy,SeshuCh
PrayagBiswal,PruthviKumar
MruthyunjayaRaoPadamata,PruthviKumar
AurkoChatterjee,PruthviKumar
AjayKumarYadav,PruthviKumar
BhargavaExcalibur,PruthviKumar
KaushikMahato,PruthviKumar
ArunTankha,PruthviKumar
MeghanaReddy,PruthviKumar
CGarg,PruthviKumar
ShishirKumar1,PruthviKumar
RavikiranMaddali,PruthviKumar
JayakrishnaAlwar,PruthviKumar
srivatsakandukuri,PruthviKumar
NehalSiroya,PruthviKumar
AnkitKumarNandanwar,PruthviKumar
MilindTahalani,PruthviKumar
PrateekKishore,PruthviKumar
VamseeSundar,PruthviKumar
RatanRahul,PruthviKumar
Jesshu22,PruthviKumar
RushabhSanghvi,PruthviKumar
KathireshKannan,PruthviKumar
SiddharthaSatpathi,PruthviKumar
SaiKrishnaKanthHari,PruthviKumar
AshitaAnand,PruthviKumar
RahulKoshal,PruthviKumar
PrasanthMuralidharan,PruthviKumar
OmsaiAyyappa,PruthviKumar
DebonilMaity,PruthviKumar
VenkataSriramaKrishnaTejaKonduri,PruthviKumar
MritunjayBeniwal,PruthviKumar
JashwanthReddy,PruthviKumar
KumarAbhishek,PruthviKumar
ManideepThogaru,PruthviKumar
SeshuCh,PruthviKumar
daisytigga,PruthviKumar
AnirbanMalick,PruthviKumar
vinaypatel,PruthviKumar
MdShakil1,PruthviKumar
UmeshKumar46,PruthviKumar
JaswantBafna,PruthviKumar
LuskuBesra,PruthviKumar
YoganandaKishore,PruthviKumar
TanmoyBose,PruthviKumar
PrabhatKumarAwadhiya,PruthviKumar
BipradipDas,PruthviKumar
NihilReddy,PruthviKumar
KrishnaPraveen1,PruthviKumar
JiananSun,PruthviKumar
SudeepHampiholi,PruthviKumar
MoulikaMouli,PruthviKumar
kauamavaega,PruthviKumar
VasanArunachalam,NaveenReddyYedla
SudheerVazrapu,NaveenReddyYedla
ShantanuKallakuri,NaveenReddyYedla
TejaYadav,NaveenReddyYedla
PraneshSuram,NaveenReddyYedla
VamsiKrishna,NaveenReddyYedla
PrudhviReddy3,NaveenReddyYedla
ManojBobba,NaveenReddyYedla
SameerAshraf,NaveenReddyYedla
PhanitejaMarupaka,NaveenReddyYedla
RajeshPothamsetty,NaveenReddyYedla
HariKrishnaUpadhyayula,NaveenReddyYedla
SaiSrivatsavaVemu,NaveenReddyYedla
SowmyaChittireddy,NaveenReddyYedla
ManojDasi,NaveenReddyYedla
VarunChappidi,NaveenReddyYedla
SoumyaGanguly,NaveenReddyYedla
GowthamReddy,NaveenReddyYedla
VishwanathNagallapati,NaveenReddyYedla
KsAditya,NaveenReddyYedla
KarthikPallapothula,NaveenReddyYedla
AkhilSoma,NaveenReddyYedla
PraharshaHarsh,NaveenReddyYedla
SravanKathi,NaveenReddyYedla
SiddarthChinda,NaveenReddyYedla
SpandanaPotineni,NaveenReddyYedla
YoganandaKishore,NaveenReddyYedla
NikhilAyyagari,NaveenReddyYedla
JagadeeshAnmala,NaveenReddyYedla
ParamitaBhattacharya2,NaveenReddyYedla
MaheshKumarBodapudi,NaveenReddyYedla
VinayTeja,NaveenReddyYedla
RaviTeja,NaveenReddyYedla
reshminambiar,NaveenReddyYedla
AnirudhreddySafal,NaveenReddyYedla
PavanKumarReddyMalgari,NaveenReddyYedla
SumitSrivastava,NaveenReddyYedla
KachavarapuAjayRayudu,NaveenReddyYedla
WenjianZhou,NaveenReddyYedla
RajendraRJ,NaveenReddyYedla
SampathReddyP,NaveenReddyYedla
ChoCynthia,NaveenReddyYedla
EswaraSai,SiddarthChinda
ChanduParimi,SiddarthChinda
eterbira,SiddarthChinda
SudheerVazrapu,SiddarthChinda
SrikantBharadwaj,SiddarthChinda
VasaviKrishna,SiddarthChinda
Kalyankarthik,SiddarthChinda
VikramsimhareddyKallam,SiddarthChinda
VenkateshHarisyam,SiddarthChinda
SowmyaChittireddy,SiddarthChinda
sharathchandra,SiddarthChinda
SaiRaghuVamsi,SiddarthChinda
PhanitejaNallam,SiddarthChinda
SashankKurella,SiddarthChinda
VarunChappidi,SiddarthChinda
VenkataSriramaKrishnaTejaKonduri,SiddarthChinda
SoumyaGanguly,SiddarthChinda
GowthamReddy,SiddarthChinda
KsAditya,SiddarthChinda
KartikNamburi,SiddarthChinda
VimarshSrivastava,SiddarthChinda
ManikantasaiParimi,SiddarthChinda
NaveenReddyYedla,SiddarthChinda
DineshVemula,SiddarthChinda
karunbhogadula,SiddarthChinda
YoganandaKishore,SiddarthChinda
AdityaTibrewal,SiddarthChinda
SriKalyanaRamaJ,SiddarthChinda
PotluriSachin,SiddarthChinda
RangaSwamiReddy,SiddarthChinda
MahendranathReddy,SiddarthChinda
SatyaKarthik,SiddarthChinda
ChakradharGavireddy,SiddarthChinda
JitenderNaikV,SiddarthChinda
SmjBasha,SiddarthChinda
HarishSurya,SiddarthChinda
HarshaBeeram,SiddarthChinda
ShashidharPatlolla,SiddarthChinda
RaviTeja241,SiddarthChinda
EnginGul,SiddarthChinda
PorojBhuyan,VanshKhurana
SwetabhKumar,VanshKhurana
SrikantBharadwaj,VanshKhurana
NikhilJones,VanshKhurana
SwethaNimmagadda,VanshKhurana
SuryaKlsv,VanshKhurana
SarthakGhosh,VanshKhurana
KanikGupta,VanshKhurana
AnujGoel4,VanshKhurana
VenkateshHarisyam,VanshKhurana
AnubhaBalani,VanshKhurana
TejeshwarSingh,VanshKhurana
RajAishwarya,VanshKhurana
PrateekSingla,VanshKhurana
AmanGupta,VanshKhurana
AmanGupta,VanshKhurana
SoumyaGanguly,VanshKhurana
SavyasacheeJha,VanshKhurana
KsAditya,VanshKhurana
SiddharthRawat,VanshKhurana
SohailMajumdar,VanshKhurana
VimarshSrivastava,VanshKhurana
YoganandaKishore,VanshKhurana
HariKrishnan,VanshKhurana
AdityaTibrewal,VanshKhurana
AnkitPatodiya,VanshKhurana
GitaKajjam,VanshKhurana
ChethnKrishna,VanshKhurana
ChakradharGavireddy,VanshKhurana
SumitSrivastava,VanshKhurana
GeethaMaruvadaDeviprasad,VanshKhurana
GitaVatsalyaKajjam,VanshKhurana
AamerKhan5,HemanthReddy
RajeshChaturvedi,HemanthReddy
BodduluriPhani,HemanthReddy
KarthikVarada,HemanthReddy
SaiPuli,HemanthReddy
ApoorvReddy,HemanthReddy
SandeepChikkala,HemanthReddy
ArjitSrivastava,HemanthReddy
RakeshGuguloth,HemanthReddy
DereddyUmareddy,HemanthReddy
ARaghavendraAditya,HemanthReddy
MehtabKhan9,HemanthReddy
AmrishReddy,HemanthReddy
YoganandaKishore,HemanthReddy
GSujithReddy,HemanthReddy
ChaitanyaVenigalla,HemanthReddy
VunnamNaveen,HemanthReddy
ThirupathiChekuta,HemanthReddy
MadhusudanSridharan,HemanthReddy
NagarajuGadepaka,HemanthReddy
RealTalented,HemanthReddy
,HemanthReddy
DeepthiSirvisetty,HemanthReddy
RuparaniGanji,HemanthReddy
SurapaneniHemanthChowdary,HemanthReddy
LingalaNaresh,HemanthReddy
PrakashReddy12,HemanthReddy
SaiVaishnavi,HemanthReddy
ChanduBabu1,HemanthReddy
EswaraSai,SatyaKarthik
SudheerVazrapu,SatyaKarthik
SuryaKlsv,SatyaKarthik
rajatsaxena,SatyaKarthik
VenkateshHarisyam,SatyaKarthik
SowmyaChittireddy,SatyaKarthik
SaiRaghuVamsi,SatyaKarthik
VenkataSriramaKrishnaTejaKonduri,SatyaKarthik
SoumyaGanguly,SatyaKarthik
SowmyaKatragadda,SatyaKarthik
KsAditya,SatyaKarthik
AshokNaren,SatyaKarthik
sahithiseedarala,SatyaKarthik
PasumarthiSandeep,SatyaKarthik
ManikantasaiParimi,SatyaKarthik
RGalla,SatyaKarthik
SiddarthChinda,SatyaKarthik
SridharAnupKumar,SatyaKarthik
YoganandaKishore,SatyaKarthik
AnkitPatodiya,SatyaKarthik
AnushaKankanala,SatyaKarthik
PavanKumarReddyMalgari,SatyaKarthik
AnirudhreddySafal,SatyaKarthik
RoopeshGunda,SatyaKarthik
RamVamsi,SatyaKarthik
AdityaAnnangi,SatyaKarthik
EswaraSai,AnirudhreddySafal
SudheerVazrapu,AnirudhreddySafal
SuryaKlsv,AnirudhreddySafal
manideepattanti,AnirudhreddySafal
LeelaYanamaddi,AnirudhreddySafal
VinodhReddyChennu,AnirudhreddySafal
VikramsimhareddyKallam,AnirudhreddySafal
VenkateshHarisyam,AnirudhreddySafal
ChowdharySaiPriya,AnirudhreddySafal
JaidiJeevan,AnirudhreddySafal
VenkataSriramaKrishnaTejaKonduri,AnirudhreddySafal
KsAditya,AnirudhreddySafal
AshokNaren,AnirudhreddySafal
NaveenReddyYedla,AnirudhreddySafal
ManikantasaiParimi,AnirudhreddySafal
YoganandaKishore,AnirudhreddySafal
SaiKrishna,AnirudhreddySafal
NikhilAyyagari,AnirudhreddySafal
PradeepR,AnirudhreddySafal
SatyaKarthik,AnirudhreddySafal
ShyamPv,AnirudhreddySafal
MadhuriReddy,AnirudhreddySafal
JKumarSingh,AnirudhreddySafal
AshishKuthagodu,AnirudhreddySafal
priyaswain,SachinAdepu
VikasKanukollu,SachinAdepu
RajasekarRaja,SachinAdepu
sairahulPorandla,SachinAdepu
NageshRamavath,SachinAdepu
AnveshReddy2,SachinAdepu
RajanPandey3,SachinAdepu
SandhyaAparna,SachinAdepu
YoganandaKishore,SachinAdepu
RohanAgrawal8,SachinAdepu
ChuppalaHarish,SachinAdepu
SoumyaThatipamula,SachinAdepu
NavjeetSingh5,SachinAdepu
SaiKiran94,SachinAdepu
ShubhamRander,SachinAdepu
NagendraKallaji,SachinAdepu
BunnyMahankali,SachinAdepu
RajeevUllengala,SachinAdepu
PradeepPendyala,SachinAdepu
RuthweshArgulwar,SachinAdepu
RRavikiran,SachinAdepu
AbhiramAnanthashaynam,SachinAdepu
AlladiChandana,SachinAdepu
ArunDikshith,SachinAdepu
SudheerVazrapu,KarthikReddy2
JeevanRomee,KarthikReddy2
SriHarsha,KarthikReddy2
SaiRaghuVamsi,KarthikReddy2
KsAditya,KarthikReddy2
VivekChetty,KarthikReddy2
YoganandaKishore,KarthikReddy2
NikhilAyyagari,KarthikReddy2
AayushJain3,KarthikReddy2
AshishBodhankar,KarthikReddy2
MohdAhmed1,KarthikReddy2
VijayBhaskar,KarthikReddy2
ijitmcjournal,ssn92
IJRCARJOURNAL,EngrShoewu
MamunurRashid,EngrShoewu
journal,EngrShoewu
PujaSetiawan,EngrShoewu
IoannisSoilemetzidis,EngrShoewu
RifaunNaim,EngrShoewu
GregorySaxton,EngrShoewu
OlaniyiOlayemiMikail,EngrShoewu
DalYongJin,EngrShoewu
KasunRangaWijeweera,EngrShoewu
BhojarajuGunjal,EngrShoewu
RegionalStatistics,EngrShoewu
IjseaJournal,EngrShoewu
AlliedJournals,EngrShoewu
MiguelAriza,EngrShoewu
CaijJournal,EngrShoewu
ArjunHanswal,EngrShoewu
MichaelSchandorf,EngrShoewu
AndreButler,EngrShoewu
IjcseaJournal,EngrShoewu
IJAITJournal,EngrShoewu
DanielNugroho3,EngrShoewu
AdewoleAwolusi,EngrShoewu
IJESAJournal,EngrShoewu
journalijcsity,EngrShoewu
RobiulIslam,EngrShoewu
IJSPTMJournal,EngrShoewu
AnwarAlwardi,EngrShoewu
ChumaAchike,EngrShoewu
ChrisBates,EngrShoewu
IJMEjournal,EngrShoewu
MuyexzyIkomi,EngrShoewu
BogdanTomoiaga,EngrShoewu
lateefakinyemi,EngrShoewu
FstjJournal,EngrShoewu
SridharHariharaputran,EngrShoewu
YanFen,EngrShoewu
PipiShafiqahMustaming,EngrShoewu
EeZhengLim,EngrShoewu
NMatthews,EngrShoewu
MuazuJibrin,EngrShoewu
AzwAniAnis,EngrShoewu
TharunDasaroju,EngrShoewu
AfzalHafiz,EngrShoewu
OlufunmiOpakunleBolaji,EngrShoewu
SeyiBasorun,EngrShoewu
VigneshbabuPrakash,EngrShoewu
FarinaAzmee,EngrShoewu
IvieAmadin,EngrShoewu
JayDonk,EngrShoewu
,EngrShoewu
NazrulAhmad,EngrShoewu
LingaSwamy,EngrShoewu
SimionAgache,EngrShoewu
CornieMoonwalk,EngrShoewu
LakshmiAshok,EngrShoewu
YunusBallo,EngrShoewu
YinJie1,EngrShoewu
DelademAkorli,EngrShoewu
gunawan,EngrShoewu
Korn99999,DrPramodKUMAR
IrwanNasution,DrPramodKUMAR
MBroome,DrPramodKUMAR
EdgarSalgadoGarca,DrPramodKUMAR
angela,DrPramodKUMAR
AlexMiller,DrPramodKUMAR
PierLuigiCapucci,DrPramodKUMAR
JaumeLlopRadu,DrPramodKUMAR
LoutfyMadkour,DrPramodKUMAR
KishanPB,DrPramodKUMAR
TerryFlaxton,DrPramodKUMAR
PaoloBagnoli,DrPramodKUMAR
SantoshKumar,DrPramodKUMAR
SophiaDickson,DrPramodKUMAR
InternationalJournal,DrPramodKUMAR
EmreSANCAK,DrPramodKUMAR
RolandGreene,DrPramodKUMAR
AniruddhaChakraborty,DrPramodKUMAR
PaoloDiLazzaro,DrPramodKUMAR
InternationalJournalofChaosControlModellingandSimulationIJCCMSISSN23195398Online23198990Print,DrPramodKUMAR
KellyKobak,DrPramodKUMAR
SeymurGuliyev,DrPramodKUMAR
RoozbehHojabri,DrPramodKUMAR
AnikMallik,DrPramodKUMAR
VladimirJerez,DrPramodKUMAR
AlameedAlkafeel,DrPramodKUMAR
OnurDanac,DrPramodKUMAR
NuovaMendola,DrPramodKUMAR
HichemEleuch,DrPramodKUMAR
IjcsitceJournal,DrPramodKUMAR
ravikumarpujala,DrPramodKUMAR
UddhabChaulagain,DrPramodKUMAR
DeepakYadav,DrPramodKUMAR
keshavmathur,DrPramodKUMAR
MarioEscobar,DrPramodKUMAR
KIVILCIMYUKSELALDOGAN,DrPramodKUMAR
IjistJournal,DrPramodKUMAR
RevistaCostarricensedePsicologa,DrPramodKUMAR
MohamedFadhali,DrPramodKUMAR
JagadeeshAlagarasan,DrPramodKUMAR
teguhpribadi,DrPramodKUMAR
SushankChaudhary,DrPramodKUMAR
LucasdosAnjos,DrPramodKUMAR
GuilhermeGiovanini,DrPramodKUMAR
SergioTafur,DrPramodKUMAR
SantoshKumarGangwar,DrPramodKUMAR
AlbertodOnofrio,DrPramodKUMAR
DrSavitaGangwar,DrPramodKUMAR
AaronJJohnson,DrPramodKUMAR
SatyendraPal,DrPramodKUMAR
AnupinderSingh,DrPramodKUMAR
SachinDevVerma,DrPramodKUMAR
NavinkumarOjha,DrPramodKUMAR
SergioCamacho,DrPramodKUMAR
RosydaHoogh,DrPramodKUMAR
AnilSingh5,DrPramodKUMAR
GautamShaw,DrPramodKUMAR
BernaDurmu,DrPramodKUMAR
GiorgosDrainakis,DrPramodKUMAR
GautamRekha,DrPramodKUMAR
EngrShoewu,PoornaChandra
AntarikshBothale,PoornaChandra
uttamsikaria,PoornaChandra
VaibhavYadav,PoornaChandra
VIPULSINGH,PoornaChandra
rashmichaudhary,PoornaChandra
PranushaManthri,PoornaChandra
PranayBhatia,PoornaChandra
KetavMehta,PoornaChandra
ArunabhSingh,PoornaChandra
SabareeshNikhilC,PoornaChandra
SumanRao,PoornaChandra
AkvilSakhare,PoornaChandra
SnehaJain,PoornaChandra
HarshMaheshwari,PoornaChandra
NehaInnanje,PoornaChandra
AbhishekTiwari,PoornaChandra
SouvikDutta,PoornaChandra
AbhijeetMukhekar,PoornaChandra
AnasuyaMandal,PoornaChandra
DavidHarris,PoornaChandra
ssarfarazahmed,PoornaChandra
SarwarRizvi,PoornaChandra
AdityaShankar,PoornaChandra
AjinkyaLatkar,PoornaChandra
RamnarayanShreyas,PoornaChandra
PraveshKochar,PoornaChandra
RBhardwaj,PoornaChandra
JainAkshat,PoornaChandra
ManishKeshri,PoornaChandra
AditiJain2,PoornaChandra
AnandLalwani,PoornaChandra
KaruneshJigyasu,PoornaChandra
AlankarJain,PoornaChandra
SarjanSatra,PoornaChandra
NiyatiJhamaria,PoornaChandra
SaranshSingh,PoornaChandra
DarpanSanghavi,PoornaChandra
PriyankadeSouza,PoornaChandra
AbhishekKejriwal,PoornaChandra
ParthasarathiPanda,PoornaChandra
AnuragDubey6,PoornaChandra
KhushbooSadhwani,PoornaChandra
VikasPandey,PoornaChandra
AkankshaThawani,PoornaChandra
SajanSankaran,PoornaChandra
AshutoshJuvale,PoornaChandra
AmanChaudhary,PoornaChandra
MayankLodha,PoornaChandra
SGoenka,PoornaChandra
RahulShinde1,PoornaChandra
AshwinKrishnan1,PoornaChandra
GaneshSamdani,PoornaChandra
AbhinavChikhalkar,PoornaChandra
ShreyanshYadav,PoornaChandra
AdityaLalwani,PoornaChandra
AbhishekPadmanabhan,PoornaChandra
GouriSaha,PoornaChandra
NidhiShanbhag,PoornaChandra
RaunakKudesia,PoornaChandra
FrancisOlawaleAbulude,uttamsikaria
OmarMajite,uttamsikaria
MarcinPaprzycki,uttamsikaria
VictorAsanza,uttamsikaria
AntarikshBothale,uttamsikaria
DrPramodKUMAR,uttamsikaria
PoornaChandra,uttamsikaria
MakmurSaini,uttamsikaria
ElenaRailean,uttamsikaria
KasunRangaWijeweera,uttamsikaria
VIPULSINGH,uttamsikaria
rashmichaudhary,uttamsikaria
PranushaManthri,uttamsikaria
PranayBhatia,uttamsikaria
KetavMehta,uttamsikaria
RaviTandon,uttamsikaria
ArunabhSingh,uttamsikaria
SabareeshNikhilC,uttamsikaria
SumanRao,uttamsikaria
SaurabhTewari,uttamsikaria
AkvilSakhare,uttamsikaria
SnehaJain,uttamsikaria
DanielCondurache,uttamsikaria
HarshMaheshwari,uttamsikaria
AbhishekTiwari,uttamsikaria
SouvikDutta,uttamsikaria
PiyushMayank,uttamsikaria
AnasuyaMandal,uttamsikaria
AkhilTak,uttamsikaria
InternationalJournalofChaosControlModellingandSimulationIJCCMSISSN23195398Online23198990Print,uttamsikaria
SarwarRizvi,uttamsikaria
AdityaShankar,uttamsikaria
ChiragSangani,uttamsikaria
PraveshKochar,uttamsikaria
PulakeshUpadhyaya,uttamsikaria
AnkushGoyal7,uttamsikaria
RBhardwaj,uttamsikaria
JainAkshat,uttamsikaria
ManishKeshri,uttamsikaria
AditiJain2,uttamsikaria
KaruneshJigyasu,uttamsikaria
MGisap,uttamsikaria
AlankarJain,uttamsikaria
SarjanSatra,uttamsikaria
NiyatiJhamaria,uttamsikaria
TIOEE,uttamsikaria
PanchaleeTamulee,uttamsikaria
DarpanSanghavi,uttamsikaria
SaranshSingh,uttamsikaria
AbhishekKejriwal,uttamsikaria
AnuragDubey6,uttamsikaria
AAgarwal,uttamsikaria
KhushbooSadhwani,uttamsikaria
VikasPandey,uttamsikaria
AkankshaThawani,uttamsikaria
prudhvitejimmadi,uttamsikaria
SivaChaitanya,uttamsikaria
RachitAggarwal,uttamsikaria
AshutoshJuvale,uttamsikaria
IndrasenBhattacharya,uttamsikaria
EngrShoewu,VIPULSINGH
AntarikshBothale,VIPULSINGH
PoornaChandra,VIPULSINGH
uttamsikaria,VIPULSINGH
MuhammadMaromi,VIPULSINGH
rashmichaudhary,VIPULSINGH
PranushaManthri,VIPULSINGH
PranayBhatia,VIPULSINGH
ArunabhSingh,VIPULSINGH
SabareeshNikhilC,VIPULSINGH
SumanRao,VIPULSINGH
IjseaJournal,VIPULSINGH
SnehaJain,VIPULSINGH
NehaInnanje,VIPULSINGH
AnasuyaMandal,VIPULSINGH
DeeptiDyondi,VIPULSINGH
AjinkyaLatkar,VIPULSINGH
PraveshKochar,VIPULSINGH
AbhimanyuDubey,VIPULSINGH
RBhardwaj,VIPULSINGH
AnandLalwani,VIPULSINGH
KaruneshJigyasu,VIPULSINGH
MGisap,VIPULSINGH
SarjanSatra,VIPULSINGH
DarpanSanghavi,VIPULSINGH
AbhishekKejriwal,VIPULSINGH
ParthasarathiPanda,VIPULSINGH
ChristianEmor,VIPULSINGH
KhushbooSadhwani,VIPULSINGH
AkankshaThawani,VIPULSINGH
prudhvitejimmadi,VIPULSINGH
RaviShankar161,VIPULSINGH
IndrasenBhattacharya,VIPULSINGH
RiddhishBhalodia,VIPULSINGH
SGoenka,VIPULSINGH
MaheshKS,VIPULSINGH
ShubhamPrakhar,VIPULSINGH
AshwinKrishnan1,VIPULSINGH
RahulShinde1,VIPULSINGH
VijinVenu,VIPULSINGH
AsthaAgarwal,VIPULSINGH
AbhinavChikhalkar,VIPULSINGH
eterbira,VIPULSINGH
DubeyHarshit,VIPULSINGH
NikitDeshlahra,VIPULSINGH
RaunakKudesia,VIPULSINGH
PraneelJain,VIPULSINGH
AbhisekDatta,VIPULSINGH
ParulMaheshwari,VIPULSINGH
NivedanRathi,VIPULSINGH
SaurabhAgarwal,VIPULSINGH
SouradipSen,VIPULSINGH
AnubratoMukherjee,VIPULSINGH
AdwaitvedantMathkar,VIPULSINGH
MayurMundada,VIPULSINGH
AnilShanbhag,VIPULSINGH
ShivamSharma,VIPULSINGH
SanketPatel,VIPULSINGH
GeorgeSilva6,VIPULSINGH
KunalKanwat,VIPULSINGH
AntarikshBothale,PranushaManthri
PoornaChandra,PranushaManthri
uttamsikaria,PranushaManthri
VIPULSINGH,PranushaManthri
rashmichaudhary,PranushaManthri
KetavMehta,PranushaManthri
ArunabhSingh,PranushaManthri
SabareeshNikhilC,PranushaManthri
SumanRao,PranushaManthri
AkvilSakhare,PranushaManthri
SnehaJain,PranushaManthri
ThejasRajagopal,PranushaManthri
NehaInnanje,PranushaManthri
HarshMaheshwari,PranushaManthri
AbhishekTiwari,PranushaManthri
SouvikDutta,PranushaManthri
ArunPrasannakumar,PranushaManthri
AyushGargIITB,PranushaManthri
AbhijeetMukhekar,PranushaManthri
AjinkyaLatkar,PranushaManthri
RBhardwaj,PranushaManthri
ManishKeshri,PranushaManthri
AditiJain2,PranushaManthri
KaruneshJigyasu,PranushaManthri
AlankarJain,PranushaManthri
SarjanSatra,PranushaManthri
NiyatiJhamaria,PranushaManthri
SaranshSingh,PranushaManthri
AAgarwal,PranushaManthri
KhushbooSadhwani,PranushaManthri
RoyRituraj,PranushaManthri
prudhvitejimmadi,PranushaManthri
AshutoshJuvale,PranushaManthri
EdulPatek,PranushaManthri
HarminShah,PranushaManthri
RKhetan,PranushaManthri
RishabhKalia,PranushaManthri
ShivanjaliYadav,PranushaManthri
ShashankSrivastava4,PranushaManthri
AbhinavChikhalkar,PranushaManthri
AbhishekPadmanabhan,PranushaManthri
NidhiShanbhag,PranushaManthri
deekshasinha,PranushaManthri
ParulMaheshwari,PranushaManthri
NivedanRathi,PranushaManthri
NivedanRathi,PranushaManthri
SouradipSen,PranushaManthri
RohanKhadatkar,PranushaManthri
AnkurJhunjhunwala,PranushaManthri
AmanShah,PranushaManthri
AnkitAgarwal11,PranushaManthri
KunalKanwat,PranushaManthri
RasikPansare,PranushaManthri
DeepshikhaAlha,PranushaManthri
AnanthReddy,PranushaManthri
DeepshikhaVerma,PranushaManthri
kushjain,PranushaManthri
BandanaSingha,PranushaManthri
AlankarSaxena,PranushaManthri
ChandrikaBhardwaj,PranushaManthri
ZunuZunayeed,PranayBhatia
AntarikshBothale,PranayBhatia
PoornaChandra,PranayBhatia
uttamsikaria,PranayBhatia
VIPULSINGH,PranayBhatia
SharmilaParmanand,PranayBhatia
rashmichaudhary,PranayBhatia
KetavMehta,PranayBhatia
MdAbdullahAlFahad,PranayBhatia
NoopurRaval,PranayBhatia
ArunabhSingh,PranayBhatia
SabareeshNikhilC,PranayBhatia
ImranRahim,PranayBhatia
SumanRao,PranayBhatia
AkvilSakhare,PranayBhatia
SnehaJain,PranayBhatia
HarshMaheshwari,PranayBhatia
AyushGargIITB,PranayBhatia
AnasuyaMandal,PranayBhatia
anirudhraghavan,PranayBhatia
AkhilTak,PranayBhatia
NishantPrasad,PranayBhatia
HarishNatarajan,PranayBhatia
ParidhiSingh,PranayBhatia
LogandranBalavijendran,PranayBhatia
AjinkyaLatkar,PranayBhatia
AzeezGupta,PranayBhatia
PraveshKochar,PranayBhatia
AninditaMukherjee,PranayBhatia
RBhardwaj,PranayBhatia
ManishKeshri,PranayBhatia
AditiJain2,PranayBhatia
SaadBinAmjad,PranayBhatia
AlankarJain,PranayBhatia
NureenAnisha,PranayBhatia
SarjanSatra,PranayBhatia
VipulNanda,PranayBhatia
JuhiBansal,PranayBhatia
PriyankadeSouza,PranayBhatia
AbhishekKejriwal,PranayBhatia
AnjaliRawat,PranayBhatia
TowheedChowdhury,PranayBhatia
VishalTripathi,PranayBhatia
MirzaSaaibBg,PranayBhatia
VinayPrithiani,PranayBhatia
KhushbooSadhwani,PranayBhatia
SCIRP,PranayBhatia
TariqMaketab,PranayBhatia
KanwalPrakashSingh,PranayBhatia
SarahDickman,PranayBhatia
AshutoshJuvale,PranayBhatia
EdulPatek,PranayBhatia
IndrasenBhattacharya,PranayBhatia
AnmolSoin,PranayBhatia
SatarupaBarma,PranayBhatia
MayankLodha,PranayBhatia
SK21,PranayBhatia
AshwinKrishnan1,PranayBhatia
RakshitJha,PranayBhatia
SheikhTanvir,PranayBhatia
AntarikshBothale,KetavMehta
PoornaChandra,KetavMehta
uttamsikaria,KetavMehta
rashmichaudhary,KetavMehta
PranushaManthri,KetavMehta
PranayBhatia,KetavMehta
ArunabhSingh,KetavMehta
SabareeshNikhilC,KetavMehta
SumanRao,KetavMehta
AkvilSakhare,KetavMehta
SnehaJain,KetavMehta
HarshMaheshwari,KetavMehta
NehaInnanje,KetavMehta
SouvikDutta,KetavMehta
AnasuyaMandal,KetavMehta
AjinkyaLatkar,KetavMehta
PraveshKochar,KetavMehta
RBhardwaj,KetavMehta
JainAkshat,KetavMehta
ManishKeshri,KetavMehta
AditiJain2,KetavMehta
KaruneshJigyasu,KetavMehta
AlankarJain,KetavMehta
SarjanSatra,KetavMehta
NiyatiJhamaria,KetavMehta
DarpanSanghavi,KetavMehta
SaranshSingh,KetavMehta
AbhishekKejriwal,KetavMehta
AAgarwal,KetavMehta
KhushbooSadhwani,KetavMehta
VikasPandey,KetavMehta
AkankshaThawani,KetavMehta
RachitAggarwal,KetavMehta
SivaChaitanya,KetavMehta
EdulPatek,KetavMehta
AshutoshJuvale,KetavMehta
AmanChaudhary,KetavMehta
SGoenka,KetavMehta
SubhashishBhadra,KetavMehta
AshwinKrishnan1,KetavMehta
ShivanjaliYadav,KetavMehta
AbhinavChikhalkar,KetavMehta
ShibaniSanturkar,KetavMehta
AbhishekPadmanabhan,KetavMehta
DivyaChaurasia,KetavMehta
RaunakKudesia,KetavMehta
NidhiShanbhag,KetavMehta
deekshasinha,KetavMehta
PararthShah,KetavMehta
ParulMaheshwari,KetavMehta
SouradipSen,KetavMehta
RohanKhadatkar,KetavMehta
AdwaitvedantMathkar,KetavMehta
AnilShanbhag,KetavMehta
ShrikantChavare,KetavMehta
KunalKanwat,KetavMehta
PramodBhakhar,KetavMehta
DeepshikhaAlha,KetavMehta
PrashantChandra,KetavMehta
TusharSaxena,KetavMehta
AntarikshBothale,ArunabhSingh
PoornaChandra,ArunabhSingh
uttamsikaria,ArunabhSingh
VIPULSINGH,ArunabhSingh
PranushaManthri,ArunabhSingh
PranayBhatia,ArunabhSingh
KetavMehta,ArunabhSingh
AyushUpadhyay,ArunabhSingh
SabareeshNikhilC,ArunabhSingh
SumanRao,ArunabhSingh
SiddharthaSanghi,ArunabhSingh
AkvilSakhare,ArunabhSingh
SnehaJain,ArunabhSingh
ThejasRajagopal,ArunabhSingh
HimanshuAggarwal1,ArunabhSingh
AmritaKini,ArunabhSingh
NehaInnanje,ArunabhSingh
HarshMaheshwari,ArunabhSingh
AbhijeetMukhekar,ArunabhSingh
ShubhamMishra32,ArunabhSingh
PraveshKochar,ArunabhSingh
TikenDeori,ArunabhSingh
LeelaAnnam,ArunabhSingh
AditiJain2,ArunabhSingh
SaumyaMisra,ArunabhSingh
KaruneshJigyasu,ArunabhSingh
AnkitGoswami4,ArunabhSingh
AlankarJain,ArunabhSingh
SarjanSatra,ArunabhSingh
SaranshSingh,ArunabhSingh
AbhishekKejriwal,ArunabhSingh
KhushbooSadhwani,ArunabhSingh
AkankshaThawani,ArunabhSingh
RachitAggarwal,ArunabhSingh
RahulNaryani,ArunabhSingh
EdulPatek,ArunabhSingh
RiddhishBhalodia,ArunabhSingh
AshwinKrishnan1,ArunabhSingh
RahulShinde1,ArunabhSingh
HarminShah,ArunabhSingh
ShashankSrivastava4,ArunabhSingh
MiteshKarwa,ArunabhSingh
ShreyanshYadav,ArunabhSingh
SabarniSen,ArunabhSingh
NaseefKpo,ArunabhSingh
RadhaMadhuri,ArunabhSingh
KshitijChaudhary3,ArunabhSingh
RaunakKudesia,ArunabhSingh
ParulMaheshwari,ArunabhSingh
GeetaMonpara,ArunabhSingh
kumarkislay,ArunabhSingh
SouradipSen,ArunabhSingh
RohanKhadatkar,ArunabhSingh
AnilShanbhag,ArunabhSingh
ShipraAgrawal,ArunabhSingh
KunalKanwat,ArunabhSingh
DeekshaChugh,ArunabhSingh
AmarDungdung,ArunabhSingh
PrashantChandra,ArunabhSingh
DeepshikhaAlha,ArunabhSingh
EngrShoewu,SumanRao
ZunuZunayeed,SumanRao
AntarikshBothale,SumanRao
PoornaChandra,SumanRao
uttamsikaria,SumanRao
VIPULSINGH,SumanRao
SharmilaParmanand,SumanRao
rashmichaudhary,SumanRao
PranushaManthri,SumanRao
PranayBhatia,SumanRao
KetavMehta,SumanRao
ArunabhSingh,SumanRao
SabareeshNikhilC,SumanRao
AkvilSakhare,SumanRao
SnehaJain,SumanRao
HarshMaheshwari,SumanRao
NehaInnanje,SumanRao
AbhishekTiwari,SumanRao
AbhijeetMukhekar,SumanRao
AnasuyaMandal,SumanRao
HarishNatarajan,SumanRao
ParidhiSingh,SumanRao
PujaGorai,SumanRao
LogandranBalavijendran,SumanRao
AdityaShankar,SumanRao
PraveshKochar,SumanRao
AninditaMukherjee,SumanRao
RBhardwaj,SumanRao
JainAkshat,SumanRao
ManishKeshri,SumanRao
AditiJain2,SumanRao
AnandLalwani,SumanRao
KaruneshJigyasu,SumanRao
SaadBinAmjad,SumanRao
NureenAnisha,SumanRao
SarjanSatra,SumanRao
ParthasarathiPanda,SumanRao
AnuragDubey6,SumanRao
KhushbooSadhwani,SumanRao
AkankshaThawani,SumanRao
prudhvitejimmadi,SumanRao
RachitAggarwal,SumanRao
SivaChaitanya,SumanRao
EdulPatek,SumanRao
MayankLodha,SumanRao
AmanChaudhary,SumanRao
SGoenka,SumanRao
MansiSood,SumanRao
KennethChakma,SumanRao
ManasiGandhi,SumanRao
AshwinKrishnan1,SumanRao
RahulShinde1,SumanRao
ShivanjaliYadav,SumanRao
AbhinavChikhalkar,SumanRao
ShibaniSanturkar,SumanRao
AdityaLalwani,SumanRao
AbhishekPadmanabhan,SumanRao
RaunakKudesia,SumanRao
NidhiShanbhag,SumanRao
ParulMaheshwari,SumanRao
MamunurRashid,AkvilSakhare
AntarikshBothale,AkvilSakhare
PoornaChandra,AkvilSakhare
uttamsikaria,AkvilSakhare
rashmichaudhary,AkvilSakhare
PranushaManthri,AkvilSakhare
PranayBhatia,AkvilSakhare
KetavMehta,AkvilSakhare
NoopurRaval,AkvilSakhare
ArunabhSingh,AkvilSakhare
SabareeshNikhilC,AkvilSakhare
SumanRao,AkvilSakhare
HarshMaheshwari,AkvilSakhare
NehaInnanje,AkvilSakhare
SouvikDutta,AkvilSakhare
AyushGargIITB,AkvilSakhare
AbhijeetMukhekar,AkvilSakhare
AnasuyaMandal,AkvilSakhare
AkhilTak,AkvilSakhare
AdityaShankar,AkvilSakhare
AjinkyaLatkar,AkvilSakhare
RBhardwaj,AkvilSakhare
KaruneshJigyasu,AkvilSakhare
AlankarJain,AkvilSakhare
SarjanSatra,AkvilSakhare
SaranshSingh,AkvilSakhare
AbhishekKejriwal,AkvilSakhare
AnuragDubey6,AkvilSakhare
KhushbooSadhwani,AkvilSakhare
VikasPandey,AkvilSakhare
AkankshaThawani,AkvilSakhare
SajanSankaran,AkvilSakhare
SivaChaitanya,AkvilSakhare
AshutoshJuvale,AkvilSakhare
IndrasenBhattacharya,AkvilSakhare
EdulPatek,AkvilSakhare
MayankLodha,AkvilSakhare
MansiSood,AkvilSakhare
AshwinKrishnan1,AkvilSakhare
RahulShinde1,AkvilSakhare
AsthaAgarwal,AkvilSakhare
AbhinavChikhalkar,AkvilSakhare
AbhishekPadmanabhan,AkvilSakhare
deekshasinha,AkvilSakhare
NidhiShanbhag,AkvilSakhare
ParulMaheshwari,AkvilSakhare
MayankBoob,AkvilSakhare
NivedanRathi,AkvilSakhare
GeetaMonpara,AkvilSakhare
SouradipSen,AkvilSakhare
RohanKhadatkar,AkvilSakhare
AdwaitvedantMathkar,AkvilSakhare
SachinPunjabi,AkvilSakhare
AmanShah,AkvilSakhare
SanketPatel,AkvilSakhare
MeeraDevrahi,AkvilSakhare
AnkitAgarwal11,AkvilSakhare
AmitChahalia,AkvilSakhare
PramodBhakhar,AkvilSakhare
KunalKanwat,AkvilSakhare
AntarikshBothale,NehaInnanje
PoornaChandra,NehaInnanje
VIPULSINGH,NehaInnanje
rashmichaudhary,NehaInnanje
AbdulAzizMousa,NehaInnanje
PranushaManthri,NehaInnanje
KetavMehta,NehaInnanje
ArunabhSingh,NehaInnanje
SabareeshNikhilC,NehaInnanje
SumanRao,NehaInnanje
AkvilSakhare,NehaInnanje
SnehaJain,NehaInnanje
HarshMaheshwari,NehaInnanje
AnasuyaMandal,NehaInnanje
SarwarRizvi,NehaInnanje
DeeptiDyondi,NehaInnanje
AjinkyaLatkar,NehaInnanje
RBhardwaj,NehaInnanje
JainAkshat,NehaInnanje
ManishKeshri,NehaInnanje
AditiJain2,NehaInnanje
KaruneshJigyasu,NehaInnanje
ToDeimos,NehaInnanje
DarpanSanghavi,NehaInnanje
AbhishekKejriwal,NehaInnanje
AnuragDubey6,NehaInnanje
KhushbooSadhwani,NehaInnanje
AkankshaThawani,NehaInnanje
SivaChaitanya,NehaInnanje
RachitAggarwal,NehaInnanje
AshutoshJuvale,NehaInnanje
RahulShinde1,NehaInnanje
ShivanjaliYadav,NehaInnanje
AsthaAgarwal,NehaInnanje
AbhinavChikhalkar,NehaInnanje
ShibaniSanturkar,NehaInnanje
deekshasinha,NehaInnanje
RaunakKudesia,NehaInnanje
DivyaChaurasia,NehaInnanje
ParulMaheshwari,NehaInnanje
MudeRajuNaik,NehaInnanje
NivedanRathi,NehaInnanje
GeetaMonpara,NehaInnanje
SouradipSen,NehaInnanje
AnilShanbhag,NehaInnanje
AmanShah,NehaInnanje
EklavyaMahajan,NehaInnanje
PramodBhakhar,NehaInnanje
KunalKanwat,NehaInnanje
AnkitAgarwal11,NehaInnanje
AmitChahalia,NehaInnanje
DeepshikhaAlha,NehaInnanje
AyushBaheti,NehaInnanje
ChandrikaBhardwaj,NehaInnanje
sudheerkatta,NehaInnanje
AnmolGarg,NehaInnanje
ShashankShekhar,NehaInnanje
NEERAJTOSHNIWAL,NehaInnanje
PriyankaArya,NehaInnanje
AnuragKorlakunta,NehaInnanje
PoornaChandra,AbhishekTiwari
uttamsikaria,AbhishekTiwari
PranushaManthri,AbhishekTiwari
SabareeshNikhilC,AbhishekTiwari
SumanRao,AbhishekTiwari
SnehaJain,AbhishekTiwari
TejashriKamble,AbhishekTiwari
ManishKeshri,AbhishekTiwari
AnkurAgarwal,AbhishekTiwari
SarjanSatra,AbhishekTiwari
NiyatiJhamaria,AbhishekTiwari
ManisitDas,AbhishekTiwari
AbhishekKejriwal,AbhishekTiwari
AnkanBag,AbhishekTiwari
KhushbooSadhwani,AbhishekTiwari
VikasPandey,AbhishekTiwari
SajanSankaran,AbhishekTiwari
MansiSood,AbhishekTiwari
VishalNair,AbhishekTiwari
DeepakSevta,AbhishekTiwari
AbhinavChikhalkar,AbhishekTiwari
AdityaLalwani,AbhishekTiwari
MudeRajuNaik,AbhishekTiwari
RohanKhadatkar,AbhishekTiwari
AnilShanbhag,AbhishekTiwari
SoumendranathBhakat,AbhishekTiwari
PramodBhakhar,AbhishekTiwari
AnirudhSinghChouhan,AbhishekTiwari
PriyankaArya,AbhishekTiwari
MilindTahalani,AbhishekTiwari
MadhuMeena,AbhishekTiwari
SrinivasNuti,AbhishekTiwari
LavishOrdia,AbhishekTiwari
GovindRai,AbhishekTiwari
ShashwatGandhi,AbhishekTiwari
RahulMaganti,AbhishekTiwari
JainShubham,AbhishekTiwari
YaditiRangari,AbhishekTiwari
VivekSaraswat,AbhishekTiwari
amitdhingra,AbhishekTiwari
AritraKundu,AbhishekTiwari
NikunjSaunshi,AbhishekTiwari
ShainkiBagga,AbhishekTiwari
manideepattanti,AbhishekTiwari
NimishKhandelwal,AbhishekTiwari
UpasanaHembram,AbhishekTiwari
GautamSumu,AbhishekTiwari
VamsiKrishna,AbhishekTiwari
SanchitDeshmukh,AbhishekTiwari
VigneshManavalan,AbhishekTiwari
HimanshuArora,AbhishekTiwari
TarunGarg,AbhishekTiwari
RishabhPatel,AbhishekTiwari
PraveenPendyala,AbhishekTiwari
MonikinkiniBasu,AbhishekTiwari
MAvasare,AbhishekTiwari
PrawalAgarwal,AbhishekTiwari
MayurSrinivasan,AbhishekTiwari
AshutoshTripathi,AbhishekTiwari
HSinghal,AbhishekTiwari
EngrShoewu,AnasuyaMandal
AntarikshBothale,AnasuyaMandal
PoornaChandra,AnasuyaMandal
uttamsikaria,AnasuyaMandal
KasunRangaWijeweera,AnasuyaMandal
VIPULSINGH,AnasuyaMandal
rashmichaudhary,AnasuyaMandal
PranayBhatia,AnasuyaMandal
KetavMehta,AnasuyaMandal
SabareeshNikhilC,AnasuyaMandal
SumanRao,AnasuyaMandal
AkvilSakhare,AnasuyaMandal
IjseaJournal,AnasuyaMandal
SnehaJain,AnasuyaMandal
NehaInnanje,AnasuyaMandal
NehaInnanje,AnasuyaMandal
SouvikDutta,AnasuyaMandal
AbhijeetMukhekar,AnasuyaMandal
AbhinavBhattacharyya,AnasuyaMandal
AntoniaMajaca,AnasuyaMandal
AmarjotSingh,AnasuyaMandal
AjinkyaLatkar,AnasuyaMandal
edwinksl,AnasuyaMandal
RBhardwaj,AnasuyaMandal
AditiJain2,AnasuyaMandal
KaruneshJigyasu,AnasuyaMandal
AlankarJain,AnasuyaMandal
NiyatiJhamaria,AnasuyaMandal
HarshKumarNarula,AnasuyaMandal
PriyankadeSouza,AnasuyaMandal
AAgarwal,AnasuyaMandal
ShouryaUmang,AnasuyaMandal
IndrasenBhattacharya,AnasuyaMandal
AshutoshJuvale,AnasuyaMandal
EdulPatek,AnasuyaMandal
AnandVardhanMishra,AnasuyaMandal
RahulShinde1,AnasuyaMandal
GaneshSamdani,AnasuyaMandal
AbhinavChikhalkar,AnasuyaMandal
ShibaniSanturkar,AnasuyaMandal
AbhishekPadmanabhan,AnasuyaMandal
NidhiShanbhag,AnasuyaMandal
ParulMaheshwari,AnasuyaMandal
MudeRajuNaik,AnasuyaMandal
GeetaMonpara,AnasuyaMandal
AdwaitvedantMathkar,AnasuyaMandal
AnilShanbhag,AnasuyaMandal
SanketPatel,AnasuyaMandal
MeeraDevrahi,AnasuyaMandal
SoumendranathBhakat,AnasuyaMandal
KunalKanwat,AnasuyaMandal
SiddarthJain,AnasuyaMandal
DeepshikhaAlha,AnasuyaMandal
FaizanJawed,AnasuyaMandal
kushjain,AnasuyaMandal
AyushBaheti,AnasuyaMandal
ChandrikaBhardwaj,AnasuyaMandal
sudheerkatta,AnasuyaMandal
MitraSaptarshi,AnasuyaMandal
ParulPurwar,AnasuyaMandal
AntarikshBothale,AdityaShankar
PoornaChandra,AdityaShankar
uttamsikaria,AdityaShankar
rashmichaudhary,AdityaShankar
SabareeshNikhilC,AdityaShankar
SumanRao,AdityaShankar
AkvilSakhare,AdityaShankar
HarshMaheshwari,AdityaShankar
AbhijeetMukhekar,AdityaShankar
ShreyaSen,AdityaShankar
ChayanikaShah,AdityaShankar
SridharRangayan,AdityaShankar
PraveshKochar,AdityaShankar
ManishKeshri,AdityaShankar
AdityaShrivastava,AdityaShankar
ParthasarathiPanda,AdityaShankar
DhruvAnand,AdityaShankar
AnuragDubey6,AdityaShankar
VikasPandey,AdityaShankar
prudhvitejimmadi,AdityaShankar
SivaChaitanya,AdityaShankar
RachitAggarwal,AdityaShankar
AmanChaudhary,AdityaShankar
SGoenka,AdityaShankar
MansiSood,AdityaShankar
RahulShinde1,AdityaShankar
ShivanjaliYadav,AdityaShankar
ShibaniSanturkar,AdityaShankar
ReshmiSuresh,AdityaShankar
AbhishekPadmanabhan,AdityaShankar
AkhilKang,AdityaShankar
ParulMaheshwari,AdityaShankar
NivedanRathi,AdityaShankar
AmanShah,AdityaShankar
MeeraDevrahi,AdityaShankar
AkankshaNarain,AdityaShankar
PramodBhakhar,AdityaShankar
IshaanRakshit,AdityaShankar
TusharSaxena,AdityaShankar
DeepshikhaVerma,AdityaShankar
AnmolGarg,AdityaShankar
GauravGite,AdityaShankar
SampathSatti,AdityaShankar
VivanSorab,AdityaShankar
PrafulPatil,AdityaShankar
LavishOrdia,AdityaShankar
JuzerTambawala,AdityaShankar
SharmaShreyas,AdityaShankar
ShikharDaydar,AdityaShankar
VivekKumar,AdityaShankar
SaubhagyaSinghRathore,AdityaShankar
MeenakshiTripathi,AdityaShankar
AnandPoonia,AdityaShankar
SupragyaSaurabh,AdityaShankar
PulkitKatdare,AdityaShankar
SarveshSundaram,AdityaShankar
sushanthiray,AdityaShankar
TejVaidya,AdityaShankar
JevanHutson,AdityaShankar
PremSolanki,AdityaShankar
AntarikshBothale,PraveshKochar
PoornaChandra,PraveshKochar
uttamsikaria,PraveshKochar
VIPULSINGH,PraveshKochar
PranayBhatia,PraveshKochar
KetavMehta,PraveshKochar
ArunabhSingh,PraveshKochar
SabareeshNikhilC,PraveshKochar
SumanRao,PraveshKochar
AnuragSharma,PraveshKochar
AyushGargIITB,PraveshKochar
AbhijeetMukhekar,PraveshKochar
AdityaShankar,PraveshKochar
JainAkshat,PraveshKochar
ManishKeshri,PraveshKochar
AnandLalwani,PraveshKochar
KaruneshJigyasu,PraveshKochar
AlankarJain,PraveshKochar
ParthasarathiPanda,PraveshKochar
AAgarwal,PraveshKochar
KumarSubham,PraveshKochar
AkankshaThawani,PraveshKochar
prudhvitejimmadi,PraveshKochar
SivaChaitanya,PraveshKochar
EdulPatek,PraveshKochar
AmanChaudhary,PraveshKochar
RiddhishBhalodia,PraveshKochar
HarminShah,PraveshKochar
RahulShinde1,PraveshKochar
DeepakChoudhary,PraveshKochar
ArushiJamaiyar,PraveshKochar
AsthaAgarwal,PraveshKochar
ShivanjaliYadav,PraveshKochar
ShashankSrivastava4,PraveshKochar
PiyushSingh,PraveshKochar
RohanKhadatkar,PraveshKochar
AnilShanbhag,PraveshKochar
ShrikantChavare,PraveshKochar
EklavyaMahajan,PraveshKochar
IshaanRakshit,PraveshKochar
TusharSaxena,PraveshKochar
kushjain,PraveshKochar
NevinThomas,PraveshKochar
VibhuGupta,PraveshKochar
AdwitKashyap,PraveshKochar
UditJalan,PraveshKochar
SampathSatti,PraveshKochar
AsmitJain,PraveshKochar
ArihantSethia,PraveshKochar
IshwarPrasad,PraveshKochar
LavishOrdia,PraveshKochar
JainShubham,PraveshKochar
KeshavKumar,PraveshKochar
JuzerTambawala,PraveshKochar
RamkrishnaKumar1,PraveshKochar
PratikDeogekar,PraveshKochar
SaubhagyaSinghRathore,PraveshKochar
ParthSabharwal,PraveshKochar
TejVaidya,PraveshKochar
PratyushNalla,PraveshKochar
AntarikshBothale,RBhardwaj
PoornaChandra,RBhardwaj
uttamsikaria,RBhardwaj
VIPULSINGH,RBhardwaj
gauravdahake,RBhardwaj
PranushaManthri,RBhardwaj
PranayBhatia,RBhardwaj
KetavMehta,RBhardwaj
SabareeshNikhilC,RBhardwaj
SumanRao,RBhardwaj
AkvilSakhare,RBhardwaj
SnehaJain,RBhardwaj
NehaInnanje,RBhardwaj
AbhijeetMukhekar,RBhardwaj
AnasuyaMandal,RBhardwaj
AkhilTak,RBhardwaj
AjinkyaLatkar,RBhardwaj
ZurhanAfriadi,RBhardwaj
AditiJain2,RBhardwaj
KaruneshJigyasu,RBhardwaj
AlankarJain,RBhardwaj
SarjanSatra,RBhardwaj
SaranshSingh,RBhardwaj
DarpanSanghavi,RBhardwaj
HMMirajulIslam,RBhardwaj
AbhishekKejriwal,RBhardwaj
VikasPandey,RBhardwaj
AkankshaThawani,RBhardwaj
SajanSankaran,RBhardwaj
IndrasenBhattacharya,RBhardwaj
MayankLodha,RBhardwaj
AbhishekPadmanabhan,RBhardwaj
deekshasinha,RBhardwaj
NidhiShanbhag,RBhardwaj
ParulMaheshwari,RBhardwaj
NivedanRathi,RBhardwaj
SouradipSen,RBhardwaj
RohanKhadatkar,RBhardwaj
SanketPatel,RBhardwaj
MeeraDevrahi,RBhardwaj
AnkitAgarwal11,RBhardwaj
DeepshikhaAlha,RBhardwaj
PrashantChandra,RBhardwaj
NadeemAnjum1,RBhardwaj
kushjain,RBhardwaj
kushjain,RBhardwaj
AlankarSaxena,RBhardwaj
ChandrikaBhardwaj,RBhardwaj
NEERAJTOSHNIWAL,RBhardwaj
AyushChandak,RBhardwaj
rajeevranka,RBhardwaj
BansalP,RBhardwaj
ShashwatGandhi,RBhardwaj
IJDPSJournal,RBhardwaj
VivekSaraswat,RBhardwaj
AmbujGupta,RBhardwaj
ImanMukherjee,RBhardwaj
GauravBharti,RBhardwaj
SmrutiMirani,RBhardwaj
ShikharDaydar,RBhardwaj
AntarikshBothale,ManishKeshri
PoornaChandra,ManishKeshri
uttamsikaria,ManishKeshri
rashmichaudhary,ManishKeshri
PranushaManthri,ManishKeshri
PranayBhatia,ManishKeshri
KetavMehta,ManishKeshri
SabareeshNikhilC,ManishKeshri
SumanRao,ManishKeshri
NehaInnanje,ManishKeshri
AbhishekTiwari,ManishKeshri
AdityaShankar,ManishKeshri
PraveshKochar,ManishKeshri
SatyakiMascharak,ManishKeshri
JainAkshat,ManishKeshri
AnandLalwani,ManishKeshri
AlankarJain,ManishKeshri
DarpanSanghavi,ManishKeshri
ParthasarathiPanda,ManishKeshri
SunnyMohanty,ManishKeshri
AnuragDubey6,ManishKeshri
KhushbooSadhwani,ManishKeshri
DeepakBharadwaz,ManishKeshri
prudhvitejimmadi,ManishKeshri
RachitAggarwal,ManishKeshri
SivaChaitanya,ManishKeshri
AmanChaudhary,ManishKeshri
RiddhishBhalodia,ManishKeshri
monalisasethi,ManishKeshri
SGoenka,ManishKeshri
CoralChatterjee,ManishKeshri
ShivanjaliYadav,ManishKeshri
AsthaAgarwal,ManishKeshri
ParulMaheshwari,ManishKeshri
SouradipSen,ManishKeshri
ShivangiSahu,ManishKeshri
ShrikantChavare,ManishKeshri
AmanShah,ManishKeshri
EklavyaMahajan,ManishKeshri
KunalKanwat,ManishKeshri
PramodBhakhar,ManishKeshri
AmarDungdung,ManishKeshri
RashmiChoudhary3,ManishKeshri
PrashantChandra,ManishKeshri
anandamrit,ManishKeshri
RajNayanDatta,ManishKeshri
TusharSaxena,ManishKeshri
SiddharthNayak,ManishKeshri
VibhuGupta,ManishKeshri
UtkarshAgarwal7,ManishKeshri
AnmolGarg,ManishKeshri
ShashankShekhar,ManishKeshri
PriyankaArya,ManishKeshri
PratikPatra1,ManishKeshri
ShrutiRanjan,ManishKeshri
GulshanKumar,ManishKeshri
KeshavKumar,ManishKeshri
AkshayAggarwal,ManishKeshri
RamkrishnaKumar1,ManishKeshri
SharmaShreyas,ManishKeshri
ManishMathuria,AvishekDan
,AvishekDan
AntarikshBothale,AvishekDan
VIPULSINGH,AvishekDan
IjscJournal,AvishekDan
SabareeshNikhilC,AvishekDan
RohitPandey,AvishekDan
AAgarwal,AvishekDan
PanchajanyaBanerjee,AvishekDan
SanchalakBasu,AvishekDan
SayantaniLala,AvishekDan
TaniaBanerjee,AvishekDan
AnilShanbhag,AvishekDan
DwaipayanMukherjee,AvishekDan
SayujyaSankar,AvishekDan
PritamSharma,AvishekDan
AyanGiri,AvishekDan
MOHAMMADNASIRUDDIN,AvishekDan
SubhroMukherjee,AvishekDan
DebdeepSarkar,AvishekDan
SupratikBose,AvishekDan
SankhaBhattacharya,AvishekDan
JOYDEEPMONDAL1,AvishekDan
RSaha,AvishekDan
SudarshanaMukhopadhyay,AvishekDan
NarayanBose,AvishekDan
JayantaBorah,AvishekDan
ArjabRoy,AvishekDan
KinjalBasu,AvishekDan
SauradeepBhowmick,AvishekDan
KritikaSha,AvishekDan
SuchandraAddya,AvishekDan
BiplabBanerjee,AvishekDan
ShourjyaSanyal,AvishekDan
BibekBehera,AvishekDan
PraveenPendyala,AvishekDan
ADas,AvishekDan
AbhishekChanda,AvishekDan
ChayanSarkar,AvishekDan
SoumyadipBhattacharyya,AvishekDan
ArkaGhosh1,AvishekDan
RahulRoy50,AvishekDan
GargiRoy,AvishekDan
DebasishJana,AvishekDan
SubrataBiswas,AvishekDan
ArnabChakraborty,AvishekDan
PratyushNalam,AvishekDan
KhushrajMadnani,AvishekDan
MittalAshima,AvishekDan
RahulDe,AvishekDan
AshokVardhan,AvishekDan
SauravMukherjee2,AvishekDan
SwarupDangar,AvishekDan
AvikMitra,AvishekDan
GourabPahar,AvishekDan
RupamJash,AvishekDan
AnjanRoy,AvishekDan
SamyajitBasu,AvishekDan
PushpakBhattacharyya,AvishekDan
SaurabhSuman,AvishekDan
AntarikshBothale,KaruneshJigyasu
PoornaChandra,KaruneshJigyasu
uttamsikaria,KaruneshJigyasu
VIPULSINGH,KaruneshJigyasu
PranushaManthri,KaruneshJigyasu
KetavMehta,KaruneshJigyasu
ArunabhSingh,KaruneshJigyasu
SabareeshNikhilC,KaruneshJigyasu
SumanRao,KaruneshJigyasu
UrbashiSarkar,KaruneshJigyasu
AkvilSakhare,KaruneshJigyasu
ThejasRajagopal,KaruneshJigyasu
AmritaKini,KaruneshJigyasu
NehaInnanje,KaruneshJigyasu
HarshMaheshwari,KaruneshJigyasu
SouvikDutta,KaruneshJigyasu
AbhijeetMukhekar,KaruneshJigyasu
AnasuyaMandal,KaruneshJigyasu
SarwarRizvi,KaruneshJigyasu
PraveshKochar,KaruneshJigyasu
TikenDeori,KaruneshJigyasu
RBhardwaj,KaruneshJigyasu
LeelaAnnam,KaruneshJigyasu
JainAkshat,KaruneshJigyasu
AditiJain2,KaruneshJigyasu
SaumyaMisra,KaruneshJigyasu
AnkitGoswami4,KaruneshJigyasu
VikasPandey,KaruneshJigyasu
AkankshaThawani,KaruneshJigyasu
ArpanJain,KaruneshJigyasu
ShivanjaliYadav,KaruneshJigyasu
NaseefKpo,KaruneshJigyasu
SabarniSen,KaruneshJigyasu
RadhaMadhuri,KaruneshJigyasu
PrashantSachan,KaruneshJigyasu
deekshasinha,KaruneshJigyasu
KshitijChaudhary3,KaruneshJigyasu
NivedanRathi,KaruneshJigyasu
SouradipSen,KaruneshJigyasu
KumarHarshita,KaruneshJigyasu
ShipraAgrawal,KaruneshJigyasu
KunalKanwat,KaruneshJigyasu
PramodBhakhar,KaruneshJigyasu
DeekshaChugh,KaruneshJigyasu
RajNayanDatta,KaruneshJigyasu
IshaanRakshit,KaruneshJigyasu
TusharSaxena,KaruneshJigyasu
AdityaPrakash,KaruneshJigyasu
ShashankShekhar,KaruneshJigyasu
ChiragJha2,KaruneshJigyasu
PriyankaArya,KaruneshJigyasu
GauravKumar,KaruneshJigyasu
JainShubham,KaruneshJigyasu
SubirRoy,KaruneshJigyasu
SmrutiMirani,KaruneshJigyasu
ShikharDaydar,KaruneshJigyasu
AvinashUnni,KaruneshJigyasu
SaubhagyaSinghRathore,KaruneshJigyasu
AnkitBhandari,KaruneshJigyasu
ShodhanSanjeev,KaruneshJigyasu
NarsimMPar,AlankarJain
MarcinPaprzycki,AlankarJain
AntarikshBothale,AlankarJain
PoornaChandra,AlankarJain
uttamsikaria,AlankarJain
SouvikSen,AlankarJain
KasunRangaWijeweera,AlankarJain
rashmichaudhary,AlankarJain
SultanMuhammadRazzak,AlankarJain
PranushaManthri,AlankarJain
PranayBhatia,AlankarJain
KetavMehta,AlankarJain
ArunabhSingh,AlankarJain
SabareeshNikhilC,AlankarJain
AkvilSakhare,AlankarJain
AakritiJain,AlankarJain
SnehaJain,AlankarJain
HarshMaheshwari,AlankarJain
SouvikDutta,AlankarJain
AnasuyaMandal,AlankarJain
SarwarRizvi,AlankarJain
PraveshKochar,AlankarJain
RBhardwaj,AlankarJain
JainAkshat,AlankarJain
SachinSharma,AlankarJain
ManishKeshri,AlankarJain
AnandLalwani,AlankarJain
SarjanSatra,AlankarJain
NeerajAgarwal,AlankarJain
DarpanSanghavi,AlankarJain
AbhishekKejriwal,AlankarJain
IndrasenBhattacharya,AlankarJain
RiddhishBhalodia,AlankarJain
SGoenka,AlankarJain
MansiSood,AlankarJain
AshwinKrishnan1,AlankarJain
RahulShinde1,AlankarJain
ShivanjaliYadav,AlankarJain
ShibaniSanturkar,AlankarJain
SnehaRoy6,AlankarJain
AdityaLalwani,AlankarJain
AbhishekPadmanabhan,AlankarJain
NidhiShanbhag,AlankarJain
RaunakKudesia,AlankarJain
deekshasinha,AlankarJain
MayankBoob,AlankarJain
PararthShah,AlankarJain
MudeRajuNaik,AlankarJain
SouradipSen,AlankarJain
AdwaitvedantMathkar,AlankarJain
RohanKhadatkar,AlankarJain
EklavyaMahajan,AlankarJain
SamyakJaroli,AlankarJain
AnkitAgarwal11,AlankarJain
KunalKanwat,AlankarJain
DeepshikhaAlha,AlankarJain
RajNayanDatta,AlankarJain
AnmolSaxena,AlankarJain
VibhuGupta,AlankarJain
AlankarSaxena,AlankarJain
AntarikshBothale,SarjanSatra
PoornaChandra,SarjanSatra
uttamsikaria,SarjanSatra
VIPULSINGH,SarjanSatra
PranushaManthri,SarjanSatra
PranayBhatia,SarjanSatra
KetavMehta,SarjanSatra
ArunabhSingh,SarjanSatra
SabareeshNikhilC,SarjanSatra
SumanRao,SarjanSatra
AkvilSakhare,SarjanSatra
AbhishekTiwari,SarjanSatra
AbhijeetMukhekar,SarjanSatra
AkhilTak,SarjanSatra
AjinkyaLatkar,SarjanSatra
RBhardwaj,SarjanSatra
AditiJain2,SarjanSatra
AlankarJain,SarjanSatra
DarpanSanghavi,SarjanSatra
AAgarwal,SarjanSatra
AkankshaThawani,SarjanSatra
IndrasenBhattacharya,SarjanSatra
HarminShah,SarjanSatra
RahulShinde1,SarjanSatra
AbhinavChikhalkar,SarjanSatra
AbhishekPadmanabhan,SarjanSatra
RaunakKudesia,SarjanSatra
deekshasinha,SarjanSatra
NidhiShanbhag,SarjanSatra
PararthShah,SarjanSatra
NivedanRathi,SarjanSatra
MudeRajuNaik,SarjanSatra
AdwaitvedantMathkar,SarjanSatra
SanketPatel,SarjanSatra
AnkitAgarwal11,SarjanSatra
KunalKanwat,SarjanSatra
PrashantChandra,SarjanSatra
DeepshikhaAlha,SarjanSatra
DeepshikhaVerma,SarjanSatra
kushjain,SarjanSatra
AyushBaheti,SarjanSatra
AlankarSaxena,SarjanSatra
sudheerkatta,SarjanSatra
AnmolGarg,SarjanSatra
NEERAJTOSHNIWAL,SarjanSatra
RuteshChavda,SarjanSatra
PriyankaArya,SarjanSatra
KaustubhGupta,SarjanSatra
AyushChandak,SarjanSatra
AsmitJain,SarjanSatra
SrinivasNuti,SarjanSatra
rajeevranka,SarjanSatra
HarshPareek,SarjanSatra
LavishOrdia,SarjanSatra
ShashwatGandhi,SarjanSatra
RahulMaganti,SarjanSatra
AnkitRana,SarjanSatra
JuzerTambawala,SarjanSatra
MoustafaNajm,SarjanSatra
GauravBharti,SarjanSatra
NaveenKumarPoddar,SaranshSingh
AntarikshBothale,SaranshSingh
PoornaChandra,SaranshSingh
uttamsikaria,SaranshSingh
PranushaManthri,SaranshSingh
KetavMehta,SaranshSingh
ArunabhSingh,SaranshSingh
SabareeshNikhilC,SaranshSingh
AkvilSakhare,SaranshSingh
HarshMaheshwari,SaranshSingh
SiddharthBhandari,SaranshSingh
RohitRanjan,SaranshSingh
AjinkyaLatkar,SaranshSingh
RBhardwaj,SaranshSingh
AditiJain2,SaranshSingh
MGisap,SaranshSingh
TIOEE,SaranshSingh
KhushbooSadhwani,SaranshSingh
VikasPandey,SaranshSingh
EdulPatek,SaranshSingh
IndrasenBhattacharya,SaranshSingh
MayankLodha,SaranshSingh
HarminShah,SaranshSingh
GaneshSamdani,SaranshSingh
DeepakSevta,SaranshSingh
AbhinavChikhalkar,SaranshSingh
eterbira,SaranshSingh
NamanAgarwal,SaranshSingh
NidhiShanbhag,SaranshSingh
GeetaMonpara,SaranshSingh
MudeRajuNaik,SaranshSingh
kumarkislay,SaranshSingh
ArvindBoudha,SaranshSingh
RishabhAgarwal,SaranshSingh
AnantParghi,SaranshSingh
AmitChahalia,SaranshSingh
AnkitAgarwal11,SaranshSingh
VishalVerma,SaranshSingh
NEERAJTOSHNIWAL,SaranshSingh
RuteshChavda,SaranshSingh
KaustubhGupta,SaranshSingh
SharjeelImam,SaranshSingh
AyushChandak,SaranshSingh
YashovardhanChati,SaranshSingh
JainShubham,SaranshSingh
YaditiRangari,SaranshSingh
FebinKoyan,SaranshSingh
PushpamBhardwaj,SaranshSingh
AyushAgrawal,SaranshSingh
SREENIVASARAOPACHARU,SaranshSingh
RohitKasliwal,SaranshSingh
GauravRaj,SaranshSingh
MaheshTikone,SaranshSingh
PrashansaShrivastava,SaranshSingh
NeerajAhuja,SaranshSingh
DasArchana,SaranshSingh
ManishRao,SaranshSingh
RohitGoyal,SaranshSingh
deepeshRai,SaranshSingh
SandeepKavadi,SaranshSingh
AntarikshBothale,ParthasarathiPanda
PoornaChandra,ParthasarathiPanda
VIPULSINGH,ParthasarathiPanda
ProneetVerma,ParthasarathiPanda
SabareeshNikhilC,ParthasarathiPanda
IraTrivedi,ParthasarathiPanda
SumanRao,ParthasarathiPanda
AurkoChatterjee,ParthasarathiPanda
SouvikDutta,ParthasarathiPanda
MarkSimpson,ParthasarathiPanda
SarwarRizvi,ParthasarathiPanda
AdityaShankar,ParthasarathiPanda
PraveshKochar,ParthasarathiPanda
JainAkshat,ParthasarathiPanda
ManishKeshri,ParthasarathiPanda
NiyatiJhamaria,ParthasarathiPanda
AAgarwal,ParthasarathiPanda
prudhvitejimmadi,ParthasarathiPanda
AmanChaudhary,ParthasarathiPanda
RiddhishBhalodia,ParthasarathiPanda
SGoenka,ParthasarathiPanda
MansiSood,ParthasarathiPanda
HarminShah,ParthasarathiPanda
RahulShinde1,ParthasarathiPanda
CoralChatterjee,ParthasarathiPanda
ShreyanshYadav,ParthasarathiPanda
PrashantSachan,ParthasarathiPanda
deekshasinha,ParthasarathiPanda
AnilShanbhag,ParthasarathiPanda
SudhanshuBahety,ParthasarathiPanda
RajNayanDatta,ParthasarathiPanda
IshaanRakshit,ParthasarathiPanda
VibhuGupta,ParthasarathiPanda
UtkarshAgarwal7,ParthasarathiPanda
ChadhaChirag,ParthasarathiPanda
ParulPurwar,ParthasarathiPanda
ChiragJha2,ParthasarathiPanda
KaustubhGupta,ParthasarathiPanda
purumuthal,ParthasarathiPanda
MadhuMeena,ParthasarathiPanda
ARoy,ParthasarathiPanda
AshwinKhadke,ParthasarathiPanda
AsmitJain,ParthasarathiPanda
RahulMaganti,ParthasarathiPanda
JainShubham,ParthasarathiPanda
KeshavKumar,ParthasarathiPanda
TejVaidya,ParthasarathiPanda
PratyushNalla,ParthasarathiPanda
VarunManthapuri,ParthasarathiPanda
UnmilHulke,ParthasarathiPanda
SharbatanuChatterjee,ParthasarathiPanda
KrishnamoorthyIyer,ParthasarathiPanda
VishnuVardhanVinjam,ParthasarathiPanda
JadhavTushar,ParthasarathiPanda
KumarAravindh,ParthasarathiPanda
KumarSambhava,ParthasarathiPanda
suryapratapbabar,ParthasarathiPanda
BhanuVikas,ParthasarathiPanda
AnamMathew,ParthasarathiPanda
AlankarKotwal,ParthasarathiPanda
AntarikshBothale,AnuragDubey6
PoornaChandra,AnuragDubey6
uttamsikaria,AnuragDubey6
rashmichaudhary,AnuragDubey6
SabareeshNikhilC,AnuragDubey6
SumanRao,AnuragDubey6
AnuragSharma,AnuragDubey6
UrbashiSarkar,AnuragDubey6
AkvilSakhare,AnuragDubey6
NehaInnanje,AnuragDubey6
AbhijeetMukhekar,AnuragDubey6
KaranSingh,AnuragDubey6
SarwarRizvi,AnuragDubey6
AdityaShankar,AnuragDubey6
AjinkyaLatkar,AnuragDubey6
JainAkshat,AnuragDubey6
ManishKeshri,AnuragDubey6
AnandLalwani,AnuragDubey6
NiyatiJhamaria,AnuragDubey6
AAgarwal,AnuragDubey6
KumarSubham,AnuragDubey6
prudhvitejimmadi,AnuragDubey6
SGoenka,AnuragDubey6
RahulShinde1,AnuragDubey6
HarminShah,AnuragDubey6
DeepakChoudhary,AnuragDubey6
CoralChatterjee,AnuragDubey6
AsthaAgarwal,AnuragDubey6
ShashankSrivastava4,AnuragDubey6
AbhinavChikhalkar,AnuragDubey6
ShreyanshYadav,AnuragDubey6
AdityaLalwani,AnuragDubey6
RaunakKudesia,AnuragDubey6
RohanKhadatkar,AnuragDubey6
AmanShah,AnuragDubey6
EklavyaMahajan,AnuragDubey6
PramodBhakhar,AnuragDubey6
TusharSaxena,AnuragDubey6
DeepshikhaVerma,AnuragDubey6
VibhuGupta,AnuragDubey6
UtkarshAgarwal7,AnuragDubey6
ChadhaChirag,AnuragDubey6
RuteshChavda,AnuragDubey6
KaustubhGupta,AnuragDubey6
AshwinKhadke,AnuragDubey6
AnirudhaHulsurkar,AnuragDubey6
LavishOrdia,AnuragDubey6
JainShubham,AnuragDubey6
KeshavKumar,AnuragDubey6
PranavBende,AnuragDubey6
ThakurSiddharth,AnuragDubey6
SharmaShreyas,AnuragDubey6
PratikDeogekar,AnuragDubey6
ParthSabharwal,AnuragDubey6
TejVaidya,AnuragDubey6
ReidRizviRahman,AnuragDubey6
PratyushNalla,AnuragDubey6
GunaPrasaad,AnuragDubey6
AyushMisra,AnuragDubey6
UnmilHulke,AnuragDubey6
AntarikshBothale,VikasPandey
DrPramodKUMAR,VikasPandey
PoornaChandra,VikasPandey
uttamsikaria,VikasPandey
rashmichaudhary,VikasPandey
KetavMehta,VikasPandey
SabareeshNikhilC,VikasPandey
AkvilSakhare,VikasPandey
SnehaJain,VikasPandey
AbhishekTiwari,VikasPandey
AnugrahNagaich,VikasPandey
rajkumarsaini,VikasPandey
ssarfarazahmed,VikasPandey
SarwarRizvi,VikasPandey
AdityaShankar,VikasPandey
AjinkyaLatkar,VikasPandey
RBhardwaj,VikasPandey
KaruneshJigyasu,VikasPandey
SaranshSingh,VikasPandey
PriyankadeSouza,VikasPandey
AAgarwal,VikasPandey
KasviniMuniandy,VikasPandey
ShivanjaliYadav,VikasPandey
GouriSaha,VikasPandey
RaunakKudesia,VikasPandey
ShubhamChandel,VikasPandey
KunalKanwat,VikasPandey
RajNayanDatta,VikasPandey
BandanaSingha,VikasPandey
AdwitKashyap,VikasPandey
NEERAJTOSHNIWAL,VikasPandey
AshutoshKainthola,VikasPandey
MeijJournal,VikasPandey
AgniweshKumar,VikasPandey
GulshanKumar,VikasPandey
JuzerTambawala,VikasPandey
JoydevManna,VikasPandey
FebinKoyan,VikasPandey
JigarSura,VikasPandey
VivekKumar,VikasPandey
MeenakshiTripathi,VikasPandey
ParthasarathiChoudhury,VikasPandey
TarunGangwar,VikasPandey
SarveshSundaram,VikasPandey
RajuEdla,VikasPandey
SonawaneJayesh,VikasPandey
ShreyanshDaftry,VikasPandey
PranayBiswas,VikasPandey
AbhishekNambiar,VikasPandey
AvinashAvi12,VikasPandey
PratikTarafdar,VikasPandey
NimishKhandelwal,VikasPandey
BijonLahiri,VikasPandey
ManishRao,VikasPandey
NeelamRathore,VikasPandey
ChaithanyaAbhishek,VikasPandey
GauravSingh,VikasPandey
ArkaGhosh1,VikasPandey
,VikasPandey
PratishthaJain,VikasPandey
AntarikshBothale,AkankshaThawani
PoornaChandra,AkankshaThawani
uttamsikaria,AkankshaThawani
VIPULSINGH,AkankshaThawani
KetavMehta,AkankshaThawani
RaviTejaPalla,AkankshaThawani
ArunabhSingh,AkankshaThawani
SabareeshNikhilC,AkankshaThawani
SumanRao,AkankshaThawani
AkvilSakhare,AkankshaThawani
SnehaJain,AkankshaThawani
NehaInnanje,AkankshaThawani
AyushGargIITB,AkankshaThawani
AbhijeetMukhekar,AkankshaThawani
SarwarRizvi,AkankshaThawani
PraveshKochar,AkankshaThawani
RBhardwaj,AkankshaThawani
AditiJain2,AkankshaThawani
AnandLalwani,AkankshaThawani
KaruneshJigyasu,AkankshaThawani
SarjanSatra,AkankshaThawani
NiyatiJhamaria,AkankshaThawani
AAgarwal,AkankshaThawani
PoorvaShukla,AkankshaThawani
IndrasenBhattacharya,AkankshaThawani
ShibaniSanturkar,AkankshaThawani
ShreyanshYadav,AkankshaThawani
deekshasinha,AkankshaThawani
PararthShah,AkankshaThawani
ParulMaheshwari,AkankshaThawani
SouradipSen,AkankshaThawani
AdwaitvedantMathkar,AkankshaThawani
YogeshGoyal,AkankshaThawani
AnilShanbhag,AkankshaThawani
AmanShah,AkankshaThawani
AnkitAgarwal11,AkankshaThawani
DeepshikhaAlha,AkankshaThawani
AyanChatterjee,AkankshaThawani
ChandrikaBhardwaj,AkankshaThawani
ParulPurwar,AkankshaThawani
AnirudhSinghChouhan,AkankshaThawani
RuteshChavda,AkankshaThawani
PriyankaArya,AkankshaThawani
KaustubhGupta,AkankshaThawani
UditJalan,AkankshaThawani
SampathSatti,AkankshaThawani
AsmitJain,AkankshaThawani
SrinivasNuti,AkankshaThawani
ANANTPREET,AkankshaThawani
ShrutiRanjan,AkankshaThawani
JainShubham,AkankshaThawani
YaditiRangari,AkankshaThawani
VivekSaraswat,AkankshaThawani
AbhinavAgarwal,AkankshaThawani
ThakurSiddharth,AkankshaThawani
SmrutiMirani,AkankshaThawani
VarshaPadhee,AkankshaThawani
NikunjSaunshi,AkankshaThawani
TarunGangwar,AkankshaThawani
MisbahAshraf,AkankshaThawani
EngrShoewu,prudhvitejimmadi
uttamsikaria,prudhvitejimmadi
VIPULSINGH,prudhvitejimmadi
PranushaManthri,prudhvitejimmadi
SabareeshNikhilC,prudhvitejimmadi
SumanRao,prudhvitejimmadi
NikenAnggraini,prudhvitejimmadi
AdityaShankar,prudhvitejimmadi
PraveshKochar,prudhvitejimmadi
ManishKeshri,prudhvitejimmadi
ParthasarathiPanda,prudhvitejimmadi
AnuragDubey6,prudhvitejimmadi
SajanSankaran,prudhvitejimmadi
SivaChaitanya,prudhvitejimmadi
RachitAggarwal,prudhvitejimmadi
RiddhishBhalodia,prudhvitejimmadi
SGoenka,prudhvitejimmadi
RahulShinde1,prudhvitejimmadi
CoralChatterjee,prudhvitejimmadi
ShivanjaliYadav,prudhvitejimmadi
AsthaAgarwal,prudhvitejimmadi
ShibaniSanturkar,prudhvitejimmadi
NavadeepPodapati,prudhvitejimmadi
MudeRajuNaik,prudhvitejimmadi
ShivanshRai,prudhvitejimmadi
AshokDibbada,prudhvitejimmadi
PramodBhakhar,prudhvitejimmadi
RipulDutt,prudhvitejimmadi
RajNayanDatta,prudhvitejimmadi
AkhilSaiAnumolu,prudhvitejimmadi
TusharSaxena,prudhvitejimmadi
ManikantaRaju,prudhvitejimmadi
sudheerkatta,prudhvitejimmadi
AnmolGarg,prudhvitejimmadi
ShashankShekhar,prudhvitejimmadi
ChiragJha2,prudhvitejimmadi
SatyaMandava,prudhvitejimmadi
YeshwanthReddy,prudhvitejimmadi
purumuthal,prudhvitejimmadi
AshwinKhadke,prudhvitejimmadi
SampathSatti,prudhvitejimmadi
ChandraPratapPal,prudhvitejimmadi
LavishOrdia,prudhvitejimmadi
RahulMaganti,prudhvitejimmadi
HZEunice,prudhvitejimmadi
SwethaKavuri,prudhvitejimmadi
PratyushaPutrevu,prudhvitejimmadi
SharmaShreyas,prudhvitejimmadi
PratikDeogekar,prudhvitejimmadi
ShivankerGoel,prudhvitejimmadi
VivekKumar,prudhvitejimmadi
tejdeep,prudhvitejimmadi
SoumyaPatro,prudhvitejimmadi
KrishnaSravanth,prudhvitejimmadi
manideepattanti,prudhvitejimmadi
AnmolArora,prudhvitejimmadi
TejVaidya,prudhvitejimmadi
VivekPandit,prudhvitejimmadi
AbhishekNambiar,prudhvitejimmadi
GunaPrasaad,prudhvitejimmadi
AntarikshBothale,RachitAggarwal
uttamsikaria,RachitAggarwal
KetavMehta,RachitAggarwal
ArunabhSingh,RachitAggarwal
SabareeshNikhilC,RachitAggarwal
SumanRao,RachitAggarwal
NehaInnanje,RachitAggarwal
CurtMarvinCruz,RachitAggarwal
ARachmawati,RachitAggarwal
AdityaShankar,RachitAggarwal
JainAkshat,RachitAggarwal
ManishKeshri,RachitAggarwal
ZakiaMuarrifa,RachitAggarwal
PoorvaShukla,RachitAggarwal
prudhvitejimmadi,RachitAggarwal
ShawKhantikachenchart,RachitAggarwal
RahulShinde1,RachitAggarwal
HarminShah,RachitAggarwal
ShibaniSanturkar,RachitAggarwal
ShreyanshYadav,RachitAggarwal
LeongChaoYang,RachitAggarwal
ParulMaheshwari,RachitAggarwal
SouradipSen,RachitAggarwal
PrashantChandra,RachitAggarwal
RashmiChoudhary3,RachitAggarwal
AnnidaKhoirunnisaIcha,RachitAggarwal
ZhiWeiCheng,RachitAggarwal
AmmarBakhsh,RachitAggarwal
AlankarSaxena,RachitAggarwal
ParulPurwar,RachitAggarwal
RuteshChavda,RachitAggarwal
MeijJournal,RachitAggarwal
SampathSatti,RachitAggarwal
SusnatoLahiri,RachitAggarwal
PrafulPatil,RachitAggarwal
ShrutiRanjan,RachitAggarwal
OmkarShaligtam,RachitAggarwal
TarangGupta,RachitAggarwal
VivekSaraswat,RachitAggarwal
GauravBharti,RachitAggarwal
ThakurSiddharth,RachitAggarwal
JMahbubi,RachitAggarwal
ShikharDaydar,RachitAggarwal
SmrutiMirani,RachitAggarwal
VivekKumar,RachitAggarwal
YitYeeChan,RachitAggarwal
RishabhVerma,RachitAggarwal
SujashaGupta,RachitAggarwal
RakshithShetty,RachitAggarwal
ChinmayKanojia,RachitAggarwal
DeepakKumar,RachitAggarwal
PratyushNalla,RachitAggarwal
JadhavTushar,RachitAggarwal
HimanshuArora,RachitAggarwal
suryapratapbabar,RachitAggarwal
VineelGrandhi,RachitAggarwal
PraveenPendyala,RachitAggarwal
RhythimaShinde,RachitAggarwal
RupeshBansal,RachitAggarwal
DivyankAgarwal,RachitAggarwal
MarcinPaprzycki,KaushikIska
KasunRangaWijeweera,KaushikIska
SabareeshNikhilC,KaushikIska
SakshiGupta,KaushikIska
YogeshMaheshwari,KaushikIska
RaviAgarwal,KaushikIska
ManikantaKondeti,KaushikIska
AkshayMinocha,KaushikIska
AbhijatSharma,KaushikIska
GDrushtiApoorva,KaushikIska
RajeshChaturvedi,KaushikIska
PriyaBansal,KaushikIska
HimanshuZade,KaushikIska
SnehaChilivery,KaushikIska
BodduluriPhani,KaushikIska
NishchayKala,KaushikIska
shivanipoddar,KaushikIska
SoumikMaji,KaushikIska
PandianR,KaushikIska
AbhinavAppidi,KaushikIska
VibhavSrivastava,KaushikIska
PrakulAgarwal,KaushikIska
KshitijAgrawal,KaushikIska
VennelaMiryala,KaushikIska
NitinAgarwal,KaushikIska
KondaM,KaushikIska
VaibhavGupta,KaushikIska
AnujKatiyal,KaushikIska
VarunAggarwal,KaushikIska
ArpitMerchant,KaushikIska
PravinPatil,KaushikIska
MallipeddiHardhik,KaushikIska
ShreyaRay,KaushikIska
KotloSharan,KaushikIska
SudarshRathi,KaushikIska
VasanthSai,KaushikIska
aniruddhatammewar,KaushikIska
DharmaTeja,KaushikIska
PiyushBansal,KaushikIska
NavyaSahithi,KaushikIska
MadhulikaJain,KaushikIska
KumarRishabhAh,KaushikIska
DeepanGupta,KaushikIska
VinayGarg,KaushikIska
AnoopKumar,KaushikIska
SathyaThati,KaushikIska
AkhilAgrawal,KaushikIska
ShashankSharma,KaushikIska
RaveeshMotlani,KaushikIska
SheetalReddy,KaushikIska
SrutiRallapalli,KaushikIska
KMishra,KaushikIska
MadhavaRaoNasini,KaushikIska
IshabhGupta,KaushikIska
watever,KaushikIska
TarangGoyal,KaushikIska
ChetanGupta,KaushikIska
AvniVerma,KaushikIska
kapildontula,KaushikIska
LakshyaKhandelwal,KaushikIska
AntarikshBothale,IndrasenBhattacharya
uttamsikaria,IndrasenBhattacharya
VIPULSINGH,IndrasenBhattacharya
PranayBhatia,IndrasenBhattacharya
ProneetVerma,IndrasenBhattacharya
SabareeshNikhilC,IndrasenBhattacharya
AkvilSakhare,IndrasenBhattacharya
SnehaJain,IndrasenBhattacharya
AbhishekTiwari,IndrasenBhattacharya
SouvikDutta,IndrasenBhattacharya
AnasuyaMandal,IndrasenBhattacharya
AkhilTak,IndrasenBhattacharya
JorgeMirez,IndrasenBhattacharya
AjinkyaLatkar,IndrasenBhattacharya
AbhimanyuDubey,IndrasenBhattacharya
RBhardwaj,IndrasenBhattacharya
AlankarJain,IndrasenBhattacharya
SarjanSatra,IndrasenBhattacharya
SaranshSingh,IndrasenBhattacharya
PriyankadeSouza,IndrasenBhattacharya
DivyeKapoor,IndrasenBhattacharya
AbhishekKejriwal,IndrasenBhattacharya
AkankshaThawani,IndrasenBhattacharya
ParagParmar,IndrasenBhattacharya
KanwalPrakashSingh,IndrasenBhattacharya
PreetiKumari,IndrasenBhattacharya
RaunakKudesia,IndrasenBhattacharya
ParulMaheshwari,IndrasenBhattacharya
MudeRajuNaik,IndrasenBhattacharya
NivedanRathi,IndrasenBhattacharya
NivedanRathi,IndrasenBhattacharya
GeetaMonpara,IndrasenBhattacharya
AdwaitvedantMathkar,IndrasenBhattacharya
SanketPatel,IndrasenBhattacharya
SiddharthJain,IndrasenBhattacharya
SamyakJaroli,IndrasenBhattacharya
DeepshikhaVerma,IndrasenBhattacharya
AyushBaheti,IndrasenBhattacharya
ChandrikaBhardwaj,IndrasenBhattacharya
NEERAJTOSHNIWAL,IndrasenBhattacharya
RuteshChavda,IndrasenBhattacharya
DivyaSuwasini,IndrasenBhattacharya
UditJalan,IndrasenBhattacharya
SukhadaPendse,IndrasenBhattacharya
NitishPratik,IndrasenBhattacharya
rajeevranka,IndrasenBhattacharya
SrinivasNuti,IndrasenBhattacharya
HarshPareek,IndrasenBhattacharya
YashovardhanChati,IndrasenBhattacharya
ShashwatGandhi,IndrasenBhattacharya
ParthMuchhala,IndrasenBhattacharya
KaushikNaarayanb,IndrasenBhattacharya
HutokshiSethna,IndrasenBhattacharya
MeenakshiTripathi,IndrasenBhattacharya
RajeshDesapogu,IndrasenBhattacharya
GarvitJuniwal,IndrasenBhattacharya
TarunGangwar,IndrasenBhattacharya
DineshBisht,IndrasenBhattacharya
AbhinavNayar,IndrasenBhattacharya
DebaryaDutta,IndrasenBhattacharya
PoornaChandra,SGoenka
VIPULSINGH,SGoenka
KetavMehta,SGoenka
SabareeshNikhilC,SGoenka
SumanRao,SGoenka
AnuragSharma,SGoenka
SnehaJain,SGoenka
AbhijeetMukhekar,SGoenka
SarwarRizvi,SGoenka
AdityaShankar,SGoenka
ManishKeshri,SGoenka
AnandLalwani,SGoenka
AlankarJain,SGoenka
NiyatiJhamaria,SGoenka
ParthasarathiPanda,SGoenka
AnuragDubey6,SGoenka
TriyanshaVijay,SGoenka
prudhvitejimmadi,SGoenka
SajanSankaran,SGoenka
AmanChaudhary,SGoenka
RiddhishBhalodia,SGoenka
HarminShah,SGoenka
CoralChatterjee,SGoenka
AsthaAgarwal,SGoenka
AakashGupta,SGoenka
DivyaChaurasia,SGoenka
NidhiShanbhag,SGoenka
ParulMaheshwari,SGoenka
AnilShanbhag,SGoenka
MeeraDevrahi,SGoenka
IshaanRakshit,SGoenka
TusharSaxena,SGoenka
DeepshikhaVerma,SGoenka
ParulPurwar,SGoenka
purumuthal,SGoenka
MadhuMeena,SGoenka
AshwinKhadke,SGoenka
AsmitJain,SGoenka
rajeevranka,SGoenka
ShubhangeeVerma,SGoenka
JainShubham,SGoenka
KeshavKumar,SGoenka
RamkrishnaKumar1,SGoenka
SaubhagyaSinghRathore,SGoenka
MeenakshiTripathi,SGoenka
LathaAsha,SGoenka
DevangAgrawal,SGoenka
TarunGangwar,SGoenka
VivekPandit,SGoenka
SaketMehta,SGoenka
GunaPrasaad,SGoenka
NimishKhandelwal,SGoenka
VishalKhatri,SGoenka
KrishnamoorthyIyer,SGoenka
JadhavTushar,SGoenka
VishnuVardhanVinjam,SGoenka
KumarAravindh,SGoenka
AnamMathew,SGoenka
AlankarKotwal,SGoenka
RhythimaShinde,SGoenka
EngrShoewu,RahulShinde1
AntarikshBothale,RahulShinde1
PoornaChandra,RahulShinde1
VIPULSINGH,RahulShinde1
ArunabhSingh,RahulShinde1
SabareeshNikhilC,RahulShinde1
SumanRao,RahulShinde1
AkvilSakhare,RahulShinde1
NehaInnanje,RahulShinde1
HarshMaheshwari,RahulShinde1
pushpakvodapally,RahulShinde1
AbhijeetMukhekar,RahulShinde1
AnasuyaMandal,RahulShinde1
AdityaShankar,RahulShinde1
PraveshKochar,RahulShinde1
AlankarJain,RahulShinde1
SarjanSatra,RahulShinde1
ParthasarathiPanda,RahulShinde1
AnuragDubey6,RahulShinde1
KhushbooSadhwani,RahulShinde1
prudhvitejimmadi,RahulShinde1
RachitAggarwal,RahulShinde1
ShibaniSanturkar,RahulShinde1
AbhishekPadmanabhan,RahulShinde1
RaunakKudesia,RahulShinde1
DivyaChaurasia,RahulShinde1
MudeRajuNaik,RahulShinde1
NivedanRathi,RahulShinde1
RohanKhadatkar,RahulShinde1
PramodBhakhar,RahulShinde1
PrashantChandra,RahulShinde1
IshaanRakshit,RahulShinde1
AlankarSaxena,RahulShinde1
sudheerkatta,RahulShinde1
PriyankaArya,RahulShinde1
YeshwanthReddy,RahulShinde1
purumuthal,RahulShinde1
SampathSatti,RahulShinde1
SrinivasNuti,RahulShinde1
PrafulPatil,RahulShinde1
RahulMaganti,RahulShinde1
VivekSaraswat,RahulShinde1
RathnadeepKanaparthi,RahulShinde1
ShikharDaydar,RahulShinde1
SaubhagyaSinghRathore,RahulShinde1
NikunjSaunshi,RahulShinde1
manideepattanti,RahulShinde1
AbdulRauf,RahulShinde1
TeUtiz,RahulShinde1
RakshithShetty,RahulShinde1
DeepakKumar,RahulShinde1
SomasishGhosh,RahulShinde1
GunaPrasaad,RahulShinde1
NimishKhandelwal,RahulShinde1
GautamSumu,RahulShinde1
VigneshManavalan,RahulShinde1
RishabhPatel,RahulShinde1
DhruvGupta,RahulShinde1
AnamMathew,RahulShinde1
BhanuVikas,RahulShinde1
AntarikshBothale,AsthaAgarwal
uttamsikaria,AsthaAgarwal
VIPULSINGH,AsthaAgarwal
SabareeshNikhilC,AsthaAgarwal
AkvilSakhare,AsthaAgarwal
ElzaShofia,AsthaAgarwal
NehaInnanje,AsthaAgarwal
KalkiKukreja,AsthaAgarwal
KaranSingh,AsthaAgarwal
PraveshKochar,AsthaAgarwal
AbhimanyuDubey,AsthaAgarwal
JainAkshat,AsthaAgarwal
ManishKeshri,AsthaAgarwal
AnuragDubey6,AsthaAgarwal
prudhvitejimmadi,AsthaAgarwal
prudhvitejimmadi,AsthaAgarwal
RiddhishBhalodia,AsthaAgarwal
SGoenka,AsthaAgarwal
SumeghaKhilnani,AsthaAgarwal
ShivanjaliYadav,AsthaAgarwal
AbhinavChikhalkar,AsthaAgarwal
AniketSule,AsthaAgarwal
DivyaChaurasia,AsthaAgarwal
ParulMaheshwari,AsthaAgarwal
AmanShah,AsthaAgarwal
PramodBhakhar,AsthaAgarwal
RashmiChoudhary3,AsthaAgarwal
YaminiSingh,AsthaAgarwal
AlankarSaxena,AsthaAgarwal
AnmolGarg,AsthaAgarwal
purumuthal,AsthaAgarwal
AditiMakhija,AsthaAgarwal
AdhirajSinghJhala,AsthaAgarwal
MaltiGupta,AsthaAgarwal
KeshavKumar,AsthaAgarwal
RamkrishnaKumar1,AsthaAgarwal
SmrutiMirani,AsthaAgarwal
NikunjSaunshi,AsthaAgarwal
AnmolArora,AsthaAgarwal
MuskanRajoria,AsthaAgarwal
sushanthiray,AsthaAgarwal
TejVaidya,AsthaAgarwal
GunaPrasaad,AsthaAgarwal
CDedhia,AsthaAgarwal
SachinChandra,AsthaAgarwal
PhalguniShah,AsthaAgarwal
SachinChandra,AsthaAgarwal
NehaDhakar,AsthaAgarwal
HimanshuArora,AsthaAgarwal
EugenHruska,AsthaAgarwal
suryapratapbabar,AsthaAgarwal
ApoorvGupta,AsthaAgarwal
RhythmGupta,AsthaAgarwal
BhanuVikas,AsthaAgarwal
AlankarKotwal,AsthaAgarwal
RhythimaShinde,AsthaAgarwal
DivyankAgarwal,AsthaAgarwal
SriKrishnaPriyaD,AsthaAgarwal
SaiSaurab,AsthaAgarwal
UtkarshChanchlani,AsthaAgarwal
KetavMehta,ShibaniSanturkar
TrishantSimlai,ShibaniSanturkar
SabareeshNikhilC,ShibaniSanturkar
SumanRao,ShibaniSanturkar
NehaInnanje,ShibaniSanturkar
HarshMaheshwari,ShibaniSanturkar
SouvikDutta,ShibaniSanturkar
AbhijeetMukhekar,ShibaniSanturkar
AnasuyaMandal,ShibaniSanturkar
AdityaShankar,ShibaniSanturkar
AnandLalwani,ShibaniSanturkar
AlankarJain,ShibaniSanturkar
NiyatiJhamaria,ShibaniSanturkar
AkankshaThawani,ShibaniSanturkar
prudhvitejimmadi,ShibaniSanturkar
PoorvaShukla,ShibaniSanturkar
RachitAggarwal,ShibaniSanturkar
SatarupaBarma,ShibaniSanturkar
MansiSood,ShibaniSanturkar
HarminShah,ShibaniSanturkar
RahulShinde1,ShibaniSanturkar
BaranidharanMohan,ShibaniSanturkar
JyotiSingh,ShibaniSanturkar
AbhinavChikhalkar,ShibaniSanturkar
ShreyanshYadav,ShibaniSanturkar
MrinaliniShinde,ShibaniSanturkar
AbhishekPadmanabhan,ShibaniSanturkar
NidhiShanbhag,ShibaniSanturkar
ParulMaheshwari,ShibaniSanturkar
NiladriChatterji,ShibaniSanturkar
SouradipSen,ShibaniSanturkar
AdwaitvedantMathkar,ShibaniSanturkar
AnilShanbhag,ShibaniSanturkar
AnkitAgarwal11,ShibaniSanturkar
ArnabMahanty,ShibaniSanturkar
PrashantChandra,ShibaniSanturkar
ManishArora,ShibaniSanturkar
sudheerkatta,ShibaniSanturkar
ParulPurwar,ShibaniSanturkar
KSaiRam,ShibaniSanturkar
SukhadaPendse,ShibaniSanturkar
SampathSatti,ShibaniSanturkar
RiyaRay,ShibaniSanturkar
AnkitRana,ShibaniSanturkar
AkrishtPandey,ShibaniSanturkar
AbhinavAgarwal,ShibaniSanturkar
SmrutiMirani,ShibaniSanturkar
HutokshiSethna,ShibaniSanturkar
NikunjSaunshi,ShibaniSanturkar
AkshatKharaya,ShibaniSanturkar
LathaAsha,ShibaniSanturkar
RishabhVerma,ShibaniSanturkar
PranavSanturkar,ShibaniSanturkar
ManekaKhanna,ShibaniSanturkar
AyushMisra,ShibaniSanturkar
CDedhia,ShibaniSanturkar
RajatKhanduja,ShibaniSanturkar
UpasanaHembram,ShibaniSanturkar
NimishaMund,ShibaniSanturkar
SameerGardner,ShibaniSanturkar
BinayPattanayak,AniketSule
RiteshSingh,AniketSule
AntarikshBothale,AniketSule
AnindyaSinha,AniketSule
SudeepBenAlmitra,AniketSule
SrikumarMMenon,AniketSule
SabareeshNikhilC,AniketSule
KurushDalal,AniketSule
AnuragSharma,AniketSule
DrSubrotoMihiraliasSuvratadevSharmanaVandyopadhyayRoy,AniketSule
MochamadIkbalArifyanto,AniketSule
ProfRajeshKochharTRUE,AniketSule
NachiketKulkarni,AniketSule
AlokMishra,AniketSule
SiddharthDangi,AniketSule
ruchikumar,AniketSule
AsthaAgarwal,AniketSule
AbhinavChikhalkar,AniketSule
SauravShome,AniketSule
AakashGupta,AniketSule
MaishnamRustamSingh,AniketSule
AdwaitvedantMathkar,AniketSule
PiyushGarud,AniketSule
MeghanaDhoke,AniketSule
NagarjunaG,AniketSule
PConroy,AniketSule
RajendraChavan,AniketSule
AnantJain,AniketSule
RajeevVempuluru,AniketSule
SharmaShreyas,AniketSule
SmrutiMirani,AniketSule
,AniketSule
NikunjSaunshi,AniketSule
AuroniSemonti,AniketSule
AnmolArora,AniketSule
PhalguniShah,AniketSule
UmangMathur,AniketSule
AmanJakhar,AniketSule
SahilSharma,AniketSule
AmitSeta,AniketSule
SyakbaniahMaldin,AniketSule
AlankarKotwal,AniketSule
MugdhaKarnik,AniketSule
SriKrishnaPriyaD,AniketSule
GunjanBansal,AniketSule
GunjanBansal,AniketSule
SaiSaurab,AniketSule
BharadwajRallabandi,AniketSule
RahulGurnani,AniketSule
AdityaNambiar,AniketSule
PrajaktPande,AniketSule
ShantanuOzarkar,AniketSule
RabiShankarShil,AniketSule
JuieShetye,AniketSule
RajsekharMohapatra,AniketSule
HasanKumarReddyA,AniketSule
PlawanDas,AniketSule
HardikBansal1,AniketSule
rizaabbas,AniketSule
ShreyasJoshi,AniketSule
DeepitPurkayastha,AbhishekPadmanabhan
AntarikshBothale,AbhishekPadmanabhan
PoornaChandra,AbhishekPadmanabhan
uttamsikaria,AbhishekPadmanabhan
PranushaManthri,AbhishekPadmanabhan
PranayBhatia,AbhishekPadmanabhan
KetavMehta,AbhishekPadmanabhan
SabareeshNikhilC,AbhishekPadmanabhan
SumanRao,AbhishekPadmanabhan
AkvilSakhare,AbhishekPadmanabhan
HarshMaheshwari,AbhishekPadmanabhan
SouvikDutta,AbhishekPadmanabhan
AnasuyaMandal,AbhishekPadmanabhan
AdityaShankar,AbhishekPadmanabhan
RBhardwaj,AbhishekPadmanabhan
PrateekVijayavargia,AbhishekPadmanabhan
AlankarJain,AbhishekPadmanabhan
SarjanSatra,AbhishekPadmanabhan
MeghaBhattacharya,AbhishekPadmanabhan
PriyankadeSouza,AbhishekPadmanabhan
AbhishekKejriwal,AbhishekPadmanabhan
SajanSankaran,AbhishekPadmanabhan
AshwinKrishnan1,AbhishekPadmanabhan
HarminShah,AbhishekPadmanabhan
RahulShinde1,AbhishekPadmanabhan
AbhinavChikhalkar,AbhishekPadmanabhan
ShibaniSanturkar,AbhishekPadmanabhan
RaunakKudesia,AbhishekPadmanabhan
deekshasinha,AbhishekPadmanabhan
NidhiShanbhag,AbhishekPadmanabhan
NiladriChatterji,AbhishekPadmanabhan
PararthShah,AbhishekPadmanabhan
kumarkislay,AbhishekPadmanabhan
SouradipSen,AbhishekPadmanabhan
AdwaitvedantMathkar,AbhishekPadmanabhan
RohanKhadatkar,AbhishekPadmanabhan
AnilShanbhag,AbhishekPadmanabhan
PrashantChandra,AbhishekPadmanabhan
SGoel,AbhishekPadmanabhan
AyushBaheti,AbhishekPadmanabhan
AlankarSaxena,AbhishekPadmanabhan
ChadhaChirag,AbhishekPadmanabhan
sudheerkatta,AbhishekPadmanabhan
NEERAJTOSHNIWAL,AbhishekPadmanabhan
PriyankaArya,AbhishekPadmanabhan
UditJalan,AbhishekPadmanabhan
SaileeRane,AbhishekPadmanabhan
SampathSatti,AbhishekPadmanabhan
HarshPareek,AbhishekPadmanabhan
PrafulPatil,AbhishekPadmanabhan
AnkitRana,AbhishekPadmanabhan
VivekSaraswat,AbhishekPadmanabhan
JuzerTambawala,AbhishekPadmanabhan
YohanMathew,AbhishekPadmanabhan
HimanshuUniyal,AbhishekPadmanabhan
NikunjSaunshi,AbhishekPadmanabhan
AkshatKharaya,AbhishekPadmanabhan
GarvitJuniwal,AbhishekPadmanabhan
RishabhVerma,AbhishekPadmanabhan
NehaChohan,AbhishekPadmanabhan
AntarikshBothale,NidhiShanbhag
PoornaChandra,NidhiShanbhag
uttamsikaria,NidhiShanbhag
PranushaManthri,NidhiShanbhag
PranayBhatia,NidhiShanbhag
KetavMehta,NidhiShanbhag
SabareeshNikhilC,NidhiShanbhag
SumanRao,NidhiShanbhag
AkvilSakhare,NidhiShanbhag
SnehaJain,NidhiShanbhag
HarshMaheshwari,NidhiShanbhag
AnasuyaMandal,NidhiShanbhag
AjinkyaLatkar,NidhiShanbhag
RBhardwaj,NidhiShanbhag
AditiJain2,NidhiShanbhag
AlankarJain,NidhiShanbhag
SarjanSatra,NidhiShanbhag
NiyatiJhamaria,NidhiShanbhag
SaranshSingh,NidhiShanbhag
PriyankadeSouza,NidhiShanbhag
KhushbooSadhwani,NidhiShanbhag
SGoenka,NidhiShanbhag
AshwinKrishnan1,NidhiShanbhag
ShibaniSanturkar,NidhiShanbhag
AbhishekPadmanabhan,NidhiShanbhag
deekshasinha,NidhiShanbhag
NiladriChatterji,NidhiShanbhag
MayankBoob,NidhiShanbhag
ParulMaheshwari,NidhiShanbhag
PararthShah,NidhiShanbhag
GeetaMonpara,NidhiShanbhag
SouradipSen,NidhiShanbhag
AnilShanbhag,NidhiShanbhag
SanketPatel,NidhiShanbhag
AnkitAgarwal11,NidhiShanbhag
DeepshikhaAlha,NidhiShanbhag
IshaanRakshit,NidhiShanbhag
ChandrikaBhardwaj,NidhiShanbhag
AyushBaheti,NidhiShanbhag
ASingh,NidhiShanbhag
NEERAJTOSHNIWAL,NidhiShanbhag
YeshwanthReddy,NidhiShanbhag
SukhadaPendse,NidhiShanbhag
MeijJournal,NidhiShanbhag
HarshPareek,NidhiShanbhag
YashovardhanChati,NidhiShanbhag
ShashwatGandhi,NidhiShanbhag
RahulMaganti,NidhiShanbhag
YaditiRangari,NidhiShanbhag
YohanMathew,NidhiShanbhag
JuzerTambawala,NidhiShanbhag
ParthMuchhala,NidhiShanbhag
HutokshiSethna,NidhiShanbhag
GarvitJuniwal,NidhiShanbhag
RohitKasliwal,NidhiShanbhag
AnkitaSharma,NidhiShanbhag
DasArchana,NidhiShanbhag
NimishKhandelwal,NidhiShanbhag
UpasanaHembram,NidhiShanbhag
SanchitDeshmukh,NidhiShanbhag
AntarikshBothale,deekshasinha
PoornaChandra,deekshasinha
PranushaManthri,deekshasinha
KetavMehta,deekshasinha
SabareeshNikhilC,deekshasinha
AkvilSakhare,deekshasinha
SnehaJain,deekshasinha
NehaInnanje,deekshasinha
MayurRastogi,deekshasinha
RBhardwaj,deekshasinha
AditiJain2,deekshasinha
KaruneshJigyasu,deekshasinha
AlankarJain,deekshasinha
SarjanSatra,deekshasinha
NiyatiJhamaria,deekshasinha
ParthasarathiPanda,deekshasinha
KhushbooSadhwani,deekshasinha
AkankshaThawani,deekshasinha
SajanSankaran,deekshasinha
JanelleLimqueco,deekshasinha
ShreyanshYadav,deekshasinha
AbhishekPadmanabhan,deekshasinha
RaunakKudesia,deekshasinha
NidhiShanbhag,deekshasinha
MayankBoob,deekshasinha
ParulMaheshwari,deekshasinha
GeetaMonpara,deekshasinha
SouradipSen,deekshasinha
AdwaitvedantMathkar,deekshasinha
SamyakJaroli,deekshasinha
DeepshikhaAlha,deekshasinha
ShashankShekhar,deekshasinha
AlankarSaxena,deekshasinha
ChandrikaBhardwaj,deekshasinha
AnamZaman,deekshasinha
NikhilJones,deekshasinha
sudheerkatta,deekshasinha
PriyankaArya,deekshasinha
UditJalan,deekshasinha
MayuraPatil,deekshasinha
SonakshiAnand,deekshasinha
JoanneLim2,deekshasinha
OmkarShaligtam,deekshasinha
ShashwatGandhi,deekshasinha
AnkitRana,deekshasinha
VivekSaraswat,deekshasinha
YaditiRangari,deekshasinha
JuzerTambawala,deekshasinha
SmrutiMirani,deekshasinha
AryaSatyaNugraha,deekshasinha
AkshatKharaya,deekshasinha
RishabhVerma,deekshasinha
TarunGangwar,deekshasinha
SiddharthSarangdhar,deekshasinha
DasArchana,deekshasinha
AliceAgarwal,deekshasinha
SanchitDeshmukh,deekshasinha
VitorMonteiro,deekshasinha
ChaynikaSaikia,deekshasinha
NehaAgarwal,deekshasinha
AntarikshBothale,RaunakKudesia
PoornaChandra,RaunakKudesia
VIPULSINGH,RaunakKudesia
KetavMehta,RaunakKudesia
ArunabhSingh,RaunakKudesia
SabareeshNikhilC,RaunakKudesia
MishraSrijan,RaunakKudesia
SumanRao,RaunakKudesia
HarshMaheshwari,RaunakKudesia
NehaInnanje,RaunakKudesia
AjinkyaLatkar,RaunakKudesia
SinhaKushagra,RaunakKudesia
AlankarJain,RaunakKudesia
SarjanSatra,RaunakKudesia
AnuragDubey6,RaunakKudesia
VikasPandey,RaunakKudesia
ParnilUrdhwareshe,RaunakKudesia
IndrasenBhattacharya,RaunakKudesia
GauravDoshi,RaunakKudesia
RahulShinde1,RaunakKudesia
AbhinavChikhalkar,RaunakKudesia
AbhishekPadmanabhan,RaunakKudesia
DivyaChaurasia,RaunakKudesia
deekshasinha,RaunakKudesia
PararthShah,RaunakKudesia
RohanKhadatkar,RaunakKudesia
AdwaitvedantMathkar,RaunakKudesia
sahilpunchhi,RaunakKudesia
DeepshikhaAlha,RaunakKudesia
TusharSaxena,RaunakKudesia
VibhuGupta,RaunakKudesia
AlankarSaxena,RaunakKudesia
sudheerkatta,RaunakKudesia
AnmolGarg,RaunakKudesia
UditJalan,RaunakKudesia
SampathSatti,RaunakKudesia
HarshPareek,RaunakKudesia
AnkitRana,RaunakKudesia
SwapnilSaha,RaunakKudesia
RahulMaganti,RaunakKudesia
NijanshVerma,RaunakKudesia
KirtiKhade,RaunakKudesia
YashwardhanSingh,RaunakKudesia
ThakurSiddharth,RaunakKudesia
SharmaShreyas,RaunakKudesia
FebinKoyan,RaunakKudesia
RachitSaxena,RaunakKudesia
SiddharthNair3,RaunakKudesia
RishabhVerma,RaunakKudesia
RakshithShetty,RaunakKudesia
BhawnaMotwani,RaunakKudesia
SiddharthSarangdhar,RaunakKudesia
AnmolTiwari,RaunakKudesia
SiddharthGupta2,RaunakKudesia
NehaDhakar,RaunakKudesia
SanchitDeshmukh,RaunakKudesia
JadhavTushar,RaunakKudesia
deepeshRai,RaunakKudesia
VivekYadav3,RaunakKudesia
ShaunakDas,RaunakKudesia
AntarikshBothale,NiladriChatterji
KetavMehta,NiladriChatterji
ArunabhSingh,NiladriChatterji
SabareeshNikhilC,NiladriChatterji
SumanRao,NiladriChatterji
NehaInnanje,NiladriChatterji
HarshMaheshwari,NiladriChatterji
JainAkshat,NiladriChatterji
ManishKeshri,NiladriChatterji
NiyatiJhamaria,NiladriChatterji
AAgarwal,NiladriChatterji
PoorvaShukla,NiladriChatterji
SivaChaitanya,NiladriChatterji
RachitAggarwal,NiladriChatterji
HarminShah,NiladriChatterji
HarminShah,NiladriChatterji
CoralChatterjee,NiladriChatterji
ShibaniSanturkar,NiladriChatterji
ShreyanshYadav,NiladriChatterji
AbhishekPadmanabhan,NiladriChatterji
NidhiShanbhag,NiladriChatterji
ParulMaheshwari,NiladriChatterji
kumarkislay,NiladriChatterji
RohanKhadatkar,NiladriChatterji
AmanShah,NiladriChatterji
PrashantChandra,NiladriChatterji
VibhuGupta,NiladriChatterji
AlankarSaxena,NiladriChatterji
ChadhaChirag,NiladriChatterji
ParulPurwar,NiladriChatterji
ParulPurwar,NiladriChatterji
KaustubhGupta,NiladriChatterji
SampathSatti,NiladriChatterji
AsmitJain,NiladriChatterji
PrafulPatil,NiladriChatterji
ShrutiRanjan,NiladriChatterji
ShikharDaydar,NiladriChatterji
SaubhagyaSinghRathore,NiladriChatterji
NikunjSaunshi,NiladriChatterji
RishabhVerma,NiladriChatterji
AmankantAmbesh,NiladriChatterji
RakshithShetty,NiladriChatterji
SiddharthSarangdhar,NiladriChatterji
AyushMisra,NiladriChatterji
VishalKhatri,NiladriChatterji
CDedhia,NiladriChatterji
UpasanaHembram,NiladriChatterji
AnkurMallick,NiladriChatterji
VishnuVardhanVinjam,NiladriChatterji
DigvijayWadekar,NiladriChatterji
KshitijJayakrishnan,NiladriChatterji
suryapratapbabar,NiladriChatterji
DivyankAgarwal,NiladriChatterji
UtsavGoyal,NiladriChatterji
DarshilDave1,NiladriChatterji
VallariGore,NiladriChatterji
ShovenMehta,NiladriChatterji
SurajMenon,NiladriChatterji
RohanSablay,NiladriChatterji
KaustubhGohokar,NiladriChatterji
EngrShoewu,PararthShah
AntarikshBothale,PararthShah
PoornaChandra,PararthShah
KetavMehta,PararthShah
SabareeshNikhilC,PararthShah
SnehaJain,PararthShah
HarshMaheshwari,PararthShah
AlankarJain,PararthShah
SarjanSatra,PararthShah
DhruvAnand,PararthShah
AbhishekKejriwal,PararthShah
YashShah42,PararthShah
AkankshaThawani,PararthShah
KanwalPrakashSingh,PararthShah
HarminShah,PararthShah
AbhinavChikhalkar,PararthShah
AdityaLalwani,PararthShah
AbhishekPadmanabhan,PararthShah
GautamRavichandran,PararthShah
KarishmaDhakad,PararthShah
NidhiShanbhag,PararthShah
RaunakKudesia,PararthShah
AdwaitvedantMathkar,PararthShah
RohanKhadatkar,PararthShah
AnilShanbhag,PararthShah
RashmiChoudhary3,PararthShah
AlankarSaxena,PararthShah
AnmolGarg,PararthShah
NEERAJTOSHNIWAL,PararthShah
RuteshChavda,PararthShah
UditJalan,PararthShah
HarshPareek,PararthShah
PrafulPatil,PararthShah
ShashwatGandhi,PararthShah
AnkitRana,PararthShah
VivekSaraswat,PararthShah
JuzerTambawala,PararthShah
ShiladityaBagchi,PararthShah
NikunjSaunshi,PararthShah
AkshatKharaya,PararthShah
GarvitJuniwal,PararthShah
RishabhVerma,PararthShah
manideepattanti,PararthShah
sushanthiray,PararthShah
NehaChohan,PararthShah
RakshithShetty,PararthShah
SiddharthSarangdhar,PararthShah
AishwaryaMohapatra,PararthShah
GunaPrasaad,PararthShah
AyushMisra,PararthShah
VishalKhatri,PararthShah
CDedhia,PararthShah
JadhavTushar,PararthShah
SanchitDeshmukh,PararthShah
VishnuVardhanVinjam,PararthShah
UmangMathur,PararthShah
RohitGoyal,PararthShah
KumarAravindh,PararthShah
HimanshuArora,PararthShah
RishabhPatel,PararthShah
AntarikshBothale,ParulMaheshwari
PoornaChandra,ParulMaheshwari
uttamsikaria,ParulMaheshwari
VIPULSINGH,ParulMaheshwari
PranushaManthri,ParulMaheshwari
KetavMehta,ParulMaheshwari
ArunabhSingh,ParulMaheshwari
SabareeshNikhilC,ParulMaheshwari
AfthonIlmanHudaIsyfi,ParulMaheshwari
SumanRao,ParulMaheshwari
AkvilSakhare,ParulMaheshwari
SnehaJain,ParulMaheshwari
HarshMaheshwari,ParulMaheshwari
NehaInnanje,ParulMaheshwari
SouvikDutta,ParulMaheshwari
AyushGargIITB,ParulMaheshwari
AbhijeetMukhekar,ParulMaheshwari
AnasuyaMandal,ParulMaheshwari
SarwarRizvi,ParulMaheshwari
AdityaShankar,ParulMaheshwari
AjinkyaLatkar,ParulMaheshwari
RBhardwaj,ParulMaheshwari
JainAkshat,ParulMaheshwari
ManishKeshri,ParulMaheshwari
MGisap,ParulMaheshwari
DarpanSanghavi,ParulMaheshwari
AbhishekKejriwal,ParulMaheshwari
KhushbooSadhwani,ParulMaheshwari
AkankshaThawani,ParulMaheshwari
RachitAggarwal,ParulMaheshwari
SGoenka,ParulMaheshwari
ShivanjaliYadav,ParulMaheshwari
AsthaAgarwal,ParulMaheshwari
AbhinavChikhalkar,ParulMaheshwari
ShibaniSanturkar,ParulMaheshwari
NidhiShanbhag,ParulMaheshwari
deekshasinha,ParulMaheshwari
NiladriChatterji,ParulMaheshwari
GeetaMonpara,ParulMaheshwari
SouradipSen,ParulMaheshwari
ShrikantChavare,ParulMaheshwari
AnkitAgarwal11,ParulMaheshwari
KunalKanwat,ParulMaheshwari
PramodBhakhar,ParulMaheshwari
RashmiChoudhary3,ParulMaheshwari
DeepshikhaAlha,ParulMaheshwari
TusharSaxena,ParulMaheshwari
ChandrikaBhardwaj,ParulMaheshwari
sudheerkatta,ParulMaheshwari
PriyankaArya,ParulMaheshwari
keshavmathur,ParulMaheshwari
SukhadaPendse,ParulMaheshwari
SrinivasNuti,ParulMaheshwari
PrafulPatil,ParulMaheshwari
KeshavKumar,ParulMaheshwari
VivekSaraswat,ParulMaheshwari
ShikharDaydar,ParulMaheshwari
HutokshiSethna,ParulMaheshwari
TarunGangwar,ParulMaheshwari
DasArchana,ParulMaheshwari
SabareeshNikhilC,ShantanuKallakuri
GarvMalik,ShantanuKallakuri
EswaraSai,ShantanuKallakuri
HarikaNelli,ShantanuKallakuri
ChinmayaPatnayak,ShantanuKallakuri
ShravyaLahari,ShantanuKallakuri
ChanduParimi,ShantanuKallakuri
SrikanthSuresh,ShantanuKallakuri
HarshaAechuri,ShantanuKallakuri
VasanArunachalam,ShantanuKallakuri
RakshitVinnakota,ShantanuKallakuri
AnoopKarnik,ShantanuKallakuri
SwetabhKumar,ShantanuKallakuri
SriVenkatPoolla,ShantanuKallakuri
ananthkotti,ShantanuKallakuri
ThiruvikramanKandhadai,ShantanuKallakuri
SudheerVazrapu,ShantanuKallakuri
AntarikshaYelkawar,ShantanuKallakuri
PrasanthAkki,ShantanuKallakuri
MitulGirotra,ShantanuKallakuri
SrikantBharadwaj,ShantanuKallakuri
NarenKrishnaMadhurakavi,ShantanuKallakuri
DaminiRathi,ShantanuKallakuri
VinayakVR,ShantanuKallakuri
NikhilJones,ShantanuKallakuri
SwethaNimmagadda,ShantanuKallakuri
FaisalAhmad3,ShantanuKallakuri
AbhilashMirji,ShantanuKallakuri
HarshaDutta,ShantanuKallakuri
SuryaKlsv,ShantanuKallakuri
SarthakGhosh,ShantanuKallakuri
PriyaChowdhary,ShantanuKallakuri
SiddarthYerram,ShantanuKallakuri
NelakuduruVineeth,ShantanuKallakuri
RaviTeja,ShantanuKallakuri
rishabhsaraswat,ShantanuKallakuri
krishnakarthick,ShantanuKallakuri
ManojMadabhushi,ShantanuKallakuri
PrudhviReddy3,ShantanuKallakuri
VisishtaKarasani,ShantanuKallakuri
rajatsaxena,ShantanuKallakuri
DakojuNataraj,ShantanuKallakuri
SandeepGoli,ShantanuKallakuri
ReddyAvinash,ShantanuKallakuri
ChiragGarg3,ShantanuKallakuri
ChiragGarg3,ShantanuKallakuri
SalabhGoyal,ShantanuKallakuri
ApoorvaMusunuri,ShantanuKallakuri
ShankarVenkatraman,ShantanuKallakuri
JeevanRomee,ShantanuKallakuri
SuryaPrathap,ShantanuKallakuri
viveknimbarmunde,ShantanuKallakuri
RicheekDey,ShantanuKallakuri
PriscillaJamir,ShantanuKallakuri
SnehansuPradhan,ShantanuKallakuri
VikramsimhareddyKallam,ShantanuKallakuri
DivyaAnnavajjula,ShantanuKallakuri
JukantiRakshit,ShantanuKallakuri
SakshamPhul,ShantanuKallakuri
PraneethMaganti,ShantanuKallakuri
ZunuZunayeed,SouradipSen
AntarikshBothale,SouradipSen
PoornaChandra,SouradipSen
VIPULSINGH,SouradipSen
PranushaManthri,SouradipSen
PranayBhatia,SouradipSen
KetavMehta,SouradipSen
ArunabhSingh,SouradipSen
SabareeshNikhilC,SouradipSen
SumanRao,SouradipSen
AkvilSakhare,SouradipSen
SnehaJain,SouradipSen
HarshMaheshwari,SouradipSen
NehaInnanje,SouradipSen
SouvikDutta,SouradipSen
AbhijeetMukhekar,SouradipSen
AdityaMitra,SouradipSen
ParidhiSingh,SouradipSen
SantyMonty,SouradipSen
PujaGorai,SouradipSen
RBhardwaj,SouradipSen
ManishKeshri,SouradipSen
KaruneshJigyasu,SouradipSen
AlankarJain,SouradipSen
SaadBinAmjad,SouradipSen
NureenAnisha,SouradipSen
JuhiBansal,SouradipSen
PriyankadeSouza,SouradipSen
SunnyMohanty,SouradipSen
AkankshaThawani,SouradipSen
RachitAggarwal,SouradipSen
ArpanJain,SouradipSen
ShibaniSanturkar,SouradipSen
AbhishekPadmanabhan,SouradipSen
AmiyaPati,SouradipSen
deekshasinha,SouradipSen
NidhiShanbhag,SouradipSen
ParulMaheshwari,SouradipSen
PramodBhakhar,SouradipSen
VarshiniVenkatesh,SouradipSen
RitwikAgrawal,SouradipSen
SAMBITSARANGI,SouradipSen
RahulSeth,SouradipSen
PrashantChandra,SouradipSen
RajNayanDatta,SouradipSen
SounakSarkar,SouradipSen
parthpratik,SouradipSen
PrasadSubramanyan,SouradipSen
MadhavRangrass,SouradipSen
SiddarthShrikanth,SouradipSen
SiddharthNayak,SouradipSen
ApurvSathe,SouradipSen
SouvikSinhaRoy,SouradipSen
RahulMaganti,SouradipSen
BibekPradhan,SouradipSen
YaditiRangari,SouradipSen
VivekSaraswat,SouradipSen
JuzerTambawala,SouradipSen
SmrutiMirani,SouradipSen
UpmanyuBhaumik,SouradipSen
AntarikshBothale,AdwaitvedantMathkar
PoornaChandra,AdwaitvedantMathkar
uttamsikaria,AdwaitvedantMathkar
VIPULSINGH,AdwaitvedantMathkar
rashmichaudhary,AdwaitvedantMathkar
PranayBhatia,AdwaitvedantMathkar
KetavMehta,AdwaitvedantMathkar
SabareeshNikhilC,AdwaitvedantMathkar
SumanRao,AdwaitvedantMathkar
AkvilSakhare,AdwaitvedantMathkar
HarshMaheshwari,AdwaitvedantMathkar
SouvikDutta,AdwaitvedantMathkar
AnasuyaMandal,AdwaitvedantMathkar
AjinkyaLatkar,AdwaitvedantMathkar
AlankarJain,AdwaitvedantMathkar
SarjanSatra,AdwaitvedantMathkar
AAgarwal,AdwaitvedantMathkar
AkankshaThawani,AdwaitvedantMathkar
IndrasenBhattacharya,AdwaitvedantMathkar
AshitoshBabar,AdwaitvedantMathkar
AvipshaDas,AdwaitvedantMathkar
AbhinavChikhalkar,AdwaitvedantMathkar
AniketSule,AdwaitvedantMathkar
ShibaniSanturkar,AdwaitvedantMathkar
AbhishekPadmanabhan,AdwaitvedantMathkar
RaunakKudesia,AdwaitvedantMathkar
deekshasinha,AdwaitvedantMathkar
PararthShah,AdwaitvedantMathkar
RohanKhadatkar,AdwaitvedantMathkar
MeeraDevrahi,AdwaitvedantMathkar
DeepshikhaVerma,AdwaitvedantMathkar
AlankarSaxena,AdwaitvedantMathkar
AyushBaheti,AdwaitvedantMathkar
sudheerkatta,AdwaitvedantMathkar
PriyankaArya,AdwaitvedantMathkar
UditJalan,AdwaitvedantMathkar
SukhadaPendse,AdwaitvedantMathkar
HarshPareek,AdwaitvedantMathkar
YashovardhanChati,AdwaitvedantMathkar
BhavyaPandit,AdwaitvedantMathkar
AnkitRana,AdwaitvedantMathkar
RahulMaganti,AdwaitvedantMathkar
VivekSaraswat,AdwaitvedantMathkar
JoeKochitty,AdwaitvedantMathkar
JuzerTambawala,AdwaitvedantMathkar
YohanMathew,AdwaitvedantMathkar
AbishekShenoy,AdwaitvedantMathkar
ThakurSiddharth,AdwaitvedantMathkar
BidishaDas,AdwaitvedantMathkar
NikunjSaunshi,AdwaitvedantMathkar
AkshatKharaya,AdwaitvedantMathkar
RishabhVerma,AdwaitvedantMathkar
RakshithShetty,AdwaitvedantMathkar
SiddharthSarangdhar,AdwaitvedantMathkar
GaurangGupta,AdwaitvedantMathkar
UnmilHulke,AdwaitvedantMathkar
KrishnamoorthyIyer,AdwaitvedantMathkar
DLeithinger,AdwaitvedantMathkar
MoupiyaUkil,AdwaitvedantMathkar
SanchitDeshmukh,AdwaitvedantMathkar
DeepitPurkayastha,MeghanaReddy
MruthyunjayaRaoPadamata,MeghanaReddy
AnimeshChoudhary,MeghanaReddy
SabareeshNikhilC,MeghanaReddy
RaviKiran,MeghanaReddy
AakritiJain,MeghanaReddy
UmeshU,MeghanaReddy
MallikarjunKarra,MeghanaReddy
AkankshaShrivastava,MeghanaReddy
SiddharthBala,MeghanaReddy
HarikaNelli,MeghanaReddy
PujaGorai,MeghanaReddy
DebasishKanhar,MeghanaReddy
SahilJalan,MeghanaReddy
NilanjanaBhattacharya,MeghanaReddy
DivyaSappa,MeghanaReddy
RahatAnindo,MeghanaReddy
SaheliDe1,MeghanaReddy
MadhurimaKumar,MeghanaReddy
ThulasiJNambiar,MeghanaReddy
PankajMandal,MeghanaReddy
ArushiPratap,MeghanaReddy
TriyanshaVijay,MeghanaReddy
AKannamwar,MeghanaReddy
NathSaurabh,MeghanaReddy
SanchalakBasu,MeghanaReddy
RounakGulati,MeghanaReddy
BhargavaExcalibur,MeghanaReddy
monalisasethi,MeghanaReddy
parinayjain,MeghanaReddy
TejalKamble,MeghanaReddy
ManvithaJanagam,MeghanaReddy
PratikSahoo,MeghanaReddy
GayatriKumari,MeghanaReddy
KaushikMahato,MeghanaReddy
AmulyaPalle,MeghanaReddy
UjjwalRaghuvanshi,MeghanaReddy
ApoorvaReddy,MeghanaReddy
AmandeepChanyal,MeghanaReddy
AkshataMohanty,MeghanaReddy
SaurabhAgarwal,MeghanaReddy
RishitaDas,MeghanaReddy
SreeSudha1,MeghanaReddy
CGarg,MeghanaReddy
venugopalnaik,MeghanaReddy
BShree,MeghanaReddy
soumyaP,MeghanaReddy
TanmoySanyal,MeghanaReddy
ShishirKumar1,MeghanaReddy
VivekRai1,MeghanaReddy
RavikiranMaddali,MeghanaReddy
GargiSen,MeghanaReddy
NandithaUppada,MeghanaReddy
RoopamAttree,MeghanaReddy
srivatsakandukuri,MeghanaReddy
AmritaSukrity,MeghanaReddy
HaarshDubey,MeghanaReddy
MeenaUppaluri,MeghanaReddy
GopinathSoren,MeghanaReddy
PrachiBhoyar,MeghanaReddy
EngrShoewu,AnilShanbhag
AntarikshBothale,AnilShanbhag
PoornaChandra,AnilShanbhag
uttamsikaria,AnilShanbhag
VIPULSINGH,AnilShanbhag
KetavMehta,AnilShanbhag
ArunabhSingh,AnilShanbhag
SabareeshNikhilC,AnilShanbhag
NehaInnanje,AnilShanbhag
AbhishekTiwari,AnilShanbhag
AnasuyaMandal,AnilShanbhag
PraveshKochar,AnilShanbhag
AvishekDan,AnilShanbhag
ParthasarathiPanda,AnilShanbhag
AbhishekKejriwal,AnilShanbhag
AkankshaThawani,AnilShanbhag
SGoenka,AnilShanbhag
AsthaAgarwal,AnilShanbhag
ShibaniSanturkar,AnilShanbhag
AbhishekPadmanabhan,AnilShanbhag
NidhiShanbhag,AnilShanbhag
ArunothiaMarappan,AnilShanbhag
PararthShah,AnilShanbhag
AmanShah,AnilShanbhag
AnmolGarg,AnilShanbhag
SampathSatti,AnilShanbhag
rajeevranka,AnilShanbhag
RahulMaganti,AnilShanbhag
VivekSaraswat,AnilShanbhag
JuzerTambawala,AnilShanbhag
NikunjSaunshi,AnilShanbhag
manideepattanti,AnilShanbhag
AnmolArora,AnilShanbhag
sushanthiray,AnilShanbhag
TejVaidya,AnilShanbhag
GunaPrasaad,AnilShanbhag
CDedhia,AnilShanbhag
GautamSumu,AnilShanbhag
VamsiKrishna,AnilShanbhag
KumarAravindh,AnilShanbhag
HimanshuArora,AnilShanbhag
RishabhPatel,AnilShanbhag
BhanuVikas,AnilShanbhag
PraveenPendyala,AnilShanbhag
PranathiNMurthy,AnilShanbhag
AbhishekKumar,AnilShanbhag
SanchitMittal,AnilShanbhag
BharadwajRallabandi,AnilShanbhag
GaneshKalyansundaram,AnilShanbhag
ReddyManish,AnilShanbhag
PankajPrateek,AnilShanbhag
CharanGajjela,AnilShanbhag
BeatrizSchondube,AnilShanbhag
sampathvoleti,AnilShanbhag
SaketTiwari,AnilShanbhag
PreshitVerma,AnilShanbhag
VaibhavTolia,AnilShanbhag
Hemanth,AnilShanbhag
royaljain,AnilShanbhag
MehtaAkash,AnilShanbhag
VishalGupta,EklavyaMahajan
SabareeshNikhilC,EklavyaMahajan
NehaInnanje,EklavyaMahajan
PraveshKochar,EklavyaMahajan
ManishKeshri,EklavyaMahajan
AlankarJain,EklavyaMahajan
DarpanSanghavi,EklavyaMahajan
AAgarwal,EklavyaMahajan
AnuragDubey6,EklavyaMahajan
KumarSubham,EklavyaMahajan
AmanChaudhary,EklavyaMahajan
DeepakChoudhary,EklavyaMahajan
ShashankSrivastava4,EklavyaMahajan
HarkiratSingh13,EklavyaMahajan
DivyaChaurasia,EklavyaMahajan
NivedanRathi,EklavyaMahajan
YogeshGoyal,EklavyaMahajan
AbhinayKumar,EklavyaMahajan
PramodBhakhar,EklavyaMahajan
ShashankShekhar,EklavyaMahajan
AnmolGarg,EklavyaMahajan
NEERAJTOSHNIWAL,EklavyaMahajan
KaustubhGupta,EklavyaMahajan
AnirudhaHulsurkar,EklavyaMahajan
LavishOrdia,EklavyaMahajan
SharmaShreyas,EklavyaMahajan
PratikDeogekar,EklavyaMahajan
SaubhagyaSinghRathore,EklavyaMahajan
ParthSabharwal,EklavyaMahajan
TarunGangwar,EklavyaMahajan
MisbahAshraf,EklavyaMahajan
VishalKhatri,EklavyaMahajan
RishabhPatel,EklavyaMahajan
AshutoshTripathi,EklavyaMahajan
MittalAshima,EklavyaMahajan
PratyushNalam,EklavyaMahajan
FaizanMohd,EklavyaMahajan
TarangGoyal,EklavyaMahajan
kusabhaigarasiya,EklavyaMahajan
LakshyaKhandelwal,EklavyaMahajan
AshokVardhan,EklavyaMahajan
ChaitanyaPotti,EklavyaMahajan
DevendraGovil,EklavyaMahajan
NitinSingh,EklavyaMahajan
ParthSarthiSharma,EklavyaMahajan
PurvaPruthi,EklavyaMahajan
ParthSarthiSharma,EklavyaMahajan
PreshitVerma,EklavyaMahajan
VivekaKulharia,EklavyaMahajan
AshutoshGupta,EklavyaMahajan
AshishKumarSingh,EklavyaMahajan
AshwiniJain,EklavyaMahajan
AkashTiwari,EklavyaMahajan
NishantGurunath,EklavyaMahajan
RishabhKhandelwal,EklavyaMahajan
NooruddinKapadia,EklavyaMahajan
AjaySuryawanshi,EklavyaMahajan
ChoudhuryR,EklavyaMahajan
AshishJindal6,EklavyaMahajan
KherajChoudhary,EklavyaMahajan
uttamsikaria,PramodBhakhar
rashmichaudhary,PramodBhakhar
KetavMehta,PramodBhakhar
SabareeshNikhilC,PramodBhakhar
AkvilSakhare,PramodBhakhar
SnehaJain,PramodBhakhar
NehaInnanje,PramodBhakhar
AbhishekTiwari,PramodBhakhar
SarwarRizvi,PramodBhakhar
AdityaShankar,PramodBhakhar
JainAkshat,PramodBhakhar
ManishKeshri,PramodBhakhar
AnandLalwani,PramodBhakhar
KaruneshJigyasu,PramodBhakhar
AnuragDubey6,PramodBhakhar
prudhvitejimmadi,PramodBhakhar
SivaChaitanya,PramodBhakhar
AmanChaudhary,PramodBhakhar
MansiSood,PramodBhakhar
RahulShinde1,PramodBhakhar
ShivanjaliYadav,PramodBhakhar
AsthaAgarwal,PramodBhakhar
RahulShah34,PramodBhakhar
SidhantGoyal,PramodBhakhar
DivyaChaurasia,PramodBhakhar
ParulMaheshwari,PramodBhakhar
SouradipSen,PramodBhakhar
SanketPatel,PramodBhakhar
EklavyaMahajan,PramodBhakhar
KunalKanwat,PramodBhakhar
KunalKanwat,PramodBhakhar
RashmiChoudhary3,PramodBhakhar
PrashantChandra,PramodBhakhar
UtkarshAgarwal7,PramodBhakhar
AnmolGarg,PramodBhakhar
PriyankaArya,PramodBhakhar
YeshwanthReddy,PramodBhakhar
MadhuMeena,PramodBhakhar
PranjalPandey1,PramodBhakhar
AkshayGoyal7,PramodBhakhar
KeshavKumar,PramodBhakhar
ShikharDaydar,PramodBhakhar
PratikDeogekar,PramodBhakhar
SmrutiMirani,PramodBhakhar
SaubhagyaSinghRathore,PramodBhakhar
SaubhagyaSinghRathore,PramodBhakhar
NarayanBose,PramodBhakhar
AbdulRauf,PramodBhakhar
AmeekSingh,PramodBhakhar
PulkitKatdare,PramodBhakhar
SarveshSundaram,PramodBhakhar
deveshahuja,PramodBhakhar
NiladriDatta,PramodBhakhar
TapanBohra,PramodBhakhar
UnmilHulke,PramodBhakhar
NehaDhakar,PramodBhakhar
BijonLahiri,PramodBhakhar
SakshamGangwar,PramodBhakhar
ManishRao,PramodBhakhar
PushkarDongare,PramodBhakhar
AntarikshBothale,PrashantChandra
uttamsikaria,PrashantChandra
KetavMehta,PrashantChandra
ArunabhSingh,PrashantChandra
SabareeshNikhilC,PrashantChandra
SumanRao,PrashantChandra
HarshMaheshwari,PrashantChandra
AbhishekTiwari,PrashantChandra
BhaskarjyotiDas,PrashantChandra
AjinkyaLatkar,PrashantChandra
RBhardwaj,PrashantChandra
ManishKeshri,PrashantChandra
SarjanSatra,PrashantChandra
SivaChaitanya,PrashantChandra
RachitAggarwal,PrashantChandra
AshutoshJuvale,PrashantChandra
RahulShinde1,PrashantChandra
ShibaniSanturkar,PrashantChandra
AbhishekPadmanabhan,PrashantChandra
NiladriChatterji,PrashantChandra
MayankBoob,PrashantChandra
MudeRajuNaik,PrashantChandra
SouradipSen,PrashantChandra
PramodBhakhar,PrashantChandra
DeepshikhaAlha,PrashantChandra
AlankarSaxena,PrashantChandra
PriyankaArya,PrashantChandra
SampathSatti,PrashantChandra
AsmitJain,PrashantChandra
SrinivasNuti,PrashantChandra
PrafulPatil,PrashantChandra
VivekSaraswat,PrashantChandra
SmrutiMirani,PrashantChandra
ShikharDaydar,PrashantChandra
SaubhagyaSinghRathore,PrashantChandra
ShainkiBagga,PrashantChandra
RishabhVerma,PrashantChandra
AbdulRauf,PrashantChandra
LeonelMoura,PrashantChandra
RakshithShetty,PrashantChandra
SiddharthSarangdhar,PrashantChandra
DeepakKumar,PrashantChandra
AniketGarg,PrashantChandra
UpasanaHembram,PrashantChandra
HimanshuArora,PrashantChandra
suryapratapbabar,PrashantChandra
deepeshRai,PrashantChandra
VineelGrandhi,PrashantChandra
PraveenPendyala,PrashantChandra
DileeshParayil,PrashantChandra
UtsavGoyal,PrashantChandra
MVSRTeja,PrashantChandra
DineshKuruba,PrashantChandra
AbhishekKumar,PrashantChandra
DrVenkateswaraKorasiga,PrashantChandra
IJMVSCJournal,PrashantChandra
APanchal,PrashantChandra
AshishdhruvrajSehra,PrashantChandra
SagarJoshi,PrashantChandra
KiranKarol,PrashantChandra
Subhendupanigrahi,SaiKrishna
gauravdahake,SaiKrishna
SabareeshNikhilC,SaiKrishna
SonuMishra,SaiKrishna
VishwajitMishra,SaiKrishna
HIMANSHUMANGLUNIA,SaiKrishna
IjngnJournal,SaiKrishna
AdutipalSingh,SaiKrishna
CaijJournal,SaiKrishna
AnkitKhemka,SaiKrishna
RahulNaryani,SaiKrishna
VishakBharadwaj,SaiKrishna
YennamRajesh,SaiKrishna
ChayapathiSarath,SaiKrishna
SamirNoorani,SaiKrishna
ShamikRay,SaiKrishna
ChiragMaheshwari,SaiKrishna
MandarKulkarni,SaiKrishna
MadhuriBhavana,SaiKrishna
AshokDibbada,SaiKrishna
SidharthChitlangia,SaiKrishna
srivatsakandukuri,SaiKrishna
KumarAbhishek,SaiKrishna
ManishArora,SaiKrishna
JaiswalV,SaiKrishna
IjistJournal,SaiKrishna
PratyukshBansal,SaiKrishna
PrateekJain,SaiKrishna
RajendraKolli,SaiKrishna
AjaykumarKannan,SaiKrishna
MehulAgrawal,SaiKrishna
vmandapalli,SaiKrishna
JournalIJCSA,SaiKrishna
SoumyaPatro,SaiKrishna
GunthakantiShivaReddy,SaiKrishna
PrashantSingh,SaiKrishna
HarshitAgrawal,SaiKrishna
PratikRaj,SaiKrishna
IJESAJournal,SaiKrishna
Ashwanikumar,SaiKrishna
AkshatBordia,SaiKrishna
SaiKrishnaKanthHari,SaiKrishna
SatyaSamyukta,SaiKrishna
RajatKhanduja,SaiKrishna
alokmalakar,SaiKrishna
Kalyankarthik,SaiKrishna
DharmendraPrajapati,SaiKrishna
RudraPratapSingh,SaiKrishna
TigmanshuBhatnagar,SaiKrishna
RovinBhandari,SaiKrishna
AnkitaPrasad,SaiKrishna
ArpitAgrawal10,SaiKrishna
SameerAshraf,SaiKrishna
SaranSrikanth,SaiKrishna
VireshGehlawat,SaiKrishna
JayantGupta,SaiKrishna
MaheshGupta1,SaiKrishna
MayankGoyal,SaiKrishna
ItzNareshVenkat,SaiKrishna
RatholuMao,SaiKrishna
AntarikshBothale,DeepshikhaAlha
PoornaChandra,DeepshikhaAlha
uttamsikaria,DeepshikhaAlha
VIPULSINGH,DeepshikhaAlha
PranushaManthri,DeepshikhaAlha
PranayBhatia,DeepshikhaAlha
KetavMehta,DeepshikhaAlha
ArunabhSingh,DeepshikhaAlha
SabareeshNikhilC,DeepshikhaAlha
SumanRao,DeepshikhaAlha
AkvilSakhare,DeepshikhaAlha
SnehaJain,DeepshikhaAlha
HarshMaheshwari,DeepshikhaAlha
NehaInnanje,DeepshikhaAlha
SouvikDutta,DeepshikhaAlha
AyushGargIITB,DeepshikhaAlha
AnasuyaMandal,DeepshikhaAlha
ShrenikKhot,DeepshikhaAlha
SarwarRizvi,DeepshikhaAlha
AjinkyaLatkar,DeepshikhaAlha
HarshitMalik,DeepshikhaAlha
RBhardwaj,DeepshikhaAlha
JainAkshat,DeepshikhaAlha
AlankarJain,DeepshikhaAlha
SarjanSatra,DeepshikhaAlha
SantoshReddy21,DeepshikhaAlha
KhushbooSadhwani,DeepshikhaAlha
AkankshaThawani,DeepshikhaAlha
PrithwijitMukherjee,DeepshikhaAlha
AshutoshJuvale,DeepshikhaAlha
EdulPatek,DeepshikhaAlha
AnkitaVerma19,DeepshikhaAlha
ShivanjaliYadav,DeepshikhaAlha
AbhinavChikhalkar,DeepshikhaAlha
RaunakKudesia,DeepshikhaAlha
deekshasinha,DeepshikhaAlha
NidhiShanbhag,DeepshikhaAlha
DivyaChaurasia,DeepshikhaAlha
ParulMaheshwari,DeepshikhaAlha
MudeRajuNaik,DeepshikhaAlha
GeetaMonpara,DeepshikhaAlha
HrishikeshNandakumarKulkarni,DeepshikhaAlha
SanketPatel,DeepshikhaAlha
MeeraDevrahi,DeepshikhaAlha
DwaipayanMukherjee,DeepshikhaAlha
KunalKanwat,DeepshikhaAlha
AnkitAgarwal11,DeepshikhaAlha
PrashantChandra,DeepshikhaAlha
BandanaSingha,DeepshikhaAlha
kushjain,DeepshikhaAlha
ChandrikaBhardwaj,DeepshikhaAlha
AlankarSaxena,DeepshikhaAlha
sudheerkatta,DeepshikhaAlha
RishabhBajaj,DeepshikhaAlha
NEERAJTOSHNIWAL,DeepshikhaAlha
PriyankaArya,DeepshikhaAlha
SukhadaPendse,DeepshikhaAlha
rajeevranka,DeepshikhaAlha
YaditiRangari,DeepshikhaAlha
KeshavKumar,DeepshikhaAlha
AntarikshBothale,RajNayanDatta
PoornaChandra,RajNayanDatta
uttamsikaria,RajNayanDatta
VIPULSINGH,RajNayanDatta
rashmichaudhary,RajNayanDatta
ParamitaHaldar,RajNayanDatta
SabareeshNikhilC,RajNayanDatta
SumanRao,RajNayanDatta
SaswataGuha,RajNayanDatta
SrinjoyGanguly,RajNayanDatta
ManishKeshri,RajNayanDatta
AnandLalwani,RajNayanDatta
KaruneshJigyasu,RajNayanDatta
AlankarJain,RajNayanDatta
NiyatiJhamaria,RajNayanDatta
ParthasarathiPanda,RajNayanDatta
AAgarwal,RajNayanDatta
VikasPandey,RajNayanDatta
prudhvitejimmadi,RajNayanDatta
SivaChaitanya,RajNayanDatta
AmanChaudhary,RajNayanDatta
RiddhishBhalodia,RajNayanDatta
HarminShah,RajNayanDatta
ShashankSrivastava4,RajNayanDatta
NishantSah,RajNayanDatta
VivekRoy,RajNayanDatta
SouradipSen,RajNayanDatta
AmanShah,RajNayanDatta
MadhuraDuttagupta,RajNayanDatta
ChadhaChirag,RajNayanDatta
ChiragJha2,RajNayanDatta
abhismitasen,RajNayanDatta
AsmitJain,RajNayanDatta
ChandraPratapPal,RajNayanDatta
RahulMaganti,RajNayanDatta
JainShubham,RajNayanDatta
KeshavKumar,RajNayanDatta
GauravSingh60,RajNayanDatta
BharatJakati,RajNayanDatta
SharbatanuChatterjee,RajNayanDatta
SouvikBiswas,RajNayanDatta
MihirBhosale,RajNayanDatta
VishnuVardhanVinjam,RajNayanDatta
KshitijJayakrishnan,RajNayanDatta
SagnikDas,RajNayanDatta
SaiKrishna107,RajNayanDatta
KetanKatkar,RajNayanDatta
SankhaKarmakar,RajNayanDatta
AshutoshTripathi,RajNayanDatta
AbhishekSharma,RajNayanDatta
DevarchanBanerjee,RajNayanDatta
UtsabMukherjee,RajNayanDatta
SagarJoshi,RajNayanDatta
DevanshChawla,RajNayanDatta
VaibhavGupta,RajNayanDatta
BhosaleVaibhav,RajNayanDatta
DillipRout,RajNayanDatta
NazeebAhmad,RajNayanDatta
RahulSharma313,RajNayanDatta
SiddharthBulia,RajNayanDatta
RogerWoodman,AlankarSaxena
MarcinPaprzycki,AlankarSaxena
VictorAsanza,AlankarSaxena
PoornaChandra,AlankarSaxena
KasunRangaWijeweera,AlankarSaxena
AnimeshChoudhary,AlankarSaxena
PranushaManthri,AlankarSaxena
KetavMehta,AlankarSaxena
SabareeshNikhilC,AlankarSaxena
SumanRao,AlankarSaxena
IjseaJournal,AlankarSaxena
AakritiJain,AlankarSaxena
SnehaJain,AlankarSaxena
HarshMaheshwari,AlankarSaxena
MallikarjunKarra,AlankarSaxena
AnindyaSengupta,AlankarSaxena
RBhardwaj,AlankarSaxena
JainAkshat,AlankarSaxena
AlankarJain,AlankarSaxena
SarjanSatra,AlankarSaxena
AbhishekKejriwal,AlankarSaxena
TamaghnaHazra,AlankarSaxena
RachitAggarwal,AlankarSaxena
PratikAgarwal,AlankarSaxena
RahulShinde1,AlankarSaxena
CoralChatterjee,AlankarSaxena
AsthaAgarwal,AlankarSaxena
AbhinavChikhalkar,AlankarSaxena
MZulkifli,AlankarSaxena
SharmaShrey,AlankarSaxena
SharmaShrey,AlankarSaxena
AbhishekPadmanabhan,AlankarSaxena
RaunakKudesia,AlankarSaxena
deekshasinha,AlankarSaxena
PararthShah,AlankarSaxena
AdwaitvedantMathkar,AlankarSaxena
RohanKhadatkar,AlankarSaxena
deepikabajaj,AlankarSaxena
AmanShah,AlankarSaxena
PrashantChandra,AlankarSaxena
DeepshikhaAlha,AlankarSaxena
AbhishekChourasiya,AlankarSaxena
AnmolSaxena,AlankarSaxena
TimothySchmiesing,AlankarSaxena
kushjain,AlankarSaxena
AnmolGarg,AlankarSaxena
AnirudhSinghChouhan,AlankarSaxena
NEERAJTOSHNIWAL,AlankarSaxena
UditJalan,AlankarSaxena
AnkitRana,AlankarSaxena
YaditiRangari,AlankarSaxena
ShivamPopli,AlankarSaxena
DhruvAgrawal,AlankarSaxena
SaubhagyaSinghRathore,AlankarSaxena
AkshatKharaya,AlankarSaxena
RishabhVerma,AlankarSaxena
AbhinitModi,AlankarSaxena
AbdulRauf,AlankarSaxena
MdMirmohsin,AlankarSaxena
SiddharthSarangdhar,AlankarSaxena
RogerWoodman,sudheerkatta
VictorAsanza,sudheerkatta
AntarikshBothale,sudheerkatta
PoornaChandra,sudheerkatta
uttamsikaria,sudheerkatta
VIPULSINGH,sudheerkatta
PranushaManthri,sudheerkatta
KetavMehta,sudheerkatta
SabareeshNikhilC,sudheerkatta
AamirZeb,sudheerkatta
SnehaJain,sudheerkatta
NehaInnanje,sudheerkatta
SouvikDutta,sudheerkatta
AyushGargIITB,sudheerkatta
AnasuyaMandal,sudheerkatta
AditiJain2,sudheerkatta
AlankarJain,sudheerkatta
SarjanSatra,sudheerkatta
SriramKarnati,sudheerkatta
KhushbooSadhwani,sudheerkatta
SajanSankaran,sudheerkatta
prudhvitejimmadi,sudheerkatta
RahulShinde1,sudheerkatta
ShibaniSanturkar,sudheerkatta
AbhishekPadmanabhan,sudheerkatta
deekshasinha,sudheerkatta
RaunakKudesia,sudheerkatta
ParulMaheshwari,sudheerkatta
MudeRajuNaik,sudheerkatta
AdwaitvedantMathkar,sudheerkatta
SnehaChilivery,sudheerkatta
DeepshikhaAlha,sudheerkatta
TusharSaxena,sudheerkatta
srivatsakandukuri,sudheerkatta
AdwitKashyap,sudheerkatta
SaiPadmanabhuni,sudheerkatta
PriyankaArya,sudheerkatta
SukhadaPendse,sudheerkatta
SampathSatti,sudheerkatta
VivekSaraswat,sudheerkatta
AkshatKharaya,sudheerkatta
SarveshSundaram,sudheerkatta
SiddharthSarangdhar,sudheerkatta
GunaPrasaad,sudheerkatta
UpasanaHembram,sudheerkatta
ManishRao,sudheerkatta
SashankKonete,sudheerkatta
AjitVoraboina,sudheerkatta
ChaithanyaAbhishek,sudheerkatta
DheerajSonker,sudheerkatta
NehaAgarwal,sudheerkatta
AnamMathew,sudheerkatta
BhanuVikas,sudheerkatta
ShaunakDas,sudheerkatta
PraveenPendyala,sudheerkatta
AVINASHD,sudheerkatta
DineshKuruba,sudheerkatta
watever,sudheerkatta
VallariGore,sudheerkatta
KarthikReddy,sudheerkatta
AntarikshBothale,ShashankShekhar
PoornaChandra,ShashankShekhar
SabareeshNikhilC,ShashankShekhar
SumanRao,ShashankShekhar
NehaInnanje,ShashankShekhar
AbhijeetMukhekar,ShashankShekhar
FaridAhsan,ShashankShekhar
ParthArora,ShashankShekhar
AjinkyaLatkar,ShashankShekhar
ManishKeshri,ShashankShekhar
KaruneshJigyasu,ShashankShekhar
prudhvitejimmadi,ShashankShekhar
SivaChaitanya,ShashankShekhar
AmanChaudhary,ShashankShekhar
AbhinavChikhalkar,ShashankShekhar
NivedanRathi,ShashankShekhar
EklavyaMahajan,ShashankShekhar
KanakRoy,ShashankShekhar
AnkitAgarwal11,ShashankShekhar
TusharSaxena,ShashankShekhar
AyushBaheti,ShashankShekhar
AdwitKashyap,ShashankShekhar
VSingh,ShashankShekhar
KaustubhGupta,ShashankShekhar
ChandraPratapPal,ShashankShekhar
VivekSaraswat,ShashankShekhar
ShikharDaydar,ShashankShekhar
LathaAsha,ShashankShekhar
RohitKasliwal,ShashankShekhar
AmankantAmbesh,ShashankShekhar
AbdulRauf,ShashankShekhar
SiddharthaSrivastava,ShashankShekhar
VishalKhatri,ShashankShekhar
UnmilHulke,ShashankShekhar
SashankKonete,ShashankShekhar
KshitijJayakrishnan,ShashankShekhar
VigneshManavalan,ShashankShekhar
DurgaPrasad,ShashankShekhar
ArDikchhaTiwari,ShashankShekhar
AlishaSingh,ShashankShekhar
KetanKatkar,ShashankShekhar
Khan,ShashankShekhar
SaiKrishna107,ShashankShekhar
DineshKuruba,ShashankShekhar
watever,ShashankShekhar
AniketDesai,ShashankShekhar
RanjeetGakhare,ShashankShekhar
FaizanMohd,ShashankShekhar
SrikanthBhukya,ShashankShekhar
AnkitaDeshmukh,ShashankShekhar
MoonBasumatary,ShashankShekhar
VenkteshPandey,ShashankShekhar
OjaswaAnand,ShashankShekhar
PikaiSarkar,ShashankShekhar
NazeebAhmad,ShashankShekhar
PrithvijitSingh,ShashankShekhar
PreshitVerma,ShashankShekhar
AshwiniJain,ShashankShekhar
SagarSheth3,ShashankShekhar
JatinPatidar,ShashankShekhar
PankajJindal,AbhijitSharang
KamalSahni,AbhijitSharang
SanchitKhattar,AbhijitSharang
SabareeshNikhilC,AbhijitSharang
ShoubhikGupta,AbhijitSharang
RGupta,AbhijitSharang
AnubhavDas,AbhijitSharang
ArpitJain,AbhijitSharang
NeeleshShekhar,AbhijitSharang
VijinVenu,AbhijitSharang
AbhinayKumar,AbhijitSharang
NadeemAnjum1,AbhijitSharang
PrakharGupta,AbhijitSharang
NikhilAggarwal,AbhijitSharang
VikramRathore,AbhijitSharang
AnuragKorlakunta,AbhijitSharang
rishabhnigam,AbhijitSharang
anshugupta5,AbhijitSharang
AtiqueFiroz,AbhijitSharang
AkshayKumar,AbhijitSharang
SwapnilWagle,AbhijitSharang
SriRajDutt,AbhijitSharang
Gupta,AbhijitSharang
PrashantKumarSingh,AbhijitSharang
SaketKumar21,AbhijitSharang
husainshah,AbhijitSharang
ChiragGupta,AbhijitSharang
Khan,AbhijitSharang
FarhanKhan,AbhijitSharang
JitendraDhakar,AbhijitSharang
RohitJha,AbhijitSharang
SindhuKush,AbhijitSharang
kumarrajput,AbhijitSharang
AdityaNambiar,AbhijitSharang
ShivamRastogi,AbhijitSharang
PankajPrateek,AbhijitSharang
KumarShanu,AbhijitSharang
UtkarshDadhich,AbhijitSharang
RockyKasana,AbhijitSharang
RAJIVKRISHNAOMAR,AbhijitSharang
PranavRoy,AbhijitSharang
RamkrishnaAgrawal,AbhijitSharang
NikunjAgrawal1,AbhijitSharang
JayeshKumarGupta,AbhijitSharang
AbhinavAggarwal,AbhijitSharang
SaimRasheed,AbhijitSharang
RamanSingh12,AbhijitSharang
AkshatKumarAgarwal,AbhijitSharang
TanujSharma,AbhijitSharang
GuptaA,AbhijitSharang
AbhishekUpmanyu,AbhijitSharang
AnkitVerma,AbhijitSharang
MANISHKUMAR,AbhijitSharang
AniruddhaSahu,AbhijitSharang
NityanandJha,AbhijitSharang
SarkarPijush,AbhijitSharang
UKumar,AbhijitSharang
ShujaNaik,AbhijitSharang
NKovale,AbhijitSharang
RaunakKumar,AbhijitSharang
PoornaChandra,AnmolGarg
uttamsikaria,AnmolGarg
VIPULSINGH,AnmolGarg
rashmichaudhary,AnmolGarg
SabareeshNikhilC,AnmolGarg
IjseaJournal,AnmolGarg
AkvilSakhare,AnmolGarg
NehaInnanje,AnmolGarg
AdityaShankar,AnmolGarg
PraveshKochar,AnmolGarg
JainAkshat,AnmolGarg
ManishKeshri,AnmolGarg
SarjanSatra,AnmolGarg
DarpanSanghavi,AnmolGarg
AnuragDubey6,AnmolGarg
prudhvitejimmadi,AnmolGarg
AsthaAgarwal,AnmolGarg
ShivanjaliYadav,AnmolGarg
AdityaLalwani,AnmolGarg
RaunakKudesia,AnmolGarg
PararthShah,AnmolGarg
AnilShanbhag,AnmolGarg
EklavyaMahajan,AnmolGarg
PramodBhakhar,AnmolGarg
VibhuGupta,AnmolGarg
AlankarSaxena,AnmolGarg
KeshavKumar,AnmolGarg
SmrutiMirani,AnmolGarg
PratikDeogekar,AnmolGarg
NikunjSaunshi,AnmolGarg
AnmolArora,AnmolGarg
sushanthiray,AnmolGarg
TapanBohra,AnmolGarg
GunaPrasaad,AnmolGarg
ParthPandya3,AnmolGarg
SachinChandra,AnmolGarg
GautamSumu,AnmolGarg
NehaDhakar,AnmolGarg
AnkitaPaliwal,AnmolGarg
HimanshuArora,AnmolGarg
suryapratapbabar,AnmolGarg
GauravSingh,AnmolGarg
BhanuVikas,AnmolGarg
ShubhamJain,AnmolGarg
DivyankAgarwal,AnmolGarg
AniketDesai,AnmolGarg
AntaraBoruah,AnmolGarg
PriyadarshanSinghChauhan,AnmolGarg
,AnmolGarg
ShubhamGupta,AnmolGarg
VaibhavGupta,AnmolGarg
SanjayMoudgalya,AnmolGarg
SajalMittal,AnmolGarg
DivyanshGupta,AnmolGarg
royaljain,AnmolGarg
PiyushParkhey,AnmolGarg
RishabhKhandelwal,AnmolGarg
Kartikraj,AnmolGarg
MohitMeena,AnmolGarg
HarshvardhanSolanki,AnmolGarg
AntarikshBothale,NEERAJTOSHNIWAL
PoornaChandra,NEERAJTOSHNIWAL
uttamsikaria,NEERAJTOSHNIWAL
VIPULSINGH,NEERAJTOSHNIWAL
PranushaManthri,NEERAJTOSHNIWAL
PranayBhatia,NEERAJTOSHNIWAL
KetavMehta,NEERAJTOSHNIWAL
ArunabhSingh,NEERAJTOSHNIWAL
SabareeshNikhilC,NEERAJTOSHNIWAL
SumanRao,NEERAJTOSHNIWAL
AkvilSakhare,NEERAJTOSHNIWAL
AakritiJain,NEERAJTOSHNIWAL
SnehaJain,NEERAJTOSHNIWAL
NehaInnanje,NEERAJTOSHNIWAL
HarshMaheshwari,NEERAJTOSHNIWAL
SouvikDutta,NEERAJTOSHNIWAL
AnasuyaMandal,NEERAJTOSHNIWAL
AjinkyaLatkar,NEERAJTOSHNIWAL
RBhardwaj,NEERAJTOSHNIWAL
AlankarJain,NEERAJTOSHNIWAL
SarjanSatra,NEERAJTOSHNIWAL
DarpanSanghavi,NEERAJTOSHNIWAL
SaranshSingh,NEERAJTOSHNIWAL
AbhishekKejriwal,NEERAJTOSHNIWAL
VikasPandey,NEERAJTOSHNIWAL
KhushbooSadhwani,NEERAJTOSHNIWAL
IndrasenBhattacharya,NEERAJTOSHNIWAL
AshutoshJuvale,NEERAJTOSHNIWAL
AshwinKrishnan1,NEERAJTOSHNIWAL
AdityaLalwani,NEERAJTOSHNIWAL
AbhishekPadmanabhan,NEERAJTOSHNIWAL
KhushbooSoni,NEERAJTOSHNIWAL
NidhiShanbhag,NEERAJTOSHNIWAL
PararthShah,NEERAJTOSHNIWAL
GeetaMonpara,NEERAJTOSHNIWAL
RohanKhadatkar,NEERAJTOSHNIWAL
SanketPatel,NEERAJTOSHNIWAL
EklavyaMahajan,NEERAJTOSHNIWAL
KGarg,NEERAJTOSHNIWAL
AnkitAgarwal11,NEERAJTOSHNIWAL
DeepshikhaAlha,NEERAJTOSHNIWAL
AnanthReddy,NEERAJTOSHNIWAL
kushjain,NEERAJTOSHNIWAL
AlankarSaxena,NEERAJTOSHNIWAL
ChandrikaBhardwaj,NEERAJTOSHNIWAL
PriyankaArya,NEERAJTOSHNIWAL
SharjeelImam,NEERAJTOSHNIWAL
SukhadaPendse,NEERAJTOSHNIWAL
AyushChandak,NEERAJTOSHNIWAL
NitinBighane,NEERAJTOSHNIWAL
AnkitRana,NEERAJTOSHNIWAL
VivekSaraswat,NEERAJTOSHNIWAL
JoeKochitty,NEERAJTOSHNIWAL
ParthMuchhala,NEERAJTOSHNIWAL
VivekKhandelwal,NEERAJTOSHNIWAL
DhruvAgrawal,NEERAJTOSHNIWAL
AkshatKharaya,NEERAJTOSHNIWAL
TarunGangwar,NEERAJTOSHNIWAL
RohitKasliwal,NEERAJTOSHNIWAL
MaheshTikone,NEERAJTOSHNIWAL
ProneetVerma,GarvMalik
EswaraSai,GarvMalik
ShravyaLahari,GarvMalik
SaumyaJain,GarvMalik
ChanduParimi,GarvMalik
SrikanthSuresh,GarvMalik
VasanArunachalam,GarvMalik
AnoopKarnik,GarvMalik
SwetabhKumar,GarvMalik
BhanuSrivatsav,GarvMalik
MukherjeeAbhinav,GarvMalik
ananthkotti,GarvMalik
KalyanPingali,GarvMalik
AntarikshaYelkawar,GarvMalik
RAHULBASU,GarvMalik
ShantanuKallakuri,GarvMalik
MitulGirotra,GarvMalik
SuryaPabbisetty,GarvMalik
GaneshAshwin,GarvMalik
DeepthiMeduri,GarvMalik
NikhilJones,GarvMalik
AmrithaJayadev,GarvMalik
VaibhavKumar44,GarvMalik
SanchitMishra,GarvMalik
ShriyaPallerla,GarvMalik
AnshumanSwain,GarvMalik
TonyGilland,GarvMalik
LAdithya,GarvMalik
HarshaDutta,GarvMalik
SuhrudhReddy,GarvMalik
AdityaBhatt5,GarvMalik
RahulDubey22,GarvMalik
VivekhPrabakaran,GarvMalik
SiddarthYerram,GarvMalik
PavanKate,GarvMalik
ChandraSandeep1,GarvMalik
SidharthSai,GarvMalik
SiddharthDash1,GarvMalik
NelakuduruVineeth,GarvMalik
PrashantLalwani,GarvMalik
ApurvaVerma2,GarvMalik
PankajMunjal,GarvMalik
rishabhsaraswat,GarvMalik
PratikJayaswal,GarvMalik
GunjeshSingh,GarvMalik
PranavRamarao,GarvMalik
MurariVarma,GarvMalik
HemantArora2,GarvMalik
ManojMadabhushi,GarvMalik
saitejakarnati,GarvMalik
Kalyankarthik,GarvMalik
AnilTalari,GarvMalik
SomyaAgarwal,GarvMalik
VisishtaKarasani,GarvMalik
SandeepGoli,GarvMalik
ArchitaSharma,GarvMalik
AkshayBhat,GarvMalik
ChiragGarg3,GarvMalik
ApoorvaMusunuri,GarvMalik
AkhilCh,GarvMalik
EswaraSai,ChinmayaPatnayak
OmanshuThapliyal,ChinmayaPatnayak
ShravyaLahari,ChinmayaPatnayak
AmeyaWaingankar,ChinmayaPatnayak
SaumyaJain,ChinmayaPatnayak
SrikanthSuresh,ChinmayaPatnayak
HarshaAechuri,ChinmayaPatnayak
SwetabhKumar,ChinmayaPatnayak
BhanuSrivatsav,ChinmayaPatnayak
MukherjeeAbhinav,ChinmayaPatnayak
ananthkotti,ChinmayaPatnayak
KalyanPingali,ChinmayaPatnayak
SudheerVazrapu,ChinmayaPatnayak
AntarikshaYelkawar,ChinmayaPatnayak
RAHULBASU,ChinmayaPatnayak
ShantanuKallakuri,ChinmayaPatnayak
RaiHimanshu,ChinmayaPatnayak
MitulGirotra,ChinmayaPatnayak
SuryaPabbisetty,ChinmayaPatnayak
GaneshAshwin,ChinmayaPatnayak
RathiTushar,ChinmayaPatnayak
Devanshjain,ChinmayaPatnayak
AurghoBhattacharjee,ChinmayaPatnayak
DeepthiMeduri,ChinmayaPatnayak
SatyaJulakanti,ChinmayaPatnayak
VaibhavKumar44,ChinmayaPatnayak
SanchitMishra,ChinmayaPatnayak
AbhilashMirji,ChinmayaPatnayak
VikasKotha,ChinmayaPatnayak
LAdithya,ChinmayaPatnayak
HarshaDutta,ChinmayaPatnayak
SharmaShreyas,ChinmayaPatnayak
SuhrudhReddy,ChinmayaPatnayak
SarthakGhosh,ChinmayaPatnayak
PriyaChowdhary,ChinmayaPatnayak
RahulDubey22,ChinmayaPatnayak
VivekhPrabakaran,ChinmayaPatnayak
SiddarthYerram,ChinmayaPatnayak
ChandraSandeep1,ChinmayaPatnayak
SidharthSai,ChinmayaPatnayak
SiddharthDash1,ChinmayaPatnayak
HridyeshTewani,ChinmayaPatnayak
PrashantLalwani,ChinmayaPatnayak
SaitejaPasula,ChinmayaPatnayak
ApurvaVerma2,ChinmayaPatnayak
rishabhsaraswat,ChinmayaPatnayak
NamanBafna,ChinmayaPatnayak
VeenaLahari,ChinmayaPatnayak
PratikJayaswal,ChinmayaPatnayak
GunjeshSingh,ChinmayaPatnayak
PranavRamarao,ChinmayaPatnayak
AdityaKumar,ChinmayaPatnayak
ManojMadabhushi,ChinmayaPatnayak
RidhiSaran,ChinmayaPatnayak
AditiAgrawal,ChinmayaPatnayak
HemantArora2,ChinmayaPatnayak
VinodhReddyChennu,ChinmayaPatnayak
saitejakarnati,ChinmayaPatnayak
Kalyankarthik,ChinmayaPatnayak
PrudhviReddy3,ChinmayaPatnayak
,ShravyaLahari
PrasanthAbraham,ShravyaLahari
RaviTejaPalla,ShravyaLahari
GarvMalik,ShravyaLahari
ThejasRajagopal,ShravyaLahari
EswaraSai,ShravyaLahari
ShrenikKhot,ShravyaLahari
MandeepSingh132,ShravyaLahari
RahulJha17,ShravyaLahari
ChinmayaPatnayak,ShravyaLahari
HarshitMalik,ShravyaLahari
HarishBala,ShravyaLahari
VardanNagar,ShravyaLahari
PritishEkka,ShravyaLahari
RahulGaikwad,ShravyaLahari
SovanDalabehera,ShravyaLahari
NeeleshTanwar,ShravyaLahari
AnkitaVerma19,ShravyaLahari
PatelVeer,ShravyaLahari
SrikanthSuresh,ShravyaLahari
DeepakSevta,ShravyaLahari
VasanArunachalam,ShravyaLahari
HarshithAsuri,ShravyaLahari
SudheerVazrapu,ShravyaLahari
RAHULBASU,ShravyaLahari
ShantanuKallakuri,ShravyaLahari
PrasanthAkki,ShravyaLahari
UrvashiAParmar,ShravyaLahari
AkhilMalik,ShravyaLahari
NarenKrishnaMadhurakavi,ShravyaLahari
AurghoBhattacharjee,ShravyaLahari
VinayakVR,ShravyaLahari
NikhilJones,ShravyaLahari
SumeetBarua,ShravyaLahari
SwethaNimmagadda,ShravyaLahari
GurpreetSeehra,ShravyaLahari
SruthiChekuri,ShravyaLahari
SaiPadmanabhuni,ShravyaLahari
RuteshChavda,ShravyaLahari
SriPrakyathIyyapu,ShravyaLahari
AkarshitaSaxena,ShravyaLahari
RichaSingh54,ShravyaLahari
RuchitaLakra,ShravyaLahari
MayankGupta7,ShravyaLahari
SarthakGhosh,ShravyaLahari
PriyaChowdhary,ShravyaLahari
AnkitSud,ShravyaLahari
SiddarthYerram,ShravyaLahari
ShubhamJain85,ShravyaLahari
AkashKatole,ShravyaLahari
VijitSonawane,ShravyaLahari
NelakuduruVineeth,ShravyaLahari
JoyneelAcharya,ShravyaLahari
RashmitDas,ShravyaLahari
PriyankaVijayakumar,ShravyaLahari
GokulNathSridhar,ShravyaLahari
AjitPrabhakar,ShravyaLahari
BiswaPrasannaMishra,ShravyaLahari
KshitijBindlish,ShravyaLahari
FilipaGodinho,ShravyaLahari
ProneetVerma,SrikanthSuresh
GarvMalik,SrikanthSuresh
EswaraSai,SrikanthSuresh
ChinmayaPatnayak,SrikanthSuresh
AbhimanyuDubey,SrikanthSuresh
ShravyaLahari,SrikanthSuresh
AmitPandey8,SrikanthSuresh
AnoopKarnik,SrikanthSuresh
BhanuSrivatsav,SrikanthSuresh
SwetabhKumar,SrikanthSuresh
MukherjeeAbhinav,SrikanthSuresh
KalyanPingali,SrikanthSuresh
AntarikshaYelkawar,SrikanthSuresh
ThiruvikramanKandhadai,SrikanthSuresh
RAHULBASU,SrikanthSuresh
RaiHimanshu,SrikanthSuresh
ShantanuKallakuri,SrikanthSuresh
PrasanthAkki,SrikanthSuresh
MitulGirotra,SrikanthSuresh
SnehaRoy5,SrikanthSuresh
GaneshAshwin,SrikanthSuresh
SrikantBharadwaj,SrikanthSuresh
NarenKrishnaMadhurakavi,SrikanthSuresh
AurghoBhattacharjee,SrikanthSuresh
AmrithaJayadev,SrikanthSuresh
SanchitMishra,SrikanthSuresh
AbhilashMirji,SrikanthSuresh
UtkarshDubey,SrikanthSuresh
RaunakSinghal,SrikanthSuresh
HarshaDutta,SrikanthSuresh
SarthakGhosh,SrikanthSuresh
PriyaChowdhary,SrikanthSuresh
DwaipayanAich,SrikanthSuresh
VivekhPrabakaran,SrikanthSuresh
RahulDubey22,SrikanthSuresh
PavanKate,SrikanthSuresh
SiddarthYerram,SrikanthSuresh
SiddharthDash1,SrikanthSuresh
NelakuduruVineeth,SrikanthSuresh
HridyeshTewani,SrikanthSuresh
GokulNathSridhar,SrikanthSuresh
NamanBafna,SrikanthSuresh
rishabhsaraswat,SrikanthSuresh
TannishthaBhattacharjee,SrikanthSuresh
PratikJayaswal,SrikanthSuresh
PranavRamarao,SrikanthSuresh
GunjeshSingh,SrikanthSuresh
PKishore,SrikanthSuresh
DebaryaDutta,SrikanthSuresh
AdityaKumar,SrikanthSuresh
ManojMadabhushi,SrikanthSuresh
HemantArora2,SrikanthSuresh
KumarSambhava,SrikanthSuresh
rajatsaxena,SrikanthSuresh
VisishtaKarasani,SrikanthSuresh
RahmanAbdur,SrikanthSuresh
SandeepGoli,SrikanthSuresh
ArchitaSharma,SrikanthSuresh
ReddyAvinash,SrikanthSuresh
KaranGarg,SrikanthSuresh
EswaraSai,HarshaAechuri
ChinmayaPatnayak,HarshaAechuri
SaumyaJain,HarshaAechuri
AnoopKarnik,HarshaAechuri
BhanuSrivatsav,HarshaAechuri
KalyanPingali,HarshaAechuri
ananthkotti,HarshaAechuri
ShantanuKallakuri,HarshaAechuri
PrasanthAkki,HarshaAechuri
SuryaPabbisetty,HarshaAechuri
AnirudhWodeyar,HarshaAechuri
GaneshAshwin,HarshaAechuri
SrikantBharadwaj,HarshaAechuri
NarenKrishnaMadhurakavi,HarshaAechuri
VinayakVR,HarshaAechuri
VaibhavKumar44,HarshaAechuri
ShriyaPallerla,HarshaAechuri
KondaM,HarshaAechuri
VikasKotha,HarshaAechuri
LAdithya,HarshaAechuri
HarshaDutta,HarshaAechuri
SuhrudhReddy,HarshaAechuri
PriyaChowdhary,HarshaAechuri
SiddarthYerram,HarshaAechuri
ChandraSandeep1,HarshaAechuri
SidharthSai,HarshaAechuri
NelakuduruVineeth,HarshaAechuri
SiddharthDash1,HarshaAechuri
HridyeshTewani,HarshaAechuri
PrashantLalwani,HarshaAechuri
ApurvaVerma2,HarshaAechuri
NamanBafna,HarshaAechuri
PranavRamarao,HarshaAechuri
VijaySadashivaiah,HarshaAechuri
AdityaKumar,HarshaAechuri
ManojMadabhushi,HarshaAechuri
saitejakarnati,HarshaAechuri
RevanthKorrapati,HarshaAechuri
AnilTalari,HarshaAechuri
KevinJose,HarshaAechuri
ReddyAvinash,HarshaAechuri
AkshayBhat,HarshaAechuri
KartheekManavarthi,HarshaAechuri
AkhilCh,HarshaAechuri
ArvindSunder,HarshaAechuri
PraveenVelicheti,HarshaAechuri
AbhijeetMulugu,HarshaAechuri
PrekshaShukla,HarshaAechuri
SaumyaVerma4,HarshaAechuri
MuditJain,HarshaAechuri
DivyaAnnavajjula,HarshaAechuri
SakshamPhul,HarshaAechuri
SriHarsha,HarshaAechuri
SrimanthChaudari,HarshaAechuri
KeerthanaJetty,HarshaAechuri
SwagatReddy,HarshaAechuri
SankethVedula,HarshaAechuri
ShivamMittal4,HarshaAechuri
NarayananAnanth,HarshaAechuri
ShashanthRV,HarshaAechuri
DrNatarajanBR,VasanArunachalam
KasunRangaWijeweera,VasanArunachalam
GarvMalik,VasanArunachalam
EswaraSai,VasanArunachalam
ShravyaLahari,VasanArunachalam
MGisap,VasanArunachalam
ChanduParimi,VasanArunachalam
eterbira,VasanArunachalam
SatyendraTripathi,VasanArunachalam
ThiruvikramanKandhadai,VasanArunachalam
ShantanuKallakuri,VasanArunachalam
VinayakVR,VasanArunachalam
PraneethSmk,VasanArunachalam
SaiPadmanabhuni,VasanArunachalam
NareshShah,VasanArunachalam
RaunakSinghal,VasanArunachalam
saileshkondraganti,VasanArunachalam
SuryaKlsv,VasanArunachalam
VivekhPrabakaran,VasanArunachalam
ArunChandramohan,VasanArunachalam
SiddarthYerram,VasanArunachalam
SiddharthDash1,VasanArunachalam
NelakuduruVineeth,VasanArunachalam
PankajMunjal,VasanArunachalam
VeenaLahari,VasanArunachalam
PrasanthAbraham,VasanArunachalam
GokulNathSridhar,VasanArunachalam
GunjeshSingh,VasanArunachalam
krishnakarthick,VasanArunachalam
ManojMadabhushi,VasanArunachalam
nabeelahmed,VasanArunachalam
SwamyIdln,VasanArunachalam
NavyaSahithi,VasanArunachalam
Kalyankarthik,VasanArunachalam
RMishra,VasanArunachalam
VisishtaKarasani,VasanArunachalam
SandeepGoli,VasanArunachalam
RathishArumugam,VasanArunachalam
ChiragGarg3,VasanArunachalam
SalabhGoyal,VasanArunachalam
JeevanRomee,VasanArunachalam
viveknimbarmunde,VasanArunachalam
VikramsimhareddyKallam,VasanArunachalam
SethuKalidhasan,VasanArunachalam
SashankaPaladugu,VasanArunachalam
akashraj,VasanArunachalam
DivyaAnnavajjula,VasanArunachalam
JaidiJeevan,VasanArunachalam
sharathchandra,VasanArunachalam
ShamsherBahadurSingh,VasanArunachalam
TejeshwarSingh,VasanArunachalam
GajendraSinghChauhan,VasanArunachalam
SashankKurella,VasanArunachalam
SanthanamKumar,VasanArunachalam
KoushikSai,VasanArunachalam
VenkataSriramaKrishnaTejaKonduri,VasanArunachalam
AkhileshSharma1,VasanArunachalam
SudharsanVeeravalli,VasanArunachalam
HimanshuChaudhary,VasanArunachalam
SavyasacheeJha,VasanArunachalam
BertOlaBergstrand,AnoopKarnik
GarvMalik,AnoopKarnik
EswaraSai,AnoopKarnik
SaumyaJain,AnoopKarnik
ChanduParimi,AnoopKarnik
SrikanthSuresh,AnoopKarnik
HarshaAechuri,AnoopKarnik
SwetabhKumar,AnoopKarnik
BhanuSrivatsav,AnoopKarnik
MukherjeeAbhinav,AnoopKarnik
ananthkotti,AnoopKarnik
AntarikshaYelkawar,AnoopKarnik
SudheerVazrapu,AnoopKarnik
ThiruvikramanKandhadai,AnoopKarnik
ShantanuKallakuri,AnoopKarnik
MitulGirotra,AnoopKarnik
GaneshAshwin,AnoopKarnik
NarenKrishnaMadhurakavi,AnoopKarnik
DeepthiMeduri,AnoopKarnik
VinayakVR,AnoopKarnik
AmrithaJayadev,AnoopKarnik
SwethaNimmagadda,AnoopKarnik
SaiPadmanabhuni,AnoopKarnik
SatyaJulakanti,AnoopKarnik
VaibhavKumar44,AnoopKarnik
SanchitMishra,AnoopKarnik
ShriyaPallerla,AnoopKarnik
SriPrakyathIyyapu,AnoopKarnik
RaunakSinghal,AnoopKarnik
SuryaKlsv,AnoopKarnik
SuhrudhReddy,AnoopKarnik
PriyaChowdhary,AnoopKarnik
RahulDubey22,AnoopKarnik
VivekhPrabakaran,AnoopKarnik
PavanKate,AnoopKarnik
ChandraSandeep1,AnoopKarnik
SidharthSai,AnoopKarnik
SiddharthDash1,AnoopKarnik
JaideepKodali,AnoopKarnik
ApurvaVerma2,AnoopKarnik
VeenaLahari,AnoopKarnik
NamanBafna,AnoopKarnik
KomalAgrawal,AnoopKarnik
GunjeshSingh,AnoopKarnik
SwamyIdln,AnoopKarnik
VinodhReddyChennu,AnoopKarnik
SwamyIdln,AnoopKarnik
NavyaSahithi,AnoopKarnik
Kalyankarthik,AnoopKarnik
SomyaAgarwal,AnoopKarnik
VivekAnand3,AnoopKarnik
VisishtaKarasani,AnoopKarnik
rajatsaxena,AnoopKarnik
RahmanAbdur,AnoopKarnik
SandeepGoli,AnoopKarnik
ArchitaSharma,AnoopKarnik
KaranGarg,AnoopKarnik
ChiragGarg3,AnoopKarnik
NitinMythreya,AnoopKarnik
MohitJain,AnoopKarnik
GarvMalik,BhanuSrivatsav
EswaraSai,BhanuSrivatsav
ChinmayaPatnayak,BhanuSrivatsav
AnastasiaKvaKva,BhanuSrivatsav
SaumyaJain,BhanuSrivatsav
ChanduParimi,BhanuSrivatsav
SrikanthSuresh,BhanuSrivatsav
HarshaAechuri,BhanuSrivatsav
AnoopKarnik,BhanuSrivatsav
SwetabhKumar,BhanuSrivatsav
MukherjeeAbhinav,BhanuSrivatsav
ananthkotti,BhanuSrivatsav
AntarikshaYelkawar,BhanuSrivatsav
RaiHimanshu,BhanuSrivatsav
SaumyadeepHalder,BhanuSrivatsav
MitulGirotra,BhanuSrivatsav
SuryaPabbisetty,BhanuSrivatsav
GaneshAshwin,BhanuSrivatsav
AurghoBhattacharjee,BhanuSrivatsav
DeepthiMeduri,BhanuSrivatsav
PraneethSmk,BhanuSrivatsav
AmrithaJayadev,BhanuSrivatsav
DivyaPravallika,BhanuSrivatsav
ChristinaKlassen,BhanuSrivatsav
VaibhavKumar44,BhanuSrivatsav
AbhilashMirji,BhanuSrivatsav
VikasKotha,BhanuSrivatsav
LAdithya,BhanuSrivatsav
HarshaDutta,BhanuSrivatsav
VishruthVenkat,BhanuSrivatsav
SarthakTandon,BhanuSrivatsav
RahulDubey22,BhanuSrivatsav
KarishmaDugar,BhanuSrivatsav
PavanKate,BhanuSrivatsav
ChandraSandeep1,BhanuSrivatsav
SidharthSai,BhanuSrivatsav
SiddharthDash1,BhanuSrivatsav
HridyeshTewani,BhanuSrivatsav
ApurvaVerma2,BhanuSrivatsav
VeenaLahari,BhanuSrivatsav
NamanBafna,BhanuSrivatsav
rishabhsaraswat,BhanuSrivatsav
PratikJayaswal,BhanuSrivatsav
HemantArora2,BhanuSrivatsav
saitejakarnati,BhanuSrivatsav
AnkitaPrasad,BhanuSrivatsav
SomyaAgarwal,BhanuSrivatsav
VisishtaKarasani,BhanuSrivatsav
RahmanAbdur,BhanuSrivatsav
ArchitaSharma,BhanuSrivatsav
NitinMythreya,BhanuSrivatsav
RaghavenderSahdev,BhanuSrivatsav
KartheekManavarthi,BhanuSrivatsav
MohitJain,BhanuSrivatsav
AkhilCh,BhanuSrivatsav
SiddhantSahu,BhanuSrivatsav
AbhijeetMulugu,BhanuSrivatsav
DeepshikaGilbile,BhanuSrivatsav
VishwanthkumarVankadari,BhanuSrivatsav
SaumyaVerma4,BhanuSrivatsav
GarvMalik,MukherjeeAbhinav
KaustubhModak,MukherjeeAbhinav
EswaraSai,MukherjeeAbhinav
ChinmayaPatnayak,MukherjeeAbhinav
NilayBang,MukherjeeAbhinav
AmritPal,MukherjeeAbhinav
SrikanthSuresh,MukherjeeAbhinav
AnoopKarnik,MukherjeeAbhinav
BhanuSrivatsav,MukherjeeAbhinav
KalyanPingali,MukherjeeAbhinav
AntarikshaYelkawar,MukherjeeAbhinav
ThiruvikramanKandhadai,MukherjeeAbhinav
RAHULBASU,MukherjeeAbhinav
RaiHimanshu,MukherjeeAbhinav
MitulGirotra,MukherjeeAbhinav
GaneshAshwin,MukherjeeAbhinav
NarenKrishnaMadhurakavi,MukherjeeAbhinav
AurghoBhattacharjee,MukherjeeAbhinav
VinayakVR,MukherjeeAbhinav
SaiPadmanabhuni,MukherjeeAbhinav
HarshilLodhi,MukherjeeAbhinav
VaibhavKumar44,MukherjeeAbhinav
SanchitMishra,MukherjeeAbhinav
MutiaSari,MukherjeeAbhinav
AbhilashMirji,MukherjeeAbhinav
SafinahAli,MukherjeeAbhinav
RaunakSinghal,MukherjeeAbhinav
HarshaDutta,MukherjeeAbhinav
KaustubhPandey,MukherjeeAbhinav
SuryaKlsv,MukherjeeAbhinav
HimanishGanjoo,MukherjeeAbhinav
SarthakGhosh,MukherjeeAbhinav
PriyaChowdhary,MukherjeeAbhinav
VivekhPrabakaran,MukherjeeAbhinav
RahulDubey22,MukherjeeAbhinav
PavanKate,MukherjeeAbhinav
SiddarthYerram,MukherjeeAbhinav
NelakuduruVineeth,MukherjeeAbhinav
SumitBinnani,MukherjeeAbhinav
NamanBafna,MukherjeeAbhinav
aniruddhatammewar,MukherjeeAbhinav
PratikJayaswal,MukherjeeAbhinav
PranavRamarao,MukherjeeAbhinav
GunjeshSingh,MukherjeeAbhinav
HemantArora2,MukherjeeAbhinav
ManojMadabhushi,MukherjeeAbhinav
VisishtaKarasani,MukherjeeAbhinav
rajatsaxena,MukherjeeAbhinav
RahmanAbdur,MukherjeeAbhinav
SandeepGoli,MukherjeeAbhinav
KaranGarg,MukherjeeAbhinav
ChiragGarg3,MukherjeeAbhinav
SalabhGoyal,MukherjeeAbhinav
RaghavenderSahdev,MukherjeeAbhinav
ARCHITASAHU,MukherjeeAbhinav
PraddyumanRungta,MukherjeeAbhinav
VenkateshMundada,MukherjeeAbhinav
KrunalKalbende,MukherjeeAbhinav
SnehansuPradhan,MukherjeeAbhinav
MuditJain,MukherjeeAbhinav
GarvMalik,ananthkotti
EswaraSai,ananthkotti
ChinmayaPatnayak,ananthkotti
HarshaAechuri,ananthkotti
AnoopKarnik,ananthkotti
BhanuSrivatsav,ananthkotti
KalyanPingali,ananthkotti
AntarikshaYelkawar,ananthkotti
ThiruvikramanKandhadai,ananthkotti
RAHULBASU,ananthkotti
ShantanuKallakuri,ananthkotti
RaiHimanshu,ananthkotti
PrasanthAkki,ananthkotti
MitulGirotra,ananthkotti
SuryaPabbisetty,ananthkotti
NarenKrishnaMadhurakavi,ananthkotti
SrikantBharadwaj,ananthkotti
DeepthiMeduri,ananthkotti
AurghoBhattacharjee,ananthkotti
NikhilJones,ananthkotti
SwethaNimmagadda,ananthkotti
PraneethSmk,ananthkotti
AmrithaJayadev,ananthkotti
DivyaPravallika,ananthkotti
VaibhavKumar44,ananthkotti
SatyaJulakanti,ananthkotti
AbhilashMirji,ananthkotti
UtkarshDubey,ananthkotti
RaunakSinghal,ananthkotti
LAdithya,ananthkotti
HarshaDutta,ananthkotti
SuhrudhReddy,ananthkotti
SarthakGhosh,ananthkotti
PriyaChowdhary,ananthkotti
VivekhPrabakaran,ananthkotti
RahulDubey22,ananthkotti
SiddarthYerram,ananthkotti
ChandraSandeep1,ananthkotti
NelakuduruVineeth,ananthkotti
SiddharthDash1,ananthkotti
SharvaniChandu,ananthkotti
NamanBafna,ananthkotti
rishabhsaraswat,ananthkotti
PratikJayaswal,ananthkotti
PranavRamarao,ananthkotti
PranavRamarao,ananthkotti
DheerajRao2,ananthkotti
SwamyIdln,ananthkotti
ManojMadabhushi,ananthkotti
VisishtaKarasani,ananthkotti
rajatsaxena,ananthkotti
RahmanAbdur,ananthkotti
SandeepGoli,ananthkotti
ArchitaSharma,ananthkotti
ReddyAvinash,ananthkotti
ChiragGarg3,ananthkotti
NitinMythreya,ananthkotti
KaranGarg,ananthkotti
AkhilCh,ananthkotti
SalabhGoyal,ananthkotti
GIAPJournals,KalyanPingali
GarvMalik,KalyanPingali
EswaraSai,KalyanPingali
ChinmayaPatnayak,KalyanPingali
SrikanthSuresh,KalyanPingali
HarshaAechuri,KalyanPingali
SwetabhKumar,KalyanPingali
MukherjeeAbhinav,KalyanPingali
ananthkotti,KalyanPingali
RAHULBASU,KalyanPingali
RaiHimanshu,KalyanPingali
PrasanthAkki,KalyanPingali
MitulGirotra,KalyanPingali
SuryaPabbisetty,KalyanPingali
DeepthiMeduri,KalyanPingali
AurghoBhattacharjee,KalyanPingali
PraneethSmk,KalyanPingali
AmrithaJayadev,KalyanPingali
DivyaPravallika,KalyanPingali
VaibhavKumar44,KalyanPingali
SatyaJulakanti,KalyanPingali
SanchitMishra,KalyanPingali
AbhilashMirji,KalyanPingali
UtkarshDubey,KalyanPingali
VikasKotha,KalyanPingali
RaunakSinghal,KalyanPingali
LAdithya,KalyanPingali
HarshaDutta,KalyanPingali
SuhrudhReddy,KalyanPingali
RahulDubey22,KalyanPingali
PavanKate,KalyanPingali
ChandraSandeep1,KalyanPingali
SidharthSai,KalyanPingali
SiddharthDash1,KalyanPingali
PrashantLalwani,KalyanPingali
SaitejaPasula,KalyanPingali
ApurvaVerma2,KalyanPingali
NamanBafna,KalyanPingali
rishabhsaraswat,KalyanPingali
PratikJayaswal,KalyanPingali
PranavRamarao,KalyanPingali
VinodhReddyChennu,KalyanPingali
HemantArora2,KalyanPingali
saitejakarnati,KalyanPingali
PrudhviReddy3,KalyanPingali
AnilTalari,KalyanPingali
SomyaAgarwal,KalyanPingali
VisishtaKarasani,KalyanPingali
ArchitaSharma,KalyanPingali
NitinMythreya,KalyanPingali
SalabhGoyal,KalyanPingali
AkhilCh,KalyanPingali
RaghavenderSahdev,KalyanPingali
ShankarVenkatraman,KalyanPingali
ArvindSunder,KalyanPingali
VenkateshMundada,KalyanPingali
PraddyumanRungta,KalyanPingali
VishwanthkumarVankadari,KalyanPingali
GuptaChavi,KalyanPingali
akashraj,KalyanPingali
GarvMalik,AntarikshaYelkawar
KaustubhModak,AntarikshaYelkawar
EswaraSai,AntarikshaYelkawar
ChinmayaPatnayak,AntarikshaYelkawar
NilayBang,AntarikshaYelkawar
SaumyaJain,AntarikshaYelkawar
SrikanthSuresh,AntarikshaYelkawar
AnoopKarnik,AntarikshaYelkawar
BhanuSrivatsav,AntarikshaYelkawar
ArnabNandy,AntarikshaYelkawar
MukherjeeAbhinav,AntarikshaYelkawar
ananthkotti,AntarikshaYelkawar
RAHULBASU,AntarikshaYelkawar
ShantanuKallakuri,AntarikshaYelkawar
RaiHimanshu,AntarikshaYelkawar
PrasanthAkki,AntarikshaYelkawar
MitulGirotra,AntarikshaYelkawar
SrikantBharadwaj,AntarikshaYelkawar
AurghoBhattacharjee,AntarikshaYelkawar
DeepthiMeduri,AntarikshaYelkawar
NikhilJones,AntarikshaYelkawar
AmrithaJayadev,AntarikshaYelkawar
SwethaNimmagadda,AntarikshaYelkawar
HarshilLodhi,AntarikshaYelkawar
DivyaPravallika,AntarikshaYelkawar
SatyaJulakanti,AntarikshaYelkawar
VaibhavKumar44,AntarikshaYelkawar
SanchitMishra,AntarikshaYelkawar
ShriyaPallerla,AntarikshaYelkawar
AbhilashMirji,AntarikshaYelkawar
UtkarshDubey,AntarikshaYelkawar
RaunakSinghal,AntarikshaYelkawar
HarshaDutta,AntarikshaYelkawar
KaustubhPandey,AntarikshaYelkawar
PranavBende,AntarikshaYelkawar
SuryaKlsv,AntarikshaYelkawar
SarthakGhosh,AntarikshaYelkawar
VivekhPrabakaran,AntarikshaYelkawar
RahulDubey22,AntarikshaYelkawar
PavanKate,AntarikshaYelkawar
SiddarthYerram,AntarikshaYelkawar
NelakuduruVineeth,AntarikshaYelkawar
SumitBinnani,AntarikshaYelkawar
PrashantLalwani,AntarikshaYelkawar
NamanBafna,AntarikshaYelkawar
PratikJayaswal,AntarikshaYelkawar
GunjeshSingh,AntarikshaYelkawar
PranavRamarao,AntarikshaYelkawar
SwamyIdln,AntarikshaYelkawar
ManojMadabhushi,AntarikshaYelkawar
HemantArora2,AntarikshaYelkawar
rajatsaxena,AntarikshaYelkawar
VisishtaKarasani,AntarikshaYelkawar
RahmanAbdur,AntarikshaYelkawar
SandeepGoli,AntarikshaYelkawar
AngadOzarkar,AntarikshaYelkawar
ArchitaSharma,AntarikshaYelkawar
ReddyAvinash,AntarikshaYelkawar
ChiragGarg3,AntarikshaYelkawar
NitinMythreya,AntarikshaYelkawar
EswaraSai,ThiruvikramanKandhadai
ChanduParimi,ThiruvikramanKandhadai
SrikanthSuresh,ThiruvikramanKandhadai
RishiKarthik,ThiruvikramanKandhadai
VasanArunachalam,ThiruvikramanKandhadai
AnoopKarnik,ThiruvikramanKandhadai
SwetabhKumar,ThiruvikramanKandhadai
MukherjeeAbhinav,ThiruvikramanKandhadai
ananthkotti,ThiruvikramanKandhadai
SudheerVazrapu,ThiruvikramanKandhadai
ShantanuKallakuri,ThiruvikramanKandhadai
RaiHimanshu,ThiruvikramanKandhadai
MitulGirotra,ThiruvikramanKandhadai
SuryaPabbisetty,ThiruvikramanKandhadai
GaneshAshwin,ThiruvikramanKandhadai
SwethaNimmagadda,ThiruvikramanKandhadai
PraneethSmk,ThiruvikramanKandhadai
VaibhavKumar44,ThiruvikramanKandhadai
AbhilashMirji,ThiruvikramanKandhadai
UtkarshDubey,ThiruvikramanKandhadai
VikasKotha,ThiruvikramanKandhadai
LAdithya,ThiruvikramanKandhadai
HridyeshTewani,ThiruvikramanKandhadai
SaitejaPasula,ThiruvikramanKandhadai
PrashantLalwani,ThiruvikramanKandhadai
PankajMunjal,ThiruvikramanKandhadai
VeenaLahari,ThiruvikramanKandhadai
krishnakarthick,ThiruvikramanKandhadai
MurariVarma,ThiruvikramanKandhadai
HemantArora2,ThiruvikramanKandhadai
VinodhReddyChennu,ThiruvikramanKandhadai
PrudhviReddy3,ThiruvikramanKandhadai
AnilTalari,ThiruvikramanKandhadai
RahmanAbdur,ThiruvikramanKandhadai
AkshayBhat,ThiruvikramanKandhadai
NitinMythreya,ThiruvikramanKandhadai
KartheekManavarthi,ThiruvikramanKandhadai
AkhilCh,ThiruvikramanKandhadai
ARCHITASAHU,ThiruvikramanKandhadai
JeevanRomee,ThiruvikramanKandhadai
viveknimbarmunde,ThiruvikramanKandhadai
VenkateshMundada,ThiruvikramanKandhadai
VishwanthkumarVankadari,ThiruvikramanKandhadai
SaumyaVerma4,ThiruvikramanKandhadai
DivyaAnnavajjula,ThiruvikramanKandhadai
ChowdharySaiPriya,ThiruvikramanKandhadai
SankethVedula,ThiruvikramanKandhadai
SaiRaghuVamsi,ThiruvikramanKandhadai
AdityaKhandelwal1,ThiruvikramanKandhadai
RishikeshVaidya1,ThiruvikramanKandhadai
MadhavKandukuri,ThiruvikramanKandhadai
HemaangKotta,ThiruvikramanKandhadai
SwarnaSaiGopiNihal,ThiruvikramanKandhadai
PushkarPrasun,ThiruvikramanKandhadai
ChandraVikas,ThiruvikramanKandhadai
KoushikSai,ThiruvikramanKandhadai
KatragaddaAvinash,ThiruvikramanKandhadai
VarunChappidi,ThiruvikramanKandhadai
PratyushSharan,ThiruvikramanKandhadai
ShivanReddy,ThiruvikramanKandhadai
GarvMalik,RAHULBASU
EswaraSai,RAHULBASU
ChinmayaPatnayak,RAHULBASU
ShravyaLahari,RAHULBASU
PritamThakur,RAHULBASU
SaumyaJain,RAHULBASU
SrikanthSuresh,RAHULBASU
MukherjeeAbhinav,RAHULBASU
ArnabNandy,RAHULBASU
ananthkotti,RAHULBASU
KalyanPingali,RAHULBASU
ThiruvikramanKandhadai,RAHULBASU
AntarikshaYelkawar,RAHULBASU
RaiHimanshu,RAHULBASU
MitulGirotra,RAHULBASU
ArnabMahanty,RAHULBASU
NarenKrishnaMadhurakavi,RAHULBASU
SrikantBharadwaj,RAHULBASU
DeepthiMeduri,RAHULBASU
AurghoBhattacharjee,RAHULBASU
AmrithaJayadev,RAHULBASU
SwethaNimmagadda,RAHULBASU
VaibhavKumar44,RAHULBASU
SanchitMishra,RAHULBASU
FaisalAhmad3,RAHULBASU
AbhilashMirji,RAHULBASU
UtkarshDubey,RAHULBASU
VaibhavGupta,RAHULBASU
HarshaDutta,RAHULBASU
AnuragPatro,RAHULBASU
SarthakGhosh,RAHULBASU
PriyaChowdhary,RAHULBASU
RahulDubey22,RAHULBASU
VivekhPrabakaran,RAHULBASU
AgrawalNishant,RAHULBASU
SiddarthYerram,RAHULBASU
PavanKate,RAHULBASU
NelakuduruVineeth,RAHULBASU
GauravSingh60,RAHULBASU
SiddharthDash1,RAHULBASU
ApurvaVerma2,RAHULBASU
rishabhsaraswat,RAHULBASU
NamanBafna,RAHULBASU
PranavRamarao,RAHULBASU
GunjeshSingh,RAHULBASU
AradhyaSaxena,RAHULBASU
SambitDebnath,RAHULBASU
VinodhReddyChennu,RAHULBASU
souryadey,RAHULBASU
SagnikDas,RAHULBASU
rajatsaxena,RAHULBASU
ArchitaSharma,RAHULBASU
ReddyAvinash,RAHULBASU
ChiragGarg3,RAHULBASU
KaranGarg,RAHULBASU
RaghavenderSahdev,RAHULBASU
SalabhGoyal,RAHULBASU
NikhilAgrawal,RAHULBASU
ShankarVenkatraman,RAHULBASU
ARCHITASAHU,RAHULBASU
IJRCARJOURNAL,RaiHimanshu
EswaraSai,RaiHimanshu
ChinmayaPatnayak,RaiHimanshu
SaumyaJain,RaiHimanshu
SrikanthSuresh,RaiHimanshu
BhanuSrivatsav,RaiHimanshu
MukherjeeAbhinav,RaiHimanshu
ananthkotti,RaiHimanshu
KalyanPingali,RaiHimanshu
AntarikshaYelkawar,RaiHimanshu
SudheerVazrapu,RaiHimanshu
ThiruvikramanKandhadai,RaiHimanshu
RAHULBASU,RaiHimanshu
PrasanthAkki,RaiHimanshu
MitulGirotra,RaiHimanshu
AurghoBhattacharjee,RaiHimanshu
DeepthiMeduri,RaiHimanshu
NikhilJones,RaiHimanshu
AmrithaJayadev,RaiHimanshu
VaibhavKumar44,RaiHimanshu
SatyaJulakanti,RaiHimanshu
AbhilashMirji,RaiHimanshu
UtkarshDubey,RaiHimanshu
RaunakSinghal,RaiHimanshu
HarshaDutta,RaiHimanshu
PriyaChowdhary,RaiHimanshu
VivekhPrabakaran,RaiHimanshu
RahulDubey22,RaiHimanshu
PavanKate,RaiHimanshu
SiddharthDash1,RaiHimanshu
NelakuduruVineeth,RaiHimanshu
AnuragAgarwal,RaiHimanshu
VipulNandan,RaiHimanshu
rishabhsaraswat,RaiHimanshu
NamanBafna,RaiHimanshu
PratikJayaswal,RaiHimanshu
GunjeshSingh,RaiHimanshu
ManojMadabhushi,RaiHimanshu
HemantArora2,RaiHimanshu
saitejakarnati,RaiHimanshu
PrudhviReddy3,RaiHimanshu
rajatsaxena,RaiHimanshu
VisishtaKarasani,RaiHimanshu
ArchitaSharma,RaiHimanshu
SandeepGoli,RaiHimanshu
AlishaSingh,RaiHimanshu
RahmanAbdur,RaiHimanshu
ReddyAvinash,RaiHimanshu
ChiragGarg3,RaiHimanshu
KaranGarg,RaiHimanshu
RaghavenderSahdev,RaiHimanshu
RajatMisra,RaiHimanshu
SalabhGoyal,RaiHimanshu
ARCHITASAHU,RaiHimanshu
ArvindSunder,RaiHimanshu
SuryaPrathap,RaiHimanshu
PraddyumanRungta,RaiHimanshu
VenkateshMundada,RaiHimanshu
DeepshikaGilbile,RaiHimanshu
SnehansuPradhan,RaiHimanshu
EswaraSai,PrasanthAkki
ShravyaLahari,PrasanthAkki
SrikanthSuresh,PrasanthAkki
HarshaAechuri,PrasanthAkki
SwetabhKumar,PrasanthAkki
ananthkotti,PrasanthAkki
KalyanPingali,PrasanthAkki
AntarikshaYelkawar,PrasanthAkki
SudheerVazrapu,PrasanthAkki
RaiHimanshu,PrasanthAkki
ShantanuKallakuri,PrasanthAkki
SuryaPabbisetty,PrasanthAkki
GaneshAshwin,PrasanthAkki
SrikantBharadwaj,PrasanthAkki
PraneethSmk,PrasanthAkki
SwethaNimmagadda,PrasanthAkki
SatyaJulakanti,PrasanthAkki
SriPrakyathIyyapu,PrasanthAkki
ShriyaPallerla,PrasanthAkki
DeshpandeS,PrasanthAkki
UtkarshDubey,PrasanthAkki
VikasKotha,PrasanthAkki
RaunakSinghal,PrasanthAkki
HarshaDutta,PrasanthAkki
SuhrudhReddy,PrasanthAkki
SarthakGhosh,PrasanthAkki
RahulDubey22,PrasanthAkki
VivekhPrabakaran,PrasanthAkki
ChandraSandeep1,PrasanthAkki
HridyeshTewani,PrasanthAkki
PrashantLalwani,PrasanthAkki
ApurvaVerma2,PrasanthAkki
krishnakarthick,PrasanthAkki
VinodhReddyChennu,PrasanthAkki
saitejakarnati,PrasanthAkki
PrudhviReddy3,PrasanthAkki
VisishtaKarasani,PrasanthAkki
AkshayBhat,PrasanthAkki
ReddyAvinash,PrasanthAkki
KaranGarg,PrasanthAkki
NitinMythreya,PrasanthAkki
AkhilCh,PrasanthAkki
ShankarVenkatraman,PrasanthAkki
JeevanRomee,PrasanthAkki
VishwanthkumarVankadari,PrasanthAkki
SaumyaVerma4,PrasanthAkki
DivyaAnnavajjula,PrasanthAkki
MuditJain,PrasanthAkki
SakshamPhul,PrasanthAkki
SriHarsha,PrasanthAkki
SowmyaChittireddy,PrasanthAkki
DineshGoundla,PrasanthAkki
RameshAdithya,PrasanthAkki
SaiRaghuVamsi,PrasanthAkki
RakeshSaripalli,PrasanthAkki
SiddharthMishra,PrasanthAkki
BibhaNayak,PrasanthAkki
WaliaShubham,PrasanthAkki
DheerajKumar,PrasanthAkki
AkashAchanta,PrasanthAkki
GarvMalik,MitulGirotra
EswaraSai,MitulGirotra
AnubhavDas,MitulGirotra
ChinmayaPatnayak,MitulGirotra
SaumyaJain,MitulGirotra
ChanduParimi,MitulGirotra
SrikanthSuresh,MitulGirotra
AnoopKarnik,MitulGirotra
SwetabhKumar,MitulGirotra
BhanuSrivatsav,MitulGirotra
MukherjeeAbhinav,MitulGirotra
ananthkotti,MitulGirotra
KalyanPingali,MitulGirotra
AntarikshaYelkawar,MitulGirotra
ThiruvikramanKandhadai,MitulGirotra
RAHULBASU,MitulGirotra
ShantanuKallakuri,MitulGirotra
RaiHimanshu,MitulGirotra
AurghoBhattacharjee,MitulGirotra
VinayakVR,MitulGirotra
ParthSingh,MitulGirotra
DivijJoshi,MitulGirotra
NikhilJones,MitulGirotra
VidushiKaul,MitulGirotra
DivyaPravallika,MitulGirotra
VaibhavKumar44,MitulGirotra
UtkarshDubey,MitulGirotra
RaunakSinghal,MitulGirotra
HarshaDutta,MitulGirotra
PriyaChowdhary,MitulGirotra
VivekhPrabakaran,MitulGirotra
RahulDubey22,MitulGirotra
SiddarthYerram,MitulGirotra
PavanKate,MitulGirotra
NelakuduruVineeth,MitulGirotra
SiddharthDash1,MitulGirotra
VarunSen,MitulGirotra
ApurvaVerma2,MitulGirotra
NamanBafna,MitulGirotra
GokulNathSridhar,MitulGirotra
rishabhsaraswat,MitulGirotra
PratikJayaswal,MitulGirotra
GunjeshSingh,MitulGirotra
KaranjotSingh,MitulGirotra
HemantArora2,MitulGirotra
RheaSrivastava,MitulGirotra
VisishtaKarasani,MitulGirotra
RahmanAbdur,MitulGirotra
SandeepGoli,MitulGirotra
RishabhBanga,MitulGirotra
ChiragGarg3,MitulGirotra
KaranGarg,MitulGirotra
BhuvaneeshSrivastava,MitulGirotra
RaghavenderSahdev,MitulGirotra
SalabhGoyal,MitulGirotra
ARCHITASAHU,MitulGirotra
ShankarVenkatraman,MitulGirotra
ArvindSunder,MitulGirotra
SuryaPrathap,MitulGirotra
PraddyumanRungta,MitulGirotra
MohitDeshmukh,SuryaPabbisetty
GarvMalik,SuryaPabbisetty
EswaraSai,SuryaPabbisetty
ChinmayaPatnayak,SuryaPabbisetty
SaumyaJain,SuryaPabbisetty
HarshaAechuri,SuryaPabbisetty
BhanuSrivatsav,SuryaPabbisetty
KalyanPingali,SuryaPabbisetty
ananthkotti,SuryaPabbisetty
ThiruvikramanKandhadai,SuryaPabbisetty
PrasanthAkki,SuryaPabbisetty
NarenKrishnaMadhurakavi,SuryaPabbisetty
DeepthiMeduri,SuryaPabbisetty
VinayakVR,SuryaPabbisetty
DivyaPravallika,SuryaPabbisetty
SatyaJulakanti,SuryaPabbisetty
AbhilashMirji,SuryaPabbisetty
VikasKotha,SuryaPabbisetty
LAdithya,SuryaPabbisetty
SuhrudhReddy,SuryaPabbisetty
SiddarthYerram,SuryaPabbisetty
ChandraSandeep1,SuryaPabbisetty
SiddharthDash1,SuryaPabbisetty
NelakuduruVineeth,SuryaPabbisetty
HridyeshTewani,SuryaPabbisetty
PrashantLalwani,SuryaPabbisetty
SaitejaPasula,SuryaPabbisetty
ApurvaVerma2,SuryaPabbisetty
KomalAgrawal,SuryaPabbisetty
GunjeshSingh,SuryaPabbisetty
PranavRamarao,SuryaPabbisetty
AdityaKumar,SuryaPabbisetty
AnilTalari,SuryaPabbisetty
VisishtaKarasani,SuryaPabbisetty
AkshayBhat,SuryaPabbisetty
ReddyAvinash,SuryaPabbisetty
ChiragGarg3,SuryaPabbisetty
NitinMythreya,SuryaPabbisetty
KartheekManavarthi,SuryaPabbisetty
MohitJain,SuryaPabbisetty
PraveenVelicheti,SuryaPabbisetty
ArvindSunder,SuryaPabbisetty
GuptaChavi,SuryaPabbisetty
KavyaSuma,SuryaPabbisetty
SwagatReddy,SuryaPabbisetty
SwagatReddy,SuryaPabbisetty
SankethVedula,SuryaPabbisetty
HariPriyaRachakonda,SuryaPabbisetty
AdityaKhandelwal1,SuryaPabbisetty
RakeshSaripalli,SuryaPabbisetty
ShivamMittal4,SuryaPabbisetty
NarayananAnanth,SuryaPabbisetty
DheerajKumar,SuryaPabbisetty
AnshikBansal,SuryaPabbisetty
HemaangKotta,SuryaPabbisetty
SwarnaSaiGopiNihal,SuryaPabbisetty
likithnadella,SuryaPabbisetty
BadriNarayana,SuryaPabbisetty
RaunakSharma,SuryaPabbisetty
VinayDevulapalli,SuryaPabbisetty
GarvMalik,GaneshAshwin
EswaraSai,GaneshAshwin
ChinmayaPatnayak,GaneshAshwin
SaumyaJain,GaneshAshwin
ChanduParimi,GaneshAshwin
SrikanthSuresh,GaneshAshwin
HarshaAechuri,GaneshAshwin
AnoopKarnik,GaneshAshwin
SwetabhKumar,GaneshAshwin
BhanuSrivatsav,GaneshAshwin
MukherjeeAbhinav,GaneshAshwin
ThiruvikramanKandhadai,GaneshAshwin
PrasanthAkki,GaneshAshwin
SrikantBharadwaj,GaneshAshwin
NarenKrishnaMadhurakavi,GaneshAshwin
AurghoBhattacharjee,GaneshAshwin
VinayakVR,GaneshAshwin
SanchitMishra,GaneshAshwin
UtkarshDubey,GaneshAshwin
RaunakSinghal,GaneshAshwin
HarshaDutta,GaneshAshwin
SuryaKlsv,GaneshAshwin
SarthakGhosh,GaneshAshwin
VivekhPrabakaran,GaneshAshwin
SiddarthYerram,GaneshAshwin
PavanKate,GaneshAshwin
SidharthSai,GaneshAshwin
SiddharthDash1,GaneshAshwin
NelakuduruVineeth,GaneshAshwin
ApurvaVerma2,GaneshAshwin
GokulNathSridhar,GaneshAshwin
NamanBafna,GaneshAshwin
PratikJayaswal,GaneshAshwin
PranavRamarao,GaneshAshwin
GunjeshSingh,GaneshAshwin
AdityaKumar,GaneshAshwin
ManojMadabhushi,GaneshAshwin
HemantArora2,GaneshAshwin
saitejakarnati,GaneshAshwin
SwarnaYesheswi,GaneshAshwin
rajatsaxena,GaneshAshwin
RahmanAbdur,GaneshAshwin
ChiragGarg3,GaneshAshwin
RaghavenderSahdev,GaneshAshwin
AkhilCh,GaneshAshwin
PraveenVelicheti,GaneshAshwin
ArvindSunder,GaneshAshwin
AlbertJames,GaneshAshwin
AbhijeetMulugu,GaneshAshwin
DeepshikaGilbile,GaneshAshwin
SnehansuPradhan,GaneshAshwin
MuditJain,GaneshAshwin
SakshamPhul,GaneshAshwin
RameshAdithya,GaneshAshwin
HariPriyaRachakonda,GaneshAshwin
SankethVedula,GaneshAshwin
SiddharthMishra,GaneshAshwin
AyushBhadauria,GaneshAshwin
NarayananAnanth,GaneshAshwin
DheerajKumar,GaneshAshwin
RaviKiran,NarenKrishnaMadhurakavi
FawumiKehinde,NarenKrishnaMadhurakavi
RajaramSurianarayanan,NarenKrishnaMadhurakavi
EswaraSai,NarenKrishnaMadhurakavi
JainAniruddh,NarenKrishnaMadhurakavi
AnubhavDas,NarenKrishnaMadhurakavi
RishabhKaul,NarenKrishnaMadhurakavi
SuvonilChatterjee,NarenKrishnaMadhurakavi
ShravyaLahari,NarenKrishnaMadhurakavi
OnkarBagaria,NarenKrishnaMadhurakavi
AarshPande,NarenKrishnaMadhurakavi
ChanduParimi,NarenKrishnaMadhurakavi
SrikanthSuresh,NarenKrishnaMadhurakavi
HarshaAechuri,NarenKrishnaMadhurakavi
AnoopKarnik,NarenKrishnaMadhurakavi
AniketRoy,NarenKrishnaMadhurakavi
MukherjeeAbhinav,NarenKrishnaMadhurakavi
ananthkotti,NarenKrishnaMadhurakavi
SudheerVazrapu,NarenKrishnaMadhurakavi
MazumdarS,NarenKrishnaMadhurakavi
RAHULBASU,NarenKrishnaMadhurakavi
ShantanuKallakuri,NarenKrishnaMadhurakavi
SuryaPabbisetty,NarenKrishnaMadhurakavi
GaneshAshwin,NarenKrishnaMadhurakavi
RaamCharran,NarenKrishnaMadhurakavi
DeepthiMeduri,NarenKrishnaMadhurakavi
MihirHaryal,NarenKrishnaMadhurakavi
PraneethSmk,NarenKrishnaMadhurakavi
AmrithaJayadev,NarenKrishnaMadhurakavi
LucieArgelies,NarenKrishnaMadhurakavi
SonicPrabhudesai,NarenKrishnaMadhurakavi
AroraAnkit,NarenKrishnaMadhurakavi
AliMirza,NarenKrishnaMadhurakavi
HuongQuynh4,NarenKrishnaMadhurakavi
VikasKotha,NarenKrishnaMadhurakavi
LAdithya,NarenKrishnaMadhurakavi
SuhrudhReddy,NarenKrishnaMadhurakavi
IshitMathur,NarenKrishnaMadhurakavi
RahulDubey22,NarenKrishnaMadhurakavi
SidharthSai,NarenKrishnaMadhurakavi
ChandraSandeep1,NarenKrishnaMadhurakavi
JoannaKlimczak,NarenKrishnaMadhurakavi
SaitejaPasula,NarenKrishnaMadhurakavi
ApurvaVerma2,NarenKrishnaMadhurakavi
NamanBafna,NarenKrishnaMadhurakavi
VigneshRamaswamy,NarenKrishnaMadhurakavi
saitejakarnati,NarenKrishnaMadhurakavi
PrakharAgrawal,NarenKrishnaMadhurakavi
AnilTalari,NarenKrishnaMadhurakavi
KrisNair,NarenKrishnaMadhurakavi
NitinMythreya,NarenKrishnaMadhurakavi
KartheekManavarthi,NarenKrishnaMadhurakavi
AkhilCh,NarenKrishnaMadhurakavi
AbhijeetMulugu,NarenKrishnaMadhurakavi
DeepshikaGilbile,NarenKrishnaMadhurakavi
DivyaAnnavajjula,NarenKrishnaMadhurakavi
SrimanthChaudari,NarenKrishnaMadhurakavi
SankethVedula,NarenKrishnaMadhurakavi
SaiRaghuVamsi,NarenKrishnaMadhurakavi
SkinnerLayne,NarenKrishnaMadhurakavi
EswaraSai,AurghoBhattacharjee
HarikaNelli,AurghoBhattacharjee
ChinmayaPatnayak,AurghoBhattacharjee
ShravyaLahari,AurghoBhattacharjee
SrikanthSuresh,AurghoBhattacharjee
SwetabhKumar,AurghoBhattacharjee
BhanuSrivatsav,AurghoBhattacharjee
MukherjeeAbhinav,AurghoBhattacharjee
KalyanPingali,AurghoBhattacharjee
ananthkotti,AurghoBhattacharjee
AntarikshaYelkawar,AurghoBhattacharjee
RAHULBASU,AurghoBhattacharjee
RaiHimanshu,AurghoBhattacharjee
MitulGirotra,AurghoBhattacharjee
GaneshAshwin,AurghoBhattacharjee
DeepthiMeduri,AurghoBhattacharjee
VaibhavKumar44,AurghoBhattacharjee
SanchitMishra,AurghoBhattacharjee
FaisalAhmad3,AurghoBhattacharjee
ArujArora,AurghoBhattacharjee
UtkarshDubey,AurghoBhattacharjee
HarshaDutta,AurghoBhattacharjee
SarthakGhosh,AurghoBhattacharjee
KunalDatta,AurghoBhattacharjee
PriyaChowdhary,AurghoBhattacharjee
RahulDubey22,AurghoBhattacharjee
VivekhPrabakaran,AurghoBhattacharjee
PavanKate,AurghoBhattacharjee
SiddharthDash1,AurghoBhattacharjee
NelakuduruVineeth,AurghoBhattacharjee
ApurvaVerma2,AurghoBhattacharjee
rishabhsaraswat,AurghoBhattacharjee
PratikJayaswal,AurghoBhattacharjee
GunjeshSingh,AurghoBhattacharjee
HemantArora2,AurghoBhattacharjee
ManojMadabhushi,AurghoBhattacharjee
SnehaTete,AurghoBhattacharjee
VisishtaKarasani,AurghoBhattacharjee
RahmanAbdur,AurghoBhattacharjee
ArchitaSharma,AurghoBhattacharjee
SandeepGoli,AurghoBhattacharjee
ChiragGarg3,AurghoBhattacharjee
KaranGarg,AurghoBhattacharjee
RaghavenderSahdev,AurghoBhattacharjee
ArvindSunder,AurghoBhattacharjee
PraddyumanRungta,AurghoBhattacharjee
DeepshikaGilbile,AurghoBhattacharjee
VishwanthkumarVankadari,AurghoBhattacharjee
SaumyaVerma4,AurghoBhattacharjee
GuptaChavi,AurghoBhattacharjee
AbhiramChavali,AurghoBhattacharjee
DipayanChattopadhyay,AurghoBhattacharjee
BibhaNayak,AurghoBhattacharjee
ShivamMittal4,AurghoBhattacharjee
WaliaShubham,AurghoBhattacharjee
PranavKarat,AurghoBhattacharjee
AkshithAnand,AurghoBhattacharjee
ArindamSengupta,AurghoBhattacharjee
VamsiMohan3,AurghoBhattacharjee
PushkarPrasun,AurghoBhattacharjee
GarvMalik,DeepthiMeduri
EswaraSai,DeepthiMeduri
ChinmayaPatnayak,DeepthiMeduri
SaumyaJain,DeepthiMeduri
AnoopKarnik,DeepthiMeduri
BhanuSrivatsav,DeepthiMeduri
ananthkotti,DeepthiMeduri
KalyanPingali,DeepthiMeduri
AntarikshaYelkawar,DeepthiMeduri
RAHULBASU,DeepthiMeduri
RaiHimanshu,DeepthiMeduri
SuryaPabbisetty,DeepthiMeduri
NarenKrishnaMadhurakavi,DeepthiMeduri
AurghoBhattacharjee,DeepthiMeduri
PraneethSmk,DeepthiMeduri
AbhinavAppidi,DeepthiMeduri
DivyaPravallika,DeepthiMeduri
SatyaJulakanti,DeepthiMeduri
ShriyaPallerla,DeepthiMeduri
AbhilashMirji,DeepthiMeduri
VikasKotha,DeepthiMeduri
LAdithya,DeepthiMeduri
SuhrudhReddy,DeepthiMeduri
PriyaChowdhary,DeepthiMeduri
VivekhPrabakaran,DeepthiMeduri
SiddarthYerram,DeepthiMeduri
SidharthSai,DeepthiMeduri
NelakuduruVineeth,DeepthiMeduri
HridyeshTewani,DeepthiMeduri
KandarpaPaduru,DeepthiMeduri
PrashantLalwani,DeepthiMeduri
SaitejaPasula,DeepthiMeduri
KomalAgrawal,DeepthiMeduri
ManojMadabhushi,DeepthiMeduri
saitejakarnati,DeepthiMeduri
AnilTalari,DeepthiMeduri
SomyaAgarwal,DeepthiMeduri
VisishtaKarasani,DeepthiMeduri
SandeepGoli,DeepthiMeduri
ArchitaSharma,DeepthiMeduri
AkshayBhat,DeepthiMeduri
ReddyAvinash,DeepthiMeduri
ChiragGarg3,DeepthiMeduri
KartheekManavarthi,DeepthiMeduri
FuryJain,DeepthiMeduri
MohitJain,DeepthiMeduri
ArvindSunder,DeepthiMeduri
PraveenVelicheti,DeepthiMeduri
AbhijeetMulugu,DeepthiMeduri
GuptaChavi,DeepthiMeduri
SakshamPhul,DeepthiMeduri
LokeshKaza,DeepthiMeduri
KavyaSuma,DeepthiMeduri
KapilSubramaniam,DeepthiMeduri
SrimanthChaudari,DeepthiMeduri
HariPriyaRachakonda,DeepthiMeduri
SankethVedula,DeepthiMeduri
AdityaKhandelwal1,DeepthiMeduri
KaurManjyot,DeepthiMeduri
ShivamMittal4,DeepthiMeduri
DrNatarajanBR,VinayakVR
EswaraSai,VinayakVR
ShravyaLahari,VinayakVR
dipendubhunia,VinayakVR
ChanduParimi,VinayakVR
HarshaAechuri,VinayakVR
VasanArunachalam,VinayakVR
AnoopKarnik,VinayakVR
SwetabhKumar,VinayakVR
MukherjeeAbhinav,VinayakVR
SatyendraTripathi,VinayakVR
ShantanuKallakuri,VinayakVR
MitulGirotra,VinayakVR
SuryaPabbisetty,VinayakVR
GaneshAshwin,VinayakVR
PraneethSmk,VinayakVR
NitinSamuel,VinayakVR
SriPrakyathIyyapu,VinayakVR
VikasKotha,VinayakVR
SuhrudhReddy,VinayakVR
ArunChandramohan,VinayakVR
ChandraSandeep1,VinayakVR
SidharthSai,VinayakVR
HridyeshTewani,VinayakVR
SaitejaPasula,VinayakVR
ApurvaVerma2,VinayakVR
shankarchavan,VinayakVR
VeenaLahari,VinayakVR
rishabhsaraswat,VinayakVR
MurariVarma,VinayakVR
HemantArora2,VinayakVR
VinodhReddyChennu,VinayakVR
Kalyankarthik,VinayakVR
PrudhviReddy3,VinayakVR
NitinMythreya,VinayakVR
KartheekManavarthi,VinayakVR
AkhilCh,VinayakVR
ApoorvaMusunuri,VinayakVR
viveknimbarmunde,VinayakVR
VishwanthkumarVankadari,VinayakVR
DivyaAnnavajjula,VinayakVR
MuditJain,VinayakVR
SakshamPhul,VinayakVR
GauravParuthi,VinayakVR
SpbKumar,VinayakVR
JaidiJeevan,VinayakVR
ChowdharySaiPriya,VinayakVR
HariPriyaRachakonda,VinayakVR
ShamsherBahadurSingh,VinayakVR
RakeshSaripalli,VinayakVR
KaurManjyot,VinayakVR
BhaskarAdari,VinayakVR
AnshikBansal,VinayakVR
AkashAchanta,VinayakVR
SrinijaVobugari,VinayakVR
SwarnaSaiGopiNihal,VinayakVR
PushkarPrasun,VinayakVR
ChandraVikas,VinayakVR
IndrajitGhosh,VinayakVR
PratyushSharan,VinayakVR
GarvMalik,AmrithaJayadev
EswaraSai,AmrithaJayadev
SrikanthSuresh,AmrithaJayadev
AnoopKarnik,AmrithaJayadev
BhanuSrivatsav,AmrithaJayadev
KalyanPingali,AmrithaJayadev
ananthkotti,AmrithaJayadev
AntarikshaYelkawar,AmrithaJayadev
RAHULBASU,AmrithaJayadev
RaiHimanshu,AmrithaJayadev
NarenKrishnaMadhurakavi,AmrithaJayadev
DivyaPravallika,AmrithaJayadev
ShriyaPallerla,AmrithaJayadev
SanchitMishra,AmrithaJayadev
VikasKotha,AmrithaJayadev
RaunakSinghal,AmrithaJayadev
HarshaDutta,AmrithaJayadev
SuhrudhReddy,AmrithaJayadev
PriyaChowdhary,AmrithaJayadev
RahulDubey22,AmrithaJayadev
VivekhPrabakaran,AmrithaJayadev
NelakuduruVineeth,AmrithaJayadev
SiddharthDash1,AmrithaJayadev
PrashantLalwani,AmrithaJayadev
VeenaLahari,AmrithaJayadev
PrasanthAbraham,AmrithaJayadev
KomalAgrawal,AmrithaJayadev
SaiTripathy,AmrithaJayadev
HemantArora2,AmrithaJayadev
ManojMadabhushi,AmrithaJayadev
AnilTalari,AmrithaJayadev
SomyaAgarwal,AmrithaJayadev
VisishtaKarasani,AmrithaJayadev
SandeepGoli,AmrithaJayadev
AkhilCh,AmrithaJayadev
ApoorvaMusunuri,AmrithaJayadev
RaghavenderSahdev,AmrithaJayadev
ARCHITASAHU,AmrithaJayadev
SuryaPrathap,AmrithaJayadev
ArvindSunder,AmrithaJayadev
AlbertJames,AmrithaJayadev
VenkateshMundada,AmrithaJayadev
SnehansuPradhan,AmrithaJayadev
SaumyaVerma4,AmrithaJayadev
DivyaAnnavajjula,AmrithaJayadev
KavyaSuma,AmrithaJayadev
ChowdharySaiPriya,AmrithaJayadev
HariPriyaRachakonda,AmrithaJayadev
RakeshSaripalli,AmrithaJayadev
BibhaNayak,AmrithaJayadev
SiddharthMishra,AmrithaJayadev
NarayananAnanth,AmrithaJayadev
ShashanthRV,AmrithaJayadev
AravindKarthik,AmrithaJayadev
likithnadella,AmrithaJayadev
harikakavali,AmrithaJayadev
AakashJain2,AmrithaJayadev
VenkataSriramaKrishnaTejaKonduri,AmrithaJayadev
PrachiChandak,AmrithaJayadev
JiteshVarandani,AmrithaJayadev
EswaraSai,PraneethSmk
VasanArunachalam,PraneethSmk
BhanuSrivatsav,PraneethSmk
ananthkotti,PraneethSmk
KalyanPingali,PraneethSmk
SudheerVazrapu,PraneethSmk
ThiruvikramanKandhadai,PraneethSmk
PrasanthAkki,PraneethSmk
NarenKrishnaMadhurakavi,PraneethSmk
DeepthiMeduri,PraneethSmk
ManikantaRaju,PraneethSmk
VinayakVR,PraneethSmk
SatyaMandava,PraneethSmk
MeijJournal,PraneethSmk
AbhilashMirji,PraneethSmk
HarshaDutta,PraneethSmk
SuhrudhReddy,PraneethSmk
AbhilashKoleti,PraneethSmk
VivekhPrabakaran,PraneethSmk
SiddarthYerram,PraneethSmk
ChandraSandeep1,PraneethSmk
KrishnaSravanth,PraneethSmk
SiddharthDash1,PraneethSmk
SaitejaPasula,PraneethSmk
ApurvaVerma2,PraneethSmk
PratikJayaswal,PraneethSmk
AdityaKumar,PraneethSmk
VinodhReddyChennu,PraneethSmk
KPavanKumar,PraneethSmk
PrudhviReddy3,PraneethSmk
VisishtaKarasani,PraneethSmk
ViswaVardhanPamarthi,PraneethSmk
ArchitaSharma,PraneethSmk
SandeepGoli,PraneethSmk
ReddyAvinash,PraneethSmk
NitinMythreya,PraneethSmk
VijayGutta,PraneethSmk
ThrilokNannapaneni,PraneethSmk
ArvindSunder,PraneethSmk
PraveenVelicheti,PraneethSmk
SuryaPrathap,PraneethSmk
SaiKiran,PraneethSmk
SakshamPhul,PraneethSmk
VenkateshHarisyam,PraneethSmk
AbhiramChavali,PraneethSmk
JaidiJeevan,PraneethSmk
SankethVedula,PraneethSmk
RakeshSaripalli,PraneethSmk
KesavaPhaneendraCh,PraneethSmk
SiddharthMishra,PraneethSmk
ShivamMittal4,PraneethSmk
GlkPrasanth,PraneethSmk
NarayananAnanth,PraneethSmk
DheerajKumar,PraneethSmk
SashankKurella,PraneethSmk
AravindKarthik,PraneethSmk
ShivaReisende,PraneethSmk
PushkarPrasun,PraneethSmk
likithnadella,PraneethSmk
AakashJain2,PraneethSmk
EswaraSai,SaiPadmanabhuni
ShravyaLahari,SaiPadmanabhuni
VasanArunachalam,SaiPadmanabhuni
AnoopKarnik,SaiPadmanabhuni
MukherjeeAbhinav,SaiPadmanabhuni
SudheerVazrapu,SaiPadmanabhuni
AshwinKalkar,SaiPadmanabhuni
srivatsakandukuri,SaiPadmanabhuni
sudheerkatta,SaiPadmanabhuni
SwethaNimmagadda,SaiPadmanabhuni
NitinSamuel,SaiPadmanabhuni
DivyaPravallika,SaiPadmanabhuni
SriPrakyathIyyapu,SaiPadmanabhuni
saileshkondraganti,SaiPadmanabhuni
SuryaKlsv,SaiPadmanabhuni
RathnadeepKanaparthi,SaiPadmanabhuni
ShubhamJain85,SaiPadmanabhuni
JalalKhan,SaiPadmanabhuni
varunkumarreddygoli,SaiPadmanabhuni
GokulNathSridhar,SaiPadmanabhuni
VeenaLahari,SaiPadmanabhuni
krishnakarthick,SaiPadmanabhuni
SwamyIdln,SaiPadmanabhuni
NavyaSahithi,SaiPadmanabhuni
balakoteshwar,SaiPadmanabhuni
AVINASHD,SaiPadmanabhuni
NitinMythreya,SaiPadmanabhuni
RathishArumugam,SaiPadmanabhuni
JeevanRomee,SaiPadmanabhuni
viveknimbarmunde,SaiPadmanabhuni
HariKrishnaUpadhyayula,SaiPadmanabhuni
VishwanthkumarVankadari,SaiPadmanabhuni
SashankaPaladugu,SaiPadmanabhuni
AnvithaAdhikarla,SaiPadmanabhuni
VenkateshHarisyam,SaiPadmanabhuni
SriHarsha,SaiPadmanabhuni
JaidiJeevan,SaiPadmanabhuni
SowmyaChittireddy,SaiPadmanabhuni
HariPriyaRachakonda,SaiPadmanabhuni
ReddyManish,SaiPadmanabhuni
RakeshSaripalli,SaiPadmanabhuni
TejeshwarSingh,SaiPadmanabhuni
AdityaSaripally,SaiPadmanabhuni
SashankKurella,SaiPadmanabhuni
SiddardhGouri,SaiPadmanabhuni
ShivaReisende,SaiPadmanabhuni
ChandraVikas,SaiPadmanabhuni
KatragaddaAvinash,SaiPadmanabhuni
PeeyushPashine,SaiPadmanabhuni
VarunChappidi,SaiPadmanabhuni
SatyaTejaswi,SaiPadmanabhuni
AkshayAnanthakrishnan,SaiPadmanabhuni
VenkataSriramaKrishnaTejaKonduri,SaiPadmanabhuni
PrachiChandak,SaiPadmanabhuni
DineshKumarDasari,SaiPadmanabhuni
AkhileshSharma1,SaiPadmanabhuni
SampathVelaga,SaiPadmanabhuni
SoumyaGanguly,SaiPadmanabhuni
SudharsanVeeravalli,SaiPadmanabhuni
DivyaJyothi,SaiPadmanabhuni
GarvMalik,VaibhavKumar44
EswaraSai,VaibhavKumar44
ChinmayaPatnayak,VaibhavKumar44
HarshaAechuri,VaibhavKumar44
AnoopKarnik,VaibhavKumar44
BhanuSrivatsav,VaibhavKumar44
MukherjeeAbhinav,VaibhavKumar44
ananthkotti,VaibhavKumar44
KalyanPingali,VaibhavKumar44
ThiruvikramanKandhadai,VaibhavKumar44
AntarikshaYelkawar,VaibhavKumar44
RAHULBASU,VaibhavKumar44
RaiHimanshu,VaibhavKumar44
SaloniSinha,VaibhavKumar44
MitulGirotra,VaibhavKumar44
GeorgeDenny,VaibhavKumar44
SrikantBharadwaj,VaibhavKumar44
AurghoBhattacharjee,VaibhavKumar44
SanchitMishra,VaibhavKumar44
RiyaRay,VaibhavKumar44
AbhilashMirji,VaibhavKumar44
UtkarshDubey,VaibhavKumar44
RaunakSinghal,VaibhavKumar44
HarshaDutta,VaibhavKumar44
ShashankBassi,VaibhavKumar44
RahulDubey22,VaibhavKumar44
VivekhPrabakaran,VaibhavKumar44
SiddarthYerram,VaibhavKumar44
PavanKate,VaibhavKumar44
SiddharthDash1,VaibhavKumar44
SiddharthDash1,VaibhavKumar44
HridyeshTewani,VaibhavKumar44
YousufAliNalakath,VaibhavKumar44
SpandanaChervu,VaibhavKumar44
rishabhsaraswat,VaibhavKumar44
BiswaPrasannaMishra,VaibhavKumar44
GunjeshSingh,VaibhavKumar44
VijaySadashivaiah,VaibhavKumar44
ManojMadabhushi,VaibhavKumar44
rajatsaxena,VaibhavKumar44
UtsavAgrawal1,VaibhavKumar44
NitinMythreya,VaibhavKumar44
ChiragGarg3,VaibhavKumar44
KaranGarg,VaibhavKumar44
RaghavenderSahdev,VaibhavKumar44
SalabhGoyal,VaibhavKumar44
ShankarVenkatraman,VaibhavKumar44
SuryaPrathap,VaibhavKumar44
ArvindSunder,VaibhavKumar44
RahulRanjan,VaibhavKumar44
PraddyumanRungta,VaibhavKumar44
VenkateshMundada,VaibhavKumar44
SnehansuPradhan,VaibhavKumar44
SaumyaVerma4,VaibhavKumar44
akashraj,VaibhavKumar44
SakshamPhul,VaibhavKumar44
AbhiramChavali,VaibhavKumar44
SankethVedula,VaibhavKumar44
AnmolAgrawal,VaibhavKumar44
SiddharthMishra,VaibhavKumar44
EswaraSai,SatyaJulakanti
ChinmayaPatnayak,SatyaJulakanti
SaumyaJain,SatyaJulakanti
ChanduParimi,SatyaJulakanti
AnoopKarnik,SatyaJulakanti
ananthkotti,SatyaJulakanti
KalyanPingali,SatyaJulakanti
AntarikshaYelkawar,SatyaJulakanti
RaiHimanshu,SatyaJulakanti
PrasanthAkki,SatyaJulakanti
SuryaPabbisetty,SatyaJulakanti
DeepthiMeduri,SatyaJulakanti
PadmasreeReddy,SatyaJulakanti
DivyaPravallika,SatyaJulakanti
SanchitMishra,SatyaJulakanti
ShriyaPallerla,SatyaJulakanti
MeenakshiSaranga,SatyaJulakanti
PawanSplv,SatyaJulakanti
SuhrudhReddy,SatyaJulakanti
PriyaChowdhary,SatyaJulakanti
VivekhPrabakaran,SatyaJulakanti
ChandraSandeep1,SatyaJulakanti
NelakuduruVineeth,SatyaJulakanti
SaitejaPasula,SatyaJulakanti
PrashantLalwani,SatyaJulakanti
ApurvaVerma2,SatyaJulakanti
PrasanthAbraham,SatyaJulakanti
AdityaKumar,SatyaJulakanti
VinodhReddyChennu,SatyaJulakanti
PrudhviReddy3,SatyaJulakanti
SomyaAgarwal,SatyaJulakanti
VisishtaKarasani,SatyaJulakanti
ArchitaSharma,SatyaJulakanti
SandeepGoli,SatyaJulakanti
ReddyAvinash,SatyaJulakanti
ChiragGarg3,SatyaJulakanti
SriKrishnaPriyaD,SatyaJulakanti
ArvindSunder,SatyaJulakanti
PraveenVelicheti,SatyaJulakanti
SaiSaurab,SatyaJulakanti
DeepshikaGilbile,SatyaJulakanti
VikramsimhareddyKallam,SatyaJulakanti
BharadwajRallabandi,SatyaJulakanti
DivyaAnnavajjula,SatyaJulakanti
MuditJain,SatyaJulakanti
SakshamPhul,SatyaJulakanti
SrimanthChaudari,SatyaJulakanti
SankethVedula,SatyaJulakanti
HariPriyaRachakonda,SatyaJulakanti
DineshGoundla,SatyaJulakanti
RakeshSaripalli,SatyaJulakanti
KaurManjyot,SatyaJulakanti
ShivamMittal4,SatyaJulakanti
SiddharthMishra,SatyaJulakanti
NarayananAnanth,SatyaJulakanti
ShashanthRV,SatyaJulakanti
DheerajKumar,SatyaJulakanti
SarasijaGaddameedi,SatyaJulakanti
AnshikBansal,SatyaJulakanti
SrinijaVobugari,SatyaJulakanti
GarvMalik,SanchitMishra
EswaraSai,SanchitMishra
ChinmayaPatnayak,SanchitMishra
SaumyaJain,SanchitMishra
SrikanthSuresh,SanchitMishra
AnoopKarnik,SanchitMishra
MukherjeeAbhinav,SanchitMishra
KalyanPingali,SanchitMishra
AntarikshaYelkawar,SanchitMishra
RAHULBASU,SanchitMishra
GaneshAshwin,SanchitMishra
SrikantBharadwaj,SanchitMishra
AurghoBhattacharjee,SanchitMishra
AmrithaJayadev,SanchitMishra
DivyaPravallika,SanchitMishra
VaibhavKumar44,SanchitMishra
SatyaJulakanti,SanchitMishra
ShriyaPallerla,SanchitMishra
AbhilashMirji,SanchitMishra
SuryaKlsv,SanchitMishra
SuhrudhReddy,SanchitMishra
SarthakGhosh,SanchitMishra
VivekhPrabakaran,SanchitMishra
RahulDubey22,SanchitMishra
SiddarthYerram,SanchitMishra
SiddharthDash1,SanchitMishra
NelakuduruVineeth,SanchitMishra
ApurvaVerma2,SanchitMishra
NamanBafna,SanchitMishra
rishabhsaraswat,SanchitMishra
PratikJayaswal,SanchitMishra
PranavRamarao,SanchitMishra
GunjeshSingh,SanchitMishra
AdityaKumar,SanchitMishra
ManojMadabhushi,SanchitMishra
saitejakarnati,SanchitMishra
PrannoyPilligundla,SanchitMishra
SomyaAgarwal,SanchitMishra
rajatsaxena,SanchitMishra
RathishArumugam,SanchitMishra
ChiragGarg3,SanchitMishra
NitinMythreya,SanchitMishra
ApoorvaMusunuri,SanchitMishra
RaghavenderSahdev,SanchitMishra
AkhilCh,SanchitMishra
ARCHITASAHU,SanchitMishra
ArvindSunder,SanchitMishra
AlbertJames,SanchitMishra
SaumyaVerma4,SanchitMishra
MuditJain,SanchitMishra
SakshamPhul,SanchitMishra
KavyaSuma,SanchitMishra
HariPriyaRachakonda,SanchitMishra
RameshAdithya,SanchitMishra
AdityaKhandelwal1,SanchitMishra
BibhaNayak,SanchitMishra
ShivamMittal4,SanchitMishra
KaurManjyot,SanchitMishra
SiddharthMishra,SanchitMishra
NarayananAnanth,SanchitMishra
GarvMalik,ShriyaPallerla
EswaraSai,ShriyaPallerla
SaumyaJain,ShriyaPallerla
HarshaAechuri,ShriyaPallerla
AnoopKarnik,ShriyaPallerla
AntarikshaYelkawar,ShriyaPallerla
PrasanthAkki,ShriyaPallerla
MadhuriBhavana,ShriyaPallerla
BhavanaSunder,ShriyaPallerla
DeepthiMeduri,ShriyaPallerla
AmrithaJayadev,ShriyaPallerla
DivyaPravallika,ShriyaPallerla
SatyaJulakanti,ShriyaPallerla
SanchitMishra,ShriyaPallerla
AbhilashMirji,ShriyaPallerla
VikasKotha,ShriyaPallerla
SuhrudhReddy,ShriyaPallerla
VivekhPrabakaran,ShriyaPallerla
SiddarthYerram,ShriyaPallerla
SidharthSai,ShriyaPallerla
ChandraSandeep1,ShriyaPallerla
NelakuduruVineeth,ShriyaPallerla
HridyeshTewani,ShriyaPallerla
PrashantLalwani,ShriyaPallerla
saitejakarnati,ShriyaPallerla
AnilTalari,ShriyaPallerla
SomyaAgarwal,ShriyaPallerla
VisishtaKarasani,ShriyaPallerla
SandeepGoli,ShriyaPallerla
ArchitaSharma,ShriyaPallerla
AkshayBhat,ShriyaPallerla
KartheekManavarthi,ShriyaPallerla
RuhikaDarbare,ShriyaPallerla
AlbertJames,ShriyaPallerla
DeepshikaGilbile,ShriyaPallerla
VishwanthkumarVankadari,ShriyaPallerla
TulsiBhansali,ShriyaPallerla
DivyaAnnavajjula,ShriyaPallerla
MuditJain,ShriyaPallerla
KavyaSuma,ShriyaPallerla
KeerthanaJetty,ShriyaPallerla
SrimanthChaudari,ShriyaPallerla
AdityaKhandelwal1,ShriyaPallerla
KaurManjyot,ShriyaPallerla
BibhaNayak,ShriyaPallerla
BibhaNayak,ShriyaPallerla
ArnavSaha1,ShriyaPallerla
SrinijaVobugari,ShriyaPallerla
SwarnaSaiGopiNihal,ShriyaPallerla
PrajuktaPradhan,ShriyaPallerla
SreejaReddy1,ShriyaPallerla
PrachiChandak,ShriyaPallerla
ShubiAgarwal,ShriyaPallerla
MadhureetaDasGupta,ShriyaPallerla
SnehaChemarla,ShriyaPallerla
AnkitaPai2,ShriyaPallerla
SreesankaranNamboothiri,ShriyaPallerla
DivyaSanghi,ShriyaPallerla
PrasandthShankar,ShriyaPallerla
MahithaTammineedi,ShriyaPallerla
RogerWoodman,AbhilashMirji
EswaraSai,AbhilashMirji
ChinmayaPatnayak,AbhilashMirji
ArunBharadwaj,AbhilashMirji
SrikanthSuresh,AbhilashMirji
SwetabhKumar,AbhilashMirji
BhanuSrivatsav,AbhilashMirji
MukherjeeAbhinav,AbhilashMirji
ananthkotti,AbhilashMirji
KalyanPingali,AbhilashMirji
AntarikshaYelkawar,AbhilashMirji
RAHULBASU,AbhilashMirji
RaiHimanshu,AbhilashMirji
ShantanuKallakuri,AbhilashMirji
SuryaPabbisetty,AbhilashMirji
DeepthiMeduri,AbhilashMirji
NikhilJones,AbhilashMirji
PraneethSmk,AbhilashMirji
SaiPadmanabhuni,AbhilashMirji
VaibhavKumar44,AbhilashMirji
ShriyaPallerla,AbhilashMirji
SanchitMishra,AbhilashMirji
UtkarshDubey,AbhilashMirji
VikasKotha,AbhilashMirji
MadhusudhanBalasubramanian,AbhilashMirji
RaunakSinghal,AbhilashMirji
HarshaDutta,AbhilashMirji
SuhrudhReddy,AbhilashMirji
StephaniaMathew,AbhilashMirji
VivekhPrabakaran,AbhilashMirji
VivekhPrabakaran,AbhilashMirji
PavanKate,AbhilashMirji
ChandraSandeep1,AbhilashMirji
SidharthSai,AbhilashMirji
SiddharthDash1,AbhilashMirji
NelakuduruVineeth,AbhilashMirji
NamanBafna,AbhilashMirji
rishabhsaraswat,AbhilashMirji
PratikJayaswal,AbhilashMirji
JayantJain,AbhilashMirji
GunjeshSingh,AbhilashMirji
ManojMadabhushi,AbhilashMirji
VinodhReddyChennu,AbhilashMirji
PrudhviReddy3,AbhilashMirji
VisishtaKarasani,AbhilashMirji
VisishtaKarasani,AbhilashMirji
ArchitaSharma,AbhilashMirji
RahmanAbdur,AbhilashMirji
ReddyAvinash,AbhilashMirji
KaranGarg,AbhilashMirji
ChiragGarg3,AbhilashMirji
NitinMythreya,AbhilashMirji
SalabhGoyal,AbhilashMirji
RaghavenderSahdev,AbhilashMirji
MohitJain,AbhilashMirji
SuryaPrathap,AbhilashMirji
ArvindSunder,AbhilashMirji
PraddyumanRungta,AbhilashMirji
VenkateshMundada,AbhilashMirji
VishwanthkumarVankadari,AbhilashMirji
EswaraSai,UtkarshDubey
ChanduParimi,UtkarshDubey
SrikanthSuresh,UtkarshDubey
SwetabhKumar,UtkarshDubey
KalyanPingali,UtkarshDubey
ananthkotti,UtkarshDubey
SudheerVazrapu,UtkarshDubey
AntarikshaYelkawar,UtkarshDubey
ThiruvikramanKandhadai,UtkarshDubey
RAHULBASU,UtkarshDubey
RaiHimanshu,UtkarshDubey
PrasanthAkki,UtkarshDubey
MitulGirotra,UtkarshDubey
VanshPahwa,UtkarshDubey
GaneshAshwin,UtkarshDubey
SrikantBharadwaj,UtkarshDubey
AurghoBhattacharjee,UtkarshDubey
NikhilJones,UtkarshDubey
RishabhSethi,UtkarshDubey
VaibhavKumar44,UtkarshDubey
AbhilashMirji,UtkarshDubey
NareshShah,UtkarshDubey
RaunakSinghal,UtkarshDubey
HarshaDutta,UtkarshDubey
SarthakGhosh,UtkarshDubey
RahulDubey22,UtkarshDubey
VivekhPrabakaran,UtkarshDubey
JournalIJCSA,UtkarshDubey
PavanKate,UtkarshDubey
SiddharthDash1,UtkarshDubey
NelakuduruVineeth,UtkarshDubey
PrashantLalwani,UtkarshDubey
VeenaLahari,UtkarshDubey
rishabhsaraswat,UtkarshDubey
NamanBafna,UtkarshDubey
PratikJayaswal,UtkarshDubey
GunjeshSingh,UtkarshDubey
AdityaKumar,UtkarshDubey
ManojMadabhushi,UtkarshDubey
VisishtaKarasani,UtkarshDubey
rajatsaxena,UtkarshDubey
RahmanAbdur,UtkarshDubey
ReddyAvinash,UtkarshDubey
ChiragGarg3,UtkarshDubey
KaranGarg,UtkarshDubey
MohitJain,UtkarshDubey
RaghavenderSahdev,UtkarshDubey
SalabhGoyal,UtkarshDubey
ArvindSunder,UtkarshDubey
AbhijeetMulugu,UtkarshDubey
PraddyumanRungta,UtkarshDubey
VenkateshMundada,UtkarshDubey
HariKrishnaUpadhyayula,UtkarshDubey
SnehansuPradhan,UtkarshDubey
AbhiramChavali,UtkarshDubey
SrimanthChaudari,UtkarshDubey
BibhaNayak,UtkarshDubey
SiddharthMishra,UtkarshDubey
WaliaShubham,UtkarshDubey
AnjandeepSahni,UtkarshDubey
PrabhudattaDas,PratishBala
KrishnaVijay,PratishBala
SaiDeo,PratishBala
EswaraSai,PratishBala
ShrenikKhot,PratishBala
RamnarayanShreyas,PratishBala
AamerKhan5,PratishBala
SouryenduDas,PratishBala
AmritPal,PratishBala
SheronFigarado,PratishBala
KushagraNigam,PratishBala
AnirudhWodeyar,PratishBala
ShailajaAkella,PratishBala
AasthaAgrawal,PratishBala
KaustuvMohanty,PratishBala
RSwamy,PratishBala
HarshavardhanPandit,PratishBala
AjachiChakrabarti,PratishBala
NithinJacob,PratishBala
ManaswiMishra,PratishBala
RenukaPai,PratishBala
SurbhiVerma,PratishBala
TanmayDeshmukh,PratishBala
ShashankBassi,PratishBala
SamyuktaRamnath,PratishBala
AdityaCherukumudi,PratishBala
RadhikaGaonkar,PratishBala
MukunthRaghavan,PratishBala
MritunjaySrivastava,PratishBala
RamchandranMuthukumar,PratishBala
RohithShivkumar,PratishBala
DevendraDidwaniya,PratishBala
ShivanshSrivastava,PratishBala
FrancisJames,PratishBala
AJain,PratishBala
SubodhKolhe,PratishBala
BhaskarTetarbe,PratishBala
DivyaYadav,PratishBala
TanayVora,PratishBala
VasantSridhar,PratishBala
BalakrishnanRaghavan,PratishBala
VinayIyer,PratishBala
umashankar,PratishBala
AbhiJain,PratishBala
VarunKrishnan,PratishBala
JayRambhia,PratishBala
VarshaKrishnan,PratishBala
MerinSanthosh,PratishBala
ShyamaPrasadMohanty,PratishBala
AadityaShah,PratishBala
VijayKumar,PratishBala
JillShah,PratishBala
PriyankaGopalan,PratishBala
PoojaRamakrishnan,PratishBala
DhanyaBalasubramanian,PratishBala
PrachetaaBits,PratishBala
ArnavBhattacharya,PratishBala
RaghavNyati,PratishBala
DeviPrasadV,PratishBala
SudharsanVeeravalli,PratishBala
EswaraSai,VikasKotha
ChinmayaPatnayak,VikasKotha
SaumyaJain,VikasKotha
HarshaAechuri,VikasKotha
BhanuSrivatsav,VikasKotha
KalyanPingali,VikasKotha
ThiruvikramanKandhadai,VikasKotha
PrasanthAkki,VikasKotha
SuryaPabbisetty,VikasKotha
NarenKrishnaMadhurakavi,VikasKotha
DeepthiMeduri,VikasKotha
VinayakVR,VikasKotha
AmrithaJayadev,VikasKotha
DivyaPravallika,VikasKotha
ShriyaPallerla,VikasKotha
AbhilashMirji,VikasKotha
LAdithya,VikasKotha
SuhrudhReddy,VikasKotha
NelakuduruVineeth,VikasKotha
SiddharthDash1,VikasKotha
HridyeshTewani,VikasKotha
SaitejaPasula,VikasKotha
PrashantLalwani,VikasKotha
KomalAgrawal,VikasKotha
AdityaKumar,VikasKotha
ManojMadabhushi,VikasKotha
AnilTalari,VikasKotha
VisishtaKarasani,VikasKotha
rajatsaxena,VikasKotha
ReddyAvinash,VikasKotha
AkshayBhat,VikasKotha
ChiragGarg3,VikasKotha
KartheekManavarthi,VikasKotha
MohitJain,VikasKotha
ArvindSunder,VikasKotha
PraveenVelicheti,VikasKotha
AbhijeetMulugu,VikasKotha
SnehansuPradhan,VikasKotha
GuptaChavi,VikasKotha
SwagatReddy,VikasKotha
SrimanthChaudari,VikasKotha
SankethVedula,VikasKotha
HariPriyaRachakonda,VikasKotha
SaiRaghuVamsi,VikasKotha
AdityaKhandelwal1,VikasKotha
ShivamMittal4,VikasKotha
DheerajKumar,VikasKotha
AnshikBansal,VikasKotha
likithnadella,VikasKotha
RaunakSharma,VikasKotha
VinayDevulapalli,VikasKotha
PratyushSharan,VikasKotha
PrachiChandak,VikasKotha
ShivanReddy,VikasKotha
DheerajVarmaManthena,VikasKotha
DeepshaJain,VikasKotha
SreesankaranNamboothiri,VikasKotha
AkashSingh66,VikasKotha
HemanthaChowdary,VikasKotha
VinayKumar103,VikasKotha
AdityaMorey,RaunakSinghal
EswaraSai,RaunakSinghal
ChanduParimi,RaunakSinghal
SrikanthSuresh,RaunakSinghal
VasanArunachalam,RaunakSinghal
AnoopKarnik,RaunakSinghal
RakshitVinnakota,RaunakSinghal
SwetabhKumar,RaunakSinghal
MukherjeeAbhinav,RaunakSinghal
KalyanPingali,RaunakSinghal
ananthkotti,RaunakSinghal
AntarikshaYelkawar,RaunakSinghal
RaiHimanshu,RaunakSinghal
PrasanthAkki,RaunakSinghal
MitulGirotra,RaunakSinghal
GaneshAshwin,RaunakSinghal
NikhilJones,RaunakSinghal
AmrithaJayadev,RaunakSinghal
VaibhavKumar44,RaunakSinghal
AnuragKorlakunta,RaunakSinghal
AbhilashMirji,RaunakSinghal
UtkarshDubey,RaunakSinghal
RahulDubey22,RaunakSinghal
PavanKate,RaunakSinghal
ApurvaVerma2,RaunakSinghal
NamanBafna,RaunakSinghal
rishabhsaraswat,RaunakSinghal
PratikJayaswal,RaunakSinghal
PrudhviReddy3,RaunakSinghal
SamhithaGomatam,RaunakSinghal
rajatsaxena,RaunakSinghal
RahmanAbdur,RaunakSinghal
ReddyAvinash,RaunakSinghal
SalabhGoyal,RaunakSinghal
SuryaPrathap,RaunakSinghal
PraddyumanRungta,RaunakSinghal
VenkateshMundada,RaunakSinghal
SnehansuPradhan,RaunakSinghal
DeepakDkp,RaunakSinghal
SiddharthMishra,RaunakSinghal
TejeshwarSingh,RaunakSinghal
BibhaNayak,RaunakSinghal
ShivamMittal4,RaunakSinghal
WaliaShubham,RaunakSinghal
SriHarsha,RaunakSinghal
DheerajKumar,RaunakSinghal
HemaangKotta,RaunakSinghal
VamsiMohan3,RaunakSinghal
AravindKarthik,RaunakSinghal
PushkarPrasun,RaunakSinghal
likithnadella,RaunakSinghal
SanthanamKumar,RaunakSinghal
SatyaNarayanDas,RaunakSinghal
PratyushSharan,RaunakSinghal
JiteshVarandani,RaunakSinghal
AditiShrivastava,RaunakSinghal
SumirKapur,RaunakSinghal
LakshmiNarayanaG,RaunakSinghal
MushtaqMohammad,RaunakSinghal
AishwaryaReddy,RaunakSinghal
GarvMalik,LAdithya
EswaraSai,LAdithya
ChinmayaPatnayak,LAdithya
SaumyaJain,LAdithya
HarshaAechuri,LAdithya
BhanuSrivatsav,LAdithya
ananthkotti,LAdithya
KalyanPingali,LAdithya
ThiruvikramanKandhadai,LAdithya
SuryaPabbisetty,LAdithya
NarenKrishnaMadhurakavi,LAdithya
DeepthiMeduri,LAdithya
DivyaPravallika,LAdithya
MeijJournal,LAdithya
VikasKotha,LAdithya
SundarKumarJvs,LAdithya
SuhrudhReddy,LAdithya
PriyaChowdhary,LAdithya
DineshReddy38,LAdithya
ChandraSandeep1,LAdithya
SiddharthDash1,LAdithya
HridyeshTewani,LAdithya
SatyaVasanthReddyTumati,LAdithya
SaitejaPasula,LAdithya
VSravanKumarVarma,LAdithya
KomalAgrawal,LAdithya
HVardhan,LAdithya
VarshiniBandaru,LAdithya
Kalyankarthik,LAdithya
AnilTalari,LAdithya
ViswaVardhanPamarthi,LAdithya
AkshayBhat,LAdithya
ReddyAvinash,LAdithya
KartheekManavarthi,LAdithya
PraveenVelicheti,LAdithya
ArvindSunder,LAdithya
AbhijeetMulugu,LAdithya
RaviRajaGanta,LAdithya
TejkiranBoppana,LAdithya
MuditJain,LAdithya
DivyaAnnavajjula,LAdithya
VedavidhBudimuri,LAdithya
SwagatReddy,LAdithya
SrimanthChaudari,LAdithya
SankethVedula,LAdithya
AdityaKhandelwal1,LAdithya
GlkPrasanth,LAdithya
ShivamMittal4,LAdithya
NarayananAnanth,LAdithya
DheerajKumar,LAdithya
TejeshKarampudi,LAdithya
HemaangKotta,LAdithya
SwarnaSaiGopiNihal,LAdithya
likithnadella,LAdithya
RaunakSharma,LAdithya
VinayDevulapalli,LAdithya
ShivanReddy,LAdithya
DheerajVarmaManthena,LAdithya
SameerKrishna,LAdithya
SnehaChemarla,LAdithya
GarvMalik,HarshaDutta
EswaraSai,HarshaDutta
ChinmayaPatnayak,HarshaDutta
SrikanthSuresh,HarshaDutta
HarshaAechuri,HarshaDutta
BhanuSrivatsav,HarshaDutta
SwetabhKumar,HarshaDutta
MukherjeeAbhinav,HarshaDutta
KalyanPingali,HarshaDutta
ananthkotti,HarshaDutta
AntarikshaYelkawar,HarshaDutta
RAHULBASU,HarshaDutta
ShantanuKallakuri,HarshaDutta
RaiHimanshu,HarshaDutta
PrasanthAkki,HarshaDutta
MitulGirotra,HarshaDutta
GaneshAshwin,HarshaDutta
SrikantBharadwaj,HarshaDutta
AurghoBhattacharjee,HarshaDutta
NikhilJones,HarshaDutta
AmrithaJayadev,HarshaDutta
PraneethSmk,HarshaDutta
VaibhavKumar44,HarshaDutta
AbhilashMirji,HarshaDutta
UtkarshDubey,HarshaDutta
KunalDatta,HarshaDutta
RahulDubey22,HarshaDutta
PavanKate,HarshaDutta
SiddharthDash1,HarshaDutta
NelakuduruVineeth,HarshaDutta
HridyeshTewani,HarshaDutta
ApurvaVerma2,HarshaDutta
NamanBafna,HarshaDutta
rishabhsaraswat,HarshaDutta
PratikJayaswal,HarshaDutta
GunjeshSingh,HarshaDutta
PranavRamarao,HarshaDutta
AkashKaparthy,HarshaDutta
PrudhviReddy3,HarshaDutta
VisishtaKarasani,HarshaDutta
RahmanAbdur,HarshaDutta
ArchitaSharma,HarshaDutta
SandeepGoli,HarshaDutta
SrivatsVenkateswaran,HarshaDutta
RaghavenderSahdev,HarshaDutta
SalabhGoyal,HarshaDutta
ShankarVenkatraman,HarshaDutta
ArvindSunder,HarshaDutta
VenkateshMundada,HarshaDutta
PraddyumanRungta,HarshaDutta
DeepshikaGilbile,HarshaDutta
VishwanthkumarVankadari,HarshaDutta
akashraj,HarshaDutta
VDwivedi,HarshaDutta
AbhiramChavali,HarshaDutta
RakeshSaripalli,HarshaDutta
WaliaShubham,HarshaDutta
ISinha,HarshaDutta
VamsiMohan3,HarshaDutta
PushkarPrasun,HarshaDutta
GarvMalik,SuhrudhReddy
EswaraSai,SuhrudhReddy
ChinmayaPatnayak,SuhrudhReddy
SaumyaJain,SuhrudhReddy
HarshaAechuri,SuhrudhReddy
AnoopKarnik,SuhrudhReddy
ananthkotti,SuhrudhReddy
KalyanPingali,SuhrudhReddy
PrasanthAkki,SuhrudhReddy
SuryaPabbisetty,SuhrudhReddy
NarenKrishnaMadhurakavi,SuhrudhReddy
AkhilSaiAnumolu,SuhrudhReddy
DeepthiMeduri,SuhrudhReddy
VinayakVR,SuhrudhReddy
AmrithaJayadev,SuhrudhReddy
AmrithaJayadev,SuhrudhReddy
DivyaPravallika,SuhrudhReddy
SatyaJulakanti,SuhrudhReddy
SanchitMishra,SuhrudhReddy
ShriyaPallerla,SuhrudhReddy
AbhilashMirji,SuhrudhReddy
VikasKotha,SuhrudhReddy
LAdithya,SuhrudhReddy
PratyushaPutrevu,SuhrudhReddy
tejdeep,SuhrudhReddy
VivekhPrabakaran,SuhrudhReddy
SidharthSai,SuhrudhReddy
ChandraSandeep1,SuhrudhReddy
HridyeshTewani,SuhrudhReddy
SaitejaPasula,SuhrudhReddy
ApurvaVerma2,SuhrudhReddy
VasanthSai,SuhrudhReddy
PratikJayaswal,SuhrudhReddy
AdityaKumar,SuhrudhReddy
ManojMadabhushi,SuhrudhReddy
saitejakarnati,SuhrudhReddy
PrudhviReddy3,SuhrudhReddy
AnilTalari,SuhrudhReddy
SandeepChandaluri,SuhrudhReddy
NitinChakravarthy,SuhrudhReddy
NitinMythreya,SuhrudhReddy
KartheekManavarthi,SuhrudhReddy
AkhilCh,SuhrudhReddy
SuryaPrathap,SuhrudhReddy
AbhijeetMulugu,SuhrudhReddy
AlbertJames,SuhrudhReddy
DeepshikaGilbile,SuhrudhReddy
VishwanthkumarVankadari,SuhrudhReddy
DivyaAnnavajjula,SuhrudhReddy
MuditJain,SuhrudhReddy
SwagatReddy,SuhrudhReddy
ShashanthRV,SuhrudhReddy
AkashAchanta,SuhrudhReddy
HemaangKotta,SuhrudhReddy
ShivaReisende,SuhrudhReddy
VinayDevulapalli,SuhrudhReddy
GauravAbburi,SuhrudhReddy
DheerajVarmaManthena,SuhrudhReddy
HemanthaChowdary,SuhrudhReddy
AnirudhRamesh,SuhrudhReddy
RogerWoodman,SarthakGhosh
EswaraSai,SarthakGhosh
SoutrikDey,SarthakGhosh
ChinmayaPatnayak,SarthakGhosh
SrinjoyGanguly,SarthakGhosh
ShravyaLahari,SarthakGhosh
ALIFARMANI,SarthakGhosh
SrikanthSuresh,SarthakGhosh
SwetabhKumar,SarthakGhosh
MukherjeeAbhinav,SarthakGhosh
ananthkotti,SarthakGhosh
SudheerVazrapu,SarthakGhosh
AntarikshaYelkawar,SarthakGhosh
VivekRoy,SarthakGhosh
RAHULBASU,SarthakGhosh
ShantanuKallakuri,SarthakGhosh
PrasanthAkki,SarthakGhosh
GaneshAshwin,SarthakGhosh
SrikantBharadwaj,SarthakGhosh
AurghoBhattacharjee,SarthakGhosh
HarshavardhanPandit,SarthakGhosh
SanchitMishra,SarthakGhosh
UtkarshDubey,SarthakGhosh
SuparbaSil,SarthakGhosh
RishirajPal,SarthakGhosh
PriyaChowdhary,SarthakGhosh
RahulDubey22,SarthakGhosh
SiddharthDash1,SarthakGhosh
rishabhsaraswat,SarthakGhosh
BiswaPrasannaMishra,SarthakGhosh
GunjeshSingh,SarthakGhosh
SambitDebnath,SarthakGhosh
OysheeGupta,SarthakGhosh
rajatsaxena,SarthakGhosh
SandeepGoli,SarthakGhosh
ChiragGarg3,SarthakGhosh
KaranGarg,SarthakGhosh
RaghavenderSahdev,SarthakGhosh
JeevanRomee,SarthakGhosh
ArvindSunder,SarthakGhosh
DeepshikaGilbile,SarthakGhosh
RohanNath,SarthakGhosh
RameshAdithya,SarthakGhosh
RakeshSaripalli,SarthakGhosh
PrasantaDutta,SarthakGhosh
SiddharthMishra,SarthakGhosh
SoumilDutta,SarthakGhosh
AnshikBansal,SarthakGhosh
SiddardhGouri,SarthakGhosh
SubhranilRay,SarthakGhosh
AmanGupta,SarthakGhosh
ShubiAgarwal,SarthakGhosh
AmitavaKabasi,SarthakGhosh
IJMEjournal,SarthakGhosh
SoumyaGanguly,SarthakGhosh
SavyasacheeJha,SarthakGhosh
MadhurimaGanguly,SarthakGhosh
AishwaryaReddy,SarthakGhosh
GunjitKandpal,SarthakGhosh
ShamikSaha,SarthakGhosh
GarvMalik,RahulDubey22
EswaraSai,RahulDubey22
ChinmayaPatnayak,RahulDubey22
SaumyaJain,RahulDubey22
SrikanthSuresh,RahulDubey22
AnoopKarnik,RahulDubey22
SwetabhKumar,RahulDubey22
BhanuSrivatsav,RahulDubey22
MukherjeeAbhinav,RahulDubey22
KalyanPingali,RahulDubey22
ananthkotti,RahulDubey22
AntarikshaYelkawar,RahulDubey22
RAHULBASU,RahulDubey22
RaiHimanshu,RahulDubey22
PrasanthAkki,RahulDubey22
MitulGirotra,RahulDubey22
AbhigyaJha,RahulDubey22
NarenKrishnaMadhurakavi,RahulDubey22
SrikantBharadwaj,RahulDubey22
AurghoBhattacharjee,RahulDubey22
AmrithaJayadev,RahulDubey22
VaibhavKumar44,RahulDubey22
SanchitMishra,RahulDubey22
ZacariasJoseph,RahulDubey22
AbhilashMirji,RahulDubey22
UtkarshDubey,RahulDubey22
RaunakSinghal,RahulDubey22
HarshaDutta,RahulDubey22
SarthakGhosh,RahulDubey22
PriyaChowdhary,RahulDubey22
VivekhPrabakaran,RahulDubey22
SiddarthYerram,RahulDubey22
PavanKate,RahulDubey22
ShubhamJain85,RahulDubey22
SiddharthDash1,RahulDubey22
NelakuduruVineeth,RahulDubey22
NamanBafna,RahulDubey22
rishabhsaraswat,RahulDubey22
PratikJayaswal,RahulDubey22
GunjeshSingh,RahulDubey22
PranavRamarao,RahulDubey22
HemantArora2,RahulDubey22
PrudhviReddy3,RahulDubey22
rajatsaxena,RahulDubey22
ParidhiGulati,RahulDubey22
RahmanAbdur,RahulDubey22
ArchitaSharma,RahulDubey22
ReddyAvinash,RahulDubey22
KaranGarg,RahulDubey22
ChiragGarg3,RahulDubey22
RaghavenderSahdev,RahulDubey22
ARCHITASAHU,RahulDubey22
SuryaPrathap,RahulDubey22
ArvindSunder,RahulDubey22
VenkateshMundada,RahulDubey22
PraddyumanRungta,RahulDubey22
SnehansuPradhan,RahulDubey22
SaumyaVerma4,RahulDubey22
akashraj,RahulDubey22
SakshamPhul,RahulDubey22
GarvMalik,VivekhPrabakaran
EswaraSai,VivekhPrabakaran
ChinmayaPatnayak,VivekhPrabakaran
SaumyaJain,VivekhPrabakaran
SrikanthSuresh,VivekhPrabakaran
VasanArunachalam,VivekhPrabakaran
AnoopKarnik,VivekhPrabakaran
MukherjeeAbhinav,VivekhPrabakaran
SatyendraTripathi,VivekhPrabakaran
ananthkotti,VivekhPrabakaran
AntarikshaYelkawar,VivekhPrabakaran
RAHULBASU,VivekhPrabakaran
RaiHimanshu,VivekhPrabakaran
PrasanthAkki,VivekhPrabakaran
MitulGirotra,VivekhPrabakaran
GaneshAshwin,VivekhPrabakaran
DeepthiMeduri,VivekhPrabakaran
AurghoBhattacharjee,VivekhPrabakaran
AmrithaJayadev,VivekhPrabakaran
PraneethSmk,VivekhPrabakaran
SwethaNimmagadda,VivekhPrabakaran
DivyaPravallika,VivekhPrabakaran
VaibhavKumar44,VivekhPrabakaran
SatyaJulakanti,VivekhPrabakaran
SanchitMishra,VivekhPrabakaran
ShriyaPallerla,VivekhPrabakaran
AbhilashMirji,VivekhPrabakaran
UtkarshDubey,VivekhPrabakaran
SuhrudhReddy,VivekhPrabakaran
RahulDubey22,VivekhPrabakaran
RahulDubey22,VivekhPrabakaran
PavanKate,VivekhPrabakaran
ChandraSandeep1,VivekhPrabakaran
SidharthSai,VivekhPrabakaran
HridyeshTewani,VivekhPrabakaran
PrashantLalwani,VivekhPrabakaran
ApurvaVerma2,VivekhPrabakaran
NamanBafna,VivekhPrabakaran
SaiTripathy,VivekhPrabakaran
AdityaKumar,VivekhPrabakaran
HemantArora2,VivekhPrabakaran
RahmanAbdur,VivekhPrabakaran
NitinMythreya,VivekhPrabakaran
SalabhGoyal,VivekhPrabakaran
PraddyumanRungta,VivekhPrabakaran
VenkateshMundada,VivekhPrabakaran
DeepshikaGilbile,VivekhPrabakaran
VishwanthkumarVankadari,VivekhPrabakaran
DivyaAnnavajjula,VivekhPrabakaran
akashraj,VivekhPrabakaran
KavyaSuma,VivekhPrabakaran
ChowdharySaiPriya,VivekhPrabakaran
KeerthanaJetty,VivekhPrabakaran
JaidiJeevan,VivekhPrabakaran
BibhaNayak,VivekhPrabakaran
AkshithAnand,VivekhPrabakaran
AkashAchanta,VivekhPrabakaran
PushkarPrasun,VivekhPrabakaran
VishnuKanth1,VivekhPrabakaran
ArunabhBiyani,VivekhPrabakaran
EswaraSai,RadhikaGaonkar
SouryenduDas,RadhikaGaonkar
AmritPal,RadhikaGaonkar
DarshilDharod,RadhikaGaonkar
AhmadNaswin,RadhikaGaonkar
KushagraNigam,RadhikaGaonkar
AnirudhWodeyar,RadhikaGaonkar
ShailajaAkella,RadhikaGaonkar
AasthaAgrawal,RadhikaGaonkar
VikramJha,RadhikaGaonkar
HarshavardhanPandit,RadhikaGaonkar
RiyaRay,RadhikaGaonkar
RenukaPai,RadhikaGaonkar
PratishBala,RadhikaGaonkar
ShashankBassi,RadhikaGaonkar
KarthikMenon2,RadhikaGaonkar
AdityaCherukumudi,RadhikaGaonkar
NikunjSaunshi,RadhikaGaonkar
RohithShivkumar,RadhikaGaonkar
ManeeshMaharana,RadhikaGaonkar
HusseinShirvani,RadhikaGaonkar
FrancisJames,RadhikaGaonkar
RishabhMakharia,RadhikaGaonkar
AJain,RadhikaGaonkar
RohanHanda,RadhikaGaonkar
SiddharthMehta15,RadhikaGaonkar
SubodhKolhe,RadhikaGaonkar
AnuragTiwari3,RadhikaGaonkar
AnkitParagShah,RadhikaGaonkar
KeyaGhonasgi,RadhikaGaonkar
KeyaGhonasgi,RadhikaGaonkar
GeorgeLimitsios,RadhikaGaonkar
MohitUppal,RadhikaGaonkar
AshishJhanjee,RadhikaGaonkar
AadityaShah,RadhikaGaonkar
ijitmcjournal,RadhikaGaonkar
JillShah,RadhikaGaonkar
MalavikaGopinath,RadhikaGaonkar
KVVijayGirish,RadhikaGaonkar
ArnavBhattacharya,RadhikaGaonkar
RaghavNyati,RadhikaGaonkar
RakshitVerma,RadhikaGaonkar
GirijaTase,RadhikaGaonkar
VedantNo,RadhikaGaonkar
KrunalPatel,RadhikaGaonkar
RamanLadda,RadhikaGaonkar
NamrataKanth,RadhikaGaonkar
PulkitSaraf,RadhikaGaonkar
AbhijitSahoo,RadhikaGaonkar
PratikDand,RadhikaGaonkar
journalijnsa,RadhikaGaonkar
AanneshaSatpati,RadhikaGaonkar
TarunReddy,RadhikaGaonkar
SiddhantVarshney,RadhikaGaonkar
JahnaviParni,RadhikaGaonkar
ShuklaPratiksha,RadhikaGaonkar
AdityaSundar,RadhikaGaonkar
AnkitHatalkar,RadhikaGaonkar
NeelimaBhogi,RadhikaGaonkar
KanikaDawar,RadhikaGaonkar
EswaraSai,AravindNagulu
radhakrishnaabhishek,AravindNagulu
DeepakJohnson,AravindNagulu
AshwinKalkar,AravindNagulu
SaideepKaripalli,AravindNagulu
RSwamy,AravindNagulu
RishikaMahendran,AravindNagulu
GauravAgarwal8,AravindNagulu
AniruddhPadia,AravindNagulu
karthikeyanN,AravindNagulu
RahulRevu,AravindNagulu
rekhalokula,AravindNagulu
AgrawalNishant,AravindNagulu
SravanReddy2,AravindNagulu
BharaniVlsvss,AravindNagulu
KPavanKumar,AravindNagulu
AshaChigurupati,AravindNagulu
RohitDharavath,AravindNagulu
RamyaSravani,AravindNagulu
AmitJha,AravindNagulu
ThrilokNannapaneni,AravindNagulu
RamK,AravindNagulu
VaddiSekhar,AravindNagulu
SudheerSattaru,AravindNagulu
MeenaRanjana,AravindNagulu
PrasannaProne,AravindNagulu
AnveshKaturi,AravindNagulu
AkhileshGodi,AravindNagulu
VenkatSai,AravindNagulu
PulakSarangi,AravindNagulu
HariBukkePrasad,AravindNagulu
GiridharGanesh,AravindNagulu
PoornaKumar,AravindNagulu
NitinKChidambaram,AravindNagulu
ParagManudhane,AravindNagulu
DevarajuNaresh,AravindNagulu
SaiGazula,AravindNagulu
PoornimaKrothapalli,AravindNagulu
HarikaSnowy,AravindNagulu
HarishVuba,AravindNagulu
SuryaMannava,AravindNagulu
Saisnehajuturu,AravindNagulu
KeertanaChidambaram,AravindNagulu
AveeralJain,AravindNagulu
saiprakash,AravindNagulu
VSalady,AravindNagulu
RamyaSree,AravindNagulu
SnsKumar,AravindNagulu
SruteeshKumar,AravindNagulu
BluCruiser,AravindNagulu
BharathLokireddy,AravindNagulu
SantoshKumar200,AravindNagulu
SakethRambhatla,AravindNagulu
YaswanthDontu,AravindNagulu
SaiPavanKumar,AravindNagulu
BhaumikShah,AravindNagulu
YeshwanthReddy,AravindNagulu
GicDaniel,AravindNagulu
NKamat,AravindNagulu
SyamSindhuSuvvada,AravindNagulu
DrNatarajanBR,SiddarthYerram
GarvMalik,SiddarthYerram
EswaraSai,SiddarthYerram
ChinmayaPatnayak,SiddarthYerram
ShravyaLahari,SiddarthYerram
SaumyaJain,SiddarthYerram
ChanduParimi,SiddarthYerram
SrikanthSuresh,SiddarthYerram
HarshaAechuri,SiddarthYerram
VasanArunachalam,SiddarthYerram
SwetabhKumar,SiddarthYerram
MukherjeeAbhinav,SiddarthYerram
SatyendraTripathi,SiddarthYerram
ananthkotti,SiddarthYerram
AntarikshaYelkawar,SiddarthYerram
AntarikshaYelkawar,SiddarthYerram
AbdulMujeebKhan,SiddarthYerram
RAHULBASU,SiddarthYerram
ShantanuKallakuri,SiddarthYerram
MitulGirotra,SiddarthYerram
SuryaPabbisetty,SiddarthYerram
GaneshAshwin,SiddarthYerram
DeepthiMeduri,SiddarthYerram
NikhilJones,SiddarthYerram
PraneethSmk,SiddarthYerram
SwethaNimmagadda,SiddarthYerram
DivyaPravallika,SiddarthYerram
VaibhavKumar44,SiddarthYerram
SriPrakyathIyyapu,SiddarthYerram
SanchitMishra,SiddarthYerram
SanchitMishra,SiddarthYerram
RahulDubey22,SiddarthYerram
PavanKate,SiddarthYerram
SidharthSai,SiddarthYerram
ChandraSandeep1,SiddarthYerram
ShubhamJain85,SiddarthYerram
HridyeshTewani,SiddarthYerram
PrashantLalwani,SiddarthYerram
ApurvaVerma2,SiddarthYerram
PrasanthAbraham,SiddarthYerram
NamanBafna,SiddarthYerram
AdityaKumar,SiddarthYerram
HemantArora2,SiddarthYerram
NitinMythreya,SiddarthYerram
ApoorvaMusunuri,SiddarthYerram
AkhilCh,SiddarthYerram
JeevanRomee,SiddarthYerram
ShankarVenkatraman,SiddarthYerram
AbhijeetMulugu,SiddarthYerram
AlbertJames,SiddarthYerram
ChiragMehta,SiddarthYerram
DivyaAnnavajjula,SiddarthYerram
KavyaSuma,SiddarthYerram
ChowdharySaiPriya,SiddarthYerram
KeerthanaJetty,SiddarthYerram
JaidiJeevan,SiddarthYerram
AdityaKhandelwal1,SiddarthYerram
SaiRaghuVamsi,SiddarthYerram
KaurManjyot,SiddarthYerram
ShashanthRV,SiddarthYerram
GarvMalik,ChandraSandeep1
EswaraSai,ChandraSandeep1
ChinmayaPatnayak,ChandraSandeep1
SaumyaJain,ChandraSandeep1
HarshaAechuri,ChandraSandeep1
AnoopKarnik,ChandraSandeep1
BhanuSrivatsav,ChandraSandeep1
KalyanPingali,ChandraSandeep1
ananthkotti,ChandraSandeep1
PrasanthAkki,ChandraSandeep1
SuryaPabbisetty,ChandraSandeep1
NarenKrishnaMadhurakavi,ChandraSandeep1
VinayakVR,ChandraSandeep1
PraneethSmk,ChandraSandeep1
DivyaPravallika,ChandraSandeep1
SatyaJulakanti,ChandraSandeep1
ShriyaPallerla,ChandraSandeep1
AbhilashMirji,ChandraSandeep1
LAdithya,ChandraSandeep1
SuhrudhReddy,ChandraSandeep1
VivekhPrabakaran,ChandraSandeep1
SiddarthYerram,ChandraSandeep1
SidharthSai,ChandraSandeep1
NelakuduruVineeth,ChandraSandeep1
SaitejaPasula,ChandraSandeep1
ApurvaVerma2,ChandraSandeep1
GunjeshSingh,ChandraSandeep1
AdityaKumar,ChandraSandeep1
ManojMadabhushi,ChandraSandeep1
VinodhReddyChennu,ChandraSandeep1
saitejakarnati,ChandraSandeep1
VisishtaKarasani,ChandraSandeep1
ReddyAvinash,ChandraSandeep1
ChiragGarg3,ChandraSandeep1
NitinMythreya,ChandraSandeep1
AkhilCh,ChandraSandeep1
KartheekManavarthi,ChandraSandeep1
PraveenVelicheti,ChandraSandeep1
AlbertJames,ChandraSandeep1
VishwanthkumarVankadari,ChandraSandeep1
SakshamPhul,ChandraSandeep1
SriHarsha,ChandraSandeep1
KeerthanaJetty,ChandraSandeep1
SankethVedula,ChandraSandeep1
RameshAdithya,ChandraSandeep1
RakeshSaripalli,ChandraSandeep1
SiddharthMishra,ChandraSandeep1
ShivamMittal4,ChandraSandeep1
NarayananAnanth,ChandraSandeep1
ShashanthRV,ChandraSandeep1
DheerajKumar,ChandraSandeep1
SebinMathew,ChandraSandeep1
AkashAchanta,ChandraSandeep1
SwarnaSaiGopiNihal,ChandraSandeep1
likithnadella,ChandraSandeep1
BadriNarayana,ChandraSandeep1
AakashJain2,ChandraSandeep1
VinayDevulapalli,ChandraSandeep1
ManitejaNandana,ChandraSandeep1
ShivanReddy,ChandraSandeep1
GarvMalik,NelakuduruVineeth
EswaraSai,NelakuduruVineeth
ShravyaLahari,NelakuduruVineeth
SaumyaJain,NelakuduruVineeth
ChanduParimi,NelakuduruVineeth
SrikanthSuresh,NelakuduruVineeth
HarshaAechuri,NelakuduruVineeth
VasanArunachalam,NelakuduruVineeth
MukherjeeAbhinav,NelakuduruVineeth
SriVenkatPoolla,NelakuduruVineeth
SatyendraTripathi,NelakuduruVineeth
ananthkotti,NelakuduruVineeth
AntarikshaYelkawar,NelakuduruVineeth
RAHULBASU,NelakuduruVineeth
ShantanuKallakuri,NelakuduruVineeth
RaiHimanshu,NelakuduruVineeth
MitulGirotra,NelakuduruVineeth
SuryaPabbisetty,NelakuduruVineeth
GaneshAshwin,NelakuduruVineeth
DeepthiMeduri,NelakuduruVineeth
AurghoBhattacharjee,NelakuduruVineeth
AmrithaJayadev,NelakuduruVineeth
SwethaNimmagadda,NelakuduruVineeth
DivyaPravallika,NelakuduruVineeth
VaibhavKumar44,NelakuduruVineeth
SatyaJulakanti,NelakuduruVineeth
SriPrakyathIyyapu,NelakuduruVineeth
SanchitMishra,NelakuduruVineeth
ShriyaPallerla,NelakuduruVineeth
FaisalAhmad3,NelakuduruVineeth
AbhilashMirji,NelakuduruVineeth
UtkarshDubey,NelakuduruVineeth
VikasKotha,NelakuduruVineeth
HarshaDutta,NelakuduruVineeth
RahulDubey22,NelakuduruVineeth
SidharthSai,NelakuduruVineeth
ChandraSandeep1,NelakuduruVineeth
ShubhamJain85,NelakuduruVineeth
HridyeshTewani,NelakuduruVineeth
PrashantLalwani,NelakuduruVineeth
ApurvaVerma2,NelakuduruVineeth
rishabhsaraswat,NelakuduruVineeth
VeenaLahari,NelakuduruVineeth
NamanBafna,NelakuduruVineeth
PratikJayaswal,NelakuduruVineeth
MurariVarma,NelakuduruVineeth
HemantArora2,NelakuduruVineeth
PrudhviReddy3,NelakuduruVineeth
AnilTalari,NelakuduruVineeth
VenkataYaji,NelakuduruVineeth
SomyaAgarwal,NelakuduruVineeth
RahmanAbdur,NelakuduruVineeth
NitinMythreya,NelakuduruVineeth
AkhilCh,NelakuduruVineeth
SalabhGoyal,NelakuduruVineeth
JeevanRomee,NelakuduruVineeth
viveknimbarmunde,NelakuduruVineeth
AlbertJames,NelakuduruVineeth
PraddyumanRungta,NelakuduruVineeth
VishwanthkumarVankadari,NelakuduruVineeth
DrNatarajanBR,SiddharthDash1
GarvMalik,SiddharthDash1
EswaraSai,SiddharthDash1
ChinmayaPatnayak,SiddharthDash1
ChanduParimi,SiddharthDash1
SrikanthSuresh,SiddharthDash1
HarshaAechuri,SiddharthDash1
VasanArunachalam,SiddharthDash1
AnoopKarnik,SiddharthDash1
BhanuSrivatsav,SiddharthDash1
SwetabhKumar,SiddharthDash1
SatyendraTripathi,SiddharthDash1
ananthkotti,SiddharthDash1
KalyanPingali,SiddharthDash1
SudheerVazrapu,SiddharthDash1
RAHULBASU,SiddharthDash1
RaiHimanshu,SiddharthDash1
MitulGirotra,SiddharthDash1
SuryaPabbisetty,SiddharthDash1
GaneshAshwin,SiddharthDash1
SrikantBharadwaj,SiddharthDash1
AurghoBhattacharjee,SiddharthDash1
AmrithaJayadev,SiddharthDash1
PraneethSmk,SiddharthDash1
VaibhavKumar44,SiddharthDash1
SanchitMishra,SiddharthDash1
AbhilashMirji,SiddharthDash1
UtkarshDubey,SiddharthDash1
VikasKotha,SiddharthDash1
LAdithya,SiddharthDash1
HarshaDutta,SiddharthDash1
SarthakGhosh,SiddharthDash1
RahulDubey22,SiddharthDash1
PavanKate,SiddharthDash1
HridyeshTewani,SiddharthDash1
PrashantLalwani,SiddharthDash1
ApurvaVerma2,SiddharthDash1
NamanBafna,SiddharthDash1
rishabhsaraswat,SiddharthDash1
PratikJayaswal,SiddharthDash1
AdityaKumar,SiddharthDash1
SaiTripathy,SiddharthDash1
HemantArora2,SiddharthDash1
PrudhviReddy3,SiddharthDash1
AnilTalari,SiddharthDash1
RahmanAbdur,SiddharthDash1
AkshayBhat,SiddharthDash1
NitinMythreya,SiddharthDash1
AkhilCh,SiddharthDash1
MohitJain,SiddharthDash1
RaghavenderSahdev,SiddharthDash1
SalabhGoyal,SiddharthDash1
ARCHITASAHU,SiddharthDash1
VenkateshMundada,SiddharthDash1
PraddyumanRungta,SiddharthDash1
AbhijeetMulugu,SiddharthDash1
VishwanthkumarVankadari,SiddharthDash1
SaumyaVerma4,SiddharthDash1
SriHarsha,SiddharthDash1
KavyaSuma,SiddharthDash1
AntarikshBothale,HridyeshTewani
EswaraSai,HridyeshTewani
ChinmayaPatnayak,HridyeshTewani
SaumyaJain,HridyeshTewani
ChanduParimi,HridyeshTewani
SrikanthSuresh,HridyeshTewani
HarshaAechuri,HridyeshTewani
BhanuSrivatsav,HridyeshTewani
ThiruvikramanKandhadai,HridyeshTewani
PrasanthAkki,HridyeshTewani
SuryaPabbisetty,HridyeshTewani
DeepthiMeduri,HridyeshTewani
VinayakVR,HridyeshTewani
VaibhavKumar44,HridyeshTewani
ShriyaPallerla,HridyeshTewani
MeijJournal,HridyeshTewani
VikasKotha,HridyeshTewani
LAdithya,HridyeshTewani
HarshaDutta,HridyeshTewani
SuvamDas,HridyeshTewani
SuhrudhReddy,HridyeshTewani
PriyaChowdhary,HridyeshTewani
VivekhPrabakaran,HridyeshTewani
SiddarthYerram,HridyeshTewani
NelakuduruVineeth,HridyeshTewani
SiddharthDash1,HridyeshTewani
SaitejaPasula,HridyeshTewani
PrashantLalwani,HridyeshTewani
KomalAgrawal,HridyeshTewani
MurariVarma,HridyeshTewani
AdityaKumar,HridyeshTewani
saitejakarnati,HridyeshTewani
rajatsaxena,HridyeshTewani
VisishtaKarasani,HridyeshTewani
AkshayBhat,HridyeshTewani
ChiragGarg3,HridyeshTewani
ApoorvaMusunuri,HridyeshTewani
MohitJain,HridyeshTewani
FuryJain,HridyeshTewani
ArvindSunder,HridyeshTewani
SuryaPrathap,HridyeshTewani
AbhijeetMulugu,HridyeshTewani
SaumyaVerma4,HridyeshTewani
MuditJain,HridyeshTewani
AbhiramChavali,HridyeshTewani
SrimanthChaudari,HridyeshTewani
SankethVedula,HridyeshTewani
AdityaKhandelwal1,HridyeshTewani
SiddharthMishra,HridyeshTewani
ShivamMittal4,HridyeshTewani
NarayananAnanth,HridyeshTewani
DheerajKumar,HridyeshTewani
AnshikBansal,HridyeshTewani
RaunakSharma,HridyeshTewani
PratyushSharan,HridyeshTewani
AmanGupta,HridyeshTewani
ShubiAgarwal,HridyeshTewani
JiteshVarandani,HridyeshTewani
ShivanReddy,HridyeshTewani
DeepshaJain,HridyeshTewani
EswaraSai,SaitejaPasula
ChinmayaPatnayak,SaitejaPasula
CaijJournal,SaitejaPasula
SaumyaJain,SaitejaPasula
KalyanPingali,SaitejaPasula
ThiruvikramanKandhadai,SaitejaPasula
SuryaPabbisetty,SaitejaPasula
NarenKrishnaMadhurakavi,SaitejaPasula
AkhilSaiAnumolu,SaitejaPasula
AJayaKiranReddy,SaitejaPasula
DeepthiMeduri,SaitejaPasula
VinayakVR,SaitejaPasula
PraneethSmk,SaitejaPasula
DivyaPravallika,SaitejaPasula
SatyaJulakanti,SaitejaPasula
VikasKotha,SaitejaPasula
LAdithya,SaitejaPasula
SundarKumarJvs,SaitejaPasula
PratyushaPutrevu,SaitejaPasula
SuhrudhReddy,SaitejaPasula
DineshReddy38,SaitejaPasula
ChandraSandeep1,SaitejaPasula
HridyeshTewani,SaitejaPasula
SatyaVasanthReddyTumati,SaitejaPasula
VSravanKumarVarma,SaitejaPasula
IJESAJournal,SaitejaPasula
HVardhan,SaitejaPasula
VarshiniBandaru,SaitejaPasula
saitejakarnati,SaitejaPasula
AnilTalari,SaitejaPasula
ViswaVardhanPamarthi,SaitejaPasula
AkshayBhat,SaitejaPasula
MohitJain,SaitejaPasula
KartheekManavarthi,SaitejaPasula
AkhilCh,SaitejaPasula
PraveenVelicheti,SaitejaPasula
RaviRajaGanta,SaitejaPasula
TejkiranBoppana,SaitejaPasula
MuditJain,SaitejaPasula
DivyaAnnavajjula,SaitejaPasula
KavyaSuma,SaitejaPasula
VedavidhBudimuri,SaitejaPasula
SrimanthChaudari,SaitejaPasula
SwagatReddy,SaitejaPasula
SankethVedula,SaitejaPasula
HariPriyaRachakonda,SaitejaPasula
GlkPrasanth,SaitejaPasula
DheerajKumar,SaitejaPasula
GopiPrashanthRamineni,SaitejaPasula
TejeshKarampudi,SaitejaPasula
HemaangKotta,SaitejaPasula
likithnadella,SaitejaPasula
VinayDevulapalli,SaitejaPasula
IJMEjournal,SaitejaPasula
MahindraVenkata,SaitejaPasula
ShivanReddy,SaitejaPasula
LokeshGurram,SaitejaPasula
SameerKrishna,SaitejaPasula
DheerajVarmaManthena,SaitejaPasula
SnehaChemarla,SaitejaPasula
GarvMalik,PrashantLalwani
EswaraSai,PrashantLalwani
ChinmayaPatnayak,PrashantLalwani
SaumyaJain,PrashantLalwani
HarshaAechuri,PrashantLalwani
VishwajeetSingh17,PrashantLalwani
KalyanPingali,PrashantLalwani
AntarikshaYelkawar,PrashantLalwani
ThiruvikramanKandhadai,PrashantLalwani
PrasanthAkki,PrashantLalwani
SuryaPabbisetty,PrashantLalwani
DeepthiMeduri,PrashantLalwani
AmrithaJayadev,PrashantLalwani
DivyaPravallika,PrashantLalwani
SatyaJulakanti,PrashantLalwani
ShriyaPallerla,PrashantLalwani
UtkarshDubey,PrashantLalwani
VikasKotha,PrashantLalwani
PriyaChowdhary,PrashantLalwani
VivekhPrabakaran,PrashantLalwani
SiddarthYerram,PrashantLalwani
NelakuduruVineeth,PrashantLalwani
SiddharthDash1,PrashantLalwani
HridyeshTewani,PrashantLalwani
KomalAgrawal,PrashantLalwani
AnilTalari,PrashantLalwani
SomyaAgarwal,PrashantLalwani
VisishtaKarasani,PrashantLalwani
ReddyAvinash,PrashantLalwani
AkshayBhat,PrashantLalwani
ChiragGarg3,PrashantLalwani
KartheekManavarthi,PrashantLalwani
MohitJain,PrashantLalwani
SnehansuPradhan,PrashantLalwani
SaumyaVerma4,PrashantLalwani
GuptaChavi,PrashantLalwani
SrimanthChaudari,PrashantLalwani
HariPriyaRachakonda,PrashantLalwani
AdityaKhandelwal1,PrashantLalwani
ShivamMittal4,PrashantLalwani
SiddharthMishra,PrashantLalwani
BibhaNayak,PrashantLalwani
DheerajKumar,PrashantLalwani
AnshikBansal,PrashantLalwani
likithnadella,PrashantLalwani
AakashJain2,PrashantLalwani
PratyushSharan,PrashantLalwani
PrachiChandak,PrashantLalwani
DeepshaJain,PrashantLalwani
DivyaSanghi,PrashantLalwani
SaumyaPatnaik,PrashantLalwani
SreeharipriyaGarikipati,PrashantLalwani
BabithaMachireddy,PrashantLalwani
AnanthKrishna3,PrashantLalwani
PriyadarshiniSundar,PrashantLalwani
AnchalBhalotia,PrashantLalwani
ArjunVijayvargiya,PrashantLalwani
DahagamSaketh,PrashantLalwani
plaharireddy,PrashantLalwani
AmitSharma,PrashantLalwani
GarvMalik,ApurvaVerma2
EswaraSai,ApurvaVerma2
ChinmayaPatnayak,ApurvaVerma2
ShayanDasgupta,ApurvaVerma2
SaumyaJain,ApurvaVerma2
HarshaAechuri,ApurvaVerma2
AnoopKarnik,ApurvaVerma2
BhanuSrivatsav,ApurvaVerma2
KalyanPingali,ApurvaVerma2
RAHULBASU,ApurvaVerma2
PrasanthAkki,ApurvaVerma2
MitulGirotra,ApurvaVerma2
SuryaPabbisetty,ApurvaVerma2
GaneshAshwin,ApurvaVerma2
NarenKrishnaMadhurakavi,ApurvaVerma2
AurghoBhattacharjee,ApurvaVerma2
VinayakVR,ApurvaVerma2
PraneethSmk,ApurvaVerma2
SatyaJulakanti,ApurvaVerma2
SanchitMishra,ApurvaVerma2
RaunakSinghal,ApurvaVerma2
HarshaDutta,ApurvaVerma2
SuhrudhReddy,ApurvaVerma2
VivekhPrabakaran,ApurvaVerma2
SiddhantShrivastava,ApurvaVerma2
SiddarthYerram,ApurvaVerma2
ChandraSandeep1,ApurvaVerma2
SiddharthDash1,ApurvaVerma2
NelakuduruVineeth,ApurvaVerma2
rishabhsaraswat,ApurvaVerma2
GunjeshSingh,ApurvaVerma2
AdityaKumar,ApurvaVerma2
AnilTalari,ApurvaVerma2
SomyaAgarwal,ApurvaVerma2
rajatsaxena,ApurvaVerma2
SandeepGoli,ApurvaVerma2
AkshayBhat,ApurvaVerma2
ChiragGarg3,ApurvaVerma2
PraveenVelicheti,ApurvaVerma2
AlbertJames,ApurvaVerma2
MuditJain,ApurvaVerma2
SakshamPhul,ApurvaVerma2
RameshAdithya,ApurvaVerma2
ShivamMittal4,ApurvaVerma2
SiddharthMishra,ApurvaVerma2
NarayananAnanth,ApurvaVerma2
DheerajKumar,ApurvaVerma2
AkashAchanta,ApurvaVerma2
PushkarPrasun,ApurvaVerma2
AbhilashInumella,ApurvaVerma2
AakashJain2,ApurvaVerma2
PrachiChandak,ApurvaVerma2
ShubiAgarwal,ApurvaVerma2
DivyaLodha,ApurvaVerma2
JiteshVarandani,ApurvaVerma2
AbhinavBagri,ApurvaVerma2
SnehaChemarla,ApurvaVerma2
SreesankaranNamboothiri,ApurvaVerma2
AnirudhRamesh,ApurvaVerma2
SrinivasanSenthilnathan,ApurvaVerma2
EswaraSai,VeenaLahari
ChinmayaPatnayak,VeenaLahari
ATIFWAHAB,VeenaLahari
ChanduParimi,VeenaLahari
VasanArunachalam,VeenaLahari
AnoopKarnik,VeenaLahari
BhanuSrivatsav,VeenaLahari
ThiruvikramanKandhadai,VeenaLahari
SrikantBharadwaj,VeenaLahari
VinayakVR,VeenaLahari
NikhilJones,VeenaLahari
AmrithaJayadev,VeenaLahari
SaiPadmanabhuni,VeenaLahari
UtkarshDubey,VeenaLahari
SuryaKlsv,VeenaLahari
NelakuduruVineeth,VeenaLahari
DevendraDidwaniya,VeenaLahari
ParagGupta,VeenaLahari
krishnakarthick,VeenaLahari
RahulShityalkar,VeenaLahari
SwamyIdln,VeenaLahari
ManojMadabhushi,VeenaLahari
NavyaSahithi,VeenaLahari
SandeepGoli,VeenaLahari
JeevanRomee,VeenaLahari
JatinJani,VeenaLahari
VikramsimhareddyKallam,VeenaLahari
SashankaPaladugu,VeenaLahari
JaidiJeevan,VeenaLahari
SiddardhGouri,VeenaLahari
RaviKiranBoddepalli,VeenaLahari
SanthanamKumar,VeenaLahari
KodakandlaAvinash,VeenaLahari
AkshayAnanthakrishnan,VeenaLahari
DineshKumarDasari,VeenaLahari
AkhileshSharma1,VeenaLahari
RahulThakur28,VeenaLahari
RishiPatel,VeenaLahari
SriramKrishnaswamy,VeenaLahari
DamacharlaSnehankita,VeenaLahari
AshiffShaik,VeenaLahari
AnjaliDoneria,VeenaLahari
JaskaranBirSingh,VeenaLahari
AbhitejReddy,VeenaLahari
AbhishekDevarakonda,VeenaLahari
AbhijeetPendyala,VeenaLahari
AshokNaren,VeenaLahari
ranadheerk,VeenaLahari
AbhinavGupta1,VeenaLahari
sahithiseedarala,VeenaLahari
AbhinavRai1,VeenaLahari
RajeswariGs,VeenaLahari
SnehaThangaraja,VeenaLahari
RukaiyyaKhan,VeenaLahari
SharathKoundinya,VeenaLahari
SansritiVardhan,VeenaLahari
MounicaJonnalagadda,VeenaLahari
RajgopalBalabhadruni,VeenaLahari
ManasaReddy,VeenaLahari
NikithaBollipalli,VeenaLahari
EswaraSai,NamanBafna
ChinmayaPatnayak,NamanBafna
SrikanthSuresh,NamanBafna
HarshaAechuri,NamanBafna
AnoopKarnik,NamanBafna
BhanuSrivatsav,NamanBafna
MukherjeeAbhinav,NamanBafna
ananthkotti,NamanBafna
KalyanPingali,NamanBafna
AntarikshaYelkawar,NamanBafna
RAHULBASU,NamanBafna
RaiHimanshu,NamanBafna
MitulGirotra,NamanBafna
GaneshAshwin,NamanBafna
NarenKrishnaMadhurakavi,NamanBafna
SrikantBharadwaj,NamanBafna
SanchitMishra,NamanBafna
AbhilashMirji,NamanBafna
UtkarshDubey,NamanBafna
RaunakSinghal,NamanBafna
HarshaDutta,NamanBafna
VivekhPrabakaran,NamanBafna
RahulDubey22,NamanBafna
SiddarthYerram,NamanBafna
PavanKate,NamanBafna
NelakuduruVineeth,NamanBafna
SiddharthDash1,NamanBafna
rishabhsaraswat,NamanBafna
PratikJayaswal,NamanBafna
PranavRamarao,NamanBafna
GunjeshSingh,NamanBafna
HemantArora2,NamanBafna
ManojMadabhushi,NamanBafna
VisishtaKarasani,NamanBafna
rajatsaxena,NamanBafna
KaranGarg,NamanBafna
RaghavenderSahdev,NamanBafna
SalabhGoyal,NamanBafna
ARCHITASAHU,NamanBafna
ArvindSunder,NamanBafna
VenkateshMundada,NamanBafna
SnehansuPradhan,NamanBafna
akashraj,NamanBafna
RameshAdithya,NamanBafna
ShivamMittal4,NamanBafna
SiddharthMishra,NamanBafna
KaurManjyot,NamanBafna
NarayananAnanth,NamanBafna
WaliaShubham,NamanBafna
AkshithAnand,NamanBafna
AnshikBansal,NamanBafna
AravindKarthik,NamanBafna
VamsiMohan3,NamanBafna
PushkarPrasun,NamanBafna
SatyaNarayanDas,NamanBafna
PrachiChandak,NamanBafna
JiteshVarandani,NamanBafna
SavyasacheeJha,NamanBafna
VasundharaKoppisetty,NamanBafna
AditiShrivastava,NamanBafna
GarvMalik,rishabhsaraswat
EswaraSai,rishabhsaraswat
ChinmayaPatnayak,rishabhsaraswat
SrikanthSuresh,rishabhsaraswat
BhanuSrivatsav,rishabhsaraswat
KalyanPingali,rishabhsaraswat
ananthkotti,rishabhsaraswat
RAHULBASU,rishabhsaraswat
RaiHimanshu,rishabhsaraswat
ShantanuKallakuri,rishabhsaraswat
MitulGirotra,rishabhsaraswat
sahilpunchhi,rishabhsaraswat
AurghoBhattacharjee,rishabhsaraswat
VinayakVR,rishabhsaraswat
VaibhavKumar44,rishabhsaraswat
SanchitMishra,rishabhsaraswat
AbhilashMirji,rishabhsaraswat
UtkarshDubey,rishabhsaraswat
RaunakSinghal,rishabhsaraswat
HarshaDutta,rishabhsaraswat
SarthakGhosh,rishabhsaraswat
RahulDubey22,rishabhsaraswat
PavanKate,rishabhsaraswat
NelakuduruVineeth,rishabhsaraswat
SiddharthDash1,rishabhsaraswat
ApurvaVerma2,rishabhsaraswat
NamanBafna,rishabhsaraswat
PratikJayaswal,rishabhsaraswat
GunjeshSingh,rishabhsaraswat
PranavRamarao,rishabhsaraswat
AdityaKumar,rishabhsaraswat
HemantArora2,rishabhsaraswat
RahmanAbdur,rishabhsaraswat
SandeepGoli,rishabhsaraswat
RaghavenderSahdev,rishabhsaraswat
SalabhGoyal,rishabhsaraswat
ApoorvaMusunuri,rishabhsaraswat
ARCHITASAHU,rishabhsaraswat
ShankarVenkatraman,rishabhsaraswat
ArvindSunder,rishabhsaraswat
VenkateshMundada,rishabhsaraswat
PraddyumanRungta,rishabhsaraswat
SaumyaVelury,rishabhsaraswat
SakshamPhul,rishabhsaraswat
SriHarsha,rishabhsaraswat
AbhiramChavali,rishabhsaraswat
ChowdharySaiPriya,rishabhsaraswat
BibhaNayak,rishabhsaraswat
ShivamMittal4,rishabhsaraswat
TejeshwarSingh,rishabhsaraswat
WaliaShubham,rishabhsaraswat
RahulAggarwal11,rishabhsaraswat
AkshithAnand,rishabhsaraswat
NeelotpalShukla,rishabhsaraswat
VamsiMohan3,rishabhsaraswat
MegheshToshaniwal,rishabhsaraswat
SatyaNarayanDas,rishabhsaraswat
SreejaReddy1,rishabhsaraswat
AmanGupta,rishabhsaraswat
RahulThakur28,rishabhsaraswat
AnkeshKumarSingh,FaridAhsan
AbhayJain,FaridAhsan
AgarwalVivek,FaridAhsan
PratikMoona,FaridAhsan
ProneetVerma,FaridAhsan
SanchitKhattar,FaridAhsan
AsmitaGupta,FaridAhsan
TusharMisra,FaridAhsan
AnuragSharma,FaridAhsan
ApoorvaGoyal,FaridAhsan
SiddharthaSanghi,FaridAhsan
HunaidAli,FaridAhsan
VisheshPanjabi,FaridAhsan
AdarshJ,FaridAhsan
KaranSingh,FaridAhsan
JyotiGupta,FaridAhsan
ShoubhikGupta,FaridAhsan
RGupta,FaridAhsan
AbhishekKar,FaridAhsan
SarthakHanda,FaridAhsan
PrateekYadav,FaridAhsan
ArpitJain,FaridAhsan
OmanshuThapliyal,FaridAhsan
ParthArora,FaridAhsan
PriyankJaini,FaridAhsan
ChiragSangani,FaridAhsan
AdityaGupta,FaridAhsan
AnshulKumarSingh,FaridAhsan
palashbansal,FaridAhsan
AvinashYadav,FaridAhsan
RajatArora,FaridAhsan
AmitanshGupta,FaridAhsan
AyushVarshney,FaridAhsan
AmolSingh,FaridAhsan
DhruvAnand,FaridAhsan
agrim,FaridAhsan
HarmanjitSingh,FaridAhsan
dhrupalshah,FaridAhsan
SumitBhagwani,FaridAhsan
TigmanshuGoyal,FaridAhsan
DibyaRanjan,FaridAhsan
AniketParikh,FaridAhsan
PrithviSharma,FaridAhsan
AbhimanyuArora,FaridAhsan
SamarthBansal,FaridAhsan
rizwanhudda,FaridAhsan
PratikAgarwal,FaridAhsan
GauravDoshi,FaridAhsan
NamanKumar,FaridAhsan
ArpanJain,FaridAhsan
AbhishekTyagi13,FaridAhsan
RohanSharma5,FaridAhsan
VijinVenu,FaridAhsan
IshanBose,FaridAhsan
RishabhMaheshwari,FaridAhsan
sorengoyal,FaridAhsan
SangharshAglave,FaridAhsan
SwetabhKumar,FaridAhsan
AnujAgrawal,FaridAhsan
EnayatUllah,FaridAhsan
GarvMalik,SaumyaJain
ChinmayaPatnayak,SaumyaJain
HarshaAechuri,SaumyaJain
AnoopKarnik,SaumyaJain
SwetabhKumar,SaumyaJain
BhanuSrivatsav,SaumyaJain
AntarikshaYelkawar,SaumyaJain
AdwaitSinghai,SaumyaJain
RAHULBASU,SaumyaJain
RaiHimanshu,SaumyaJain
MitulGirotra,SaumyaJain
SuryaPabbisetty,SaumyaJain
GaneshAshwin,SaumyaJain
SrikantBharadwaj,SaumyaJain
DeepthiMeduri,SaumyaJain
DivyaPravallika,SaumyaJain
SatyaJulakanti,SaumyaJain
ShriyaPallerla,SaumyaJain
SanchitMishra,SaumyaJain
VikasKotha,SaumyaJain
LAdithya,SaumyaJain
SuhrudhReddy,SaumyaJain
PriyaChowdhary,SaumyaJain
VivekhPrabakaran,SaumyaJain
RahulDubey22,SaumyaJain
SiddarthYerram,SaumyaJain
ChandraSandeep1,SaumyaJain
ShubhamJain85,SaumyaJain
NelakuduruVineeth,SaumyaJain
HridyeshTewani,SaumyaJain
PrashantLalwani,SaumyaJain
SaitejaPasula,SaumyaJain
ApurvaVerma2,SaumyaJain
PrasanthAbraham,SaumyaJain
KomalAgrawal,SaumyaJain
GunjeshSingh,SaumyaJain
PranavRamarao,SaumyaJain
AdityaKumar,SaumyaJain
ManojMadabhushi,SaumyaJain
DeepanshSingh,SaumyaJain
saitejakarnati,SaumyaJain
AnilTalari,SaumyaJain
SomyaAgarwal,SaumyaJain
VisishtaKarasani,SaumyaJain
rajatsaxena,SaumyaJain
TariniSharma,SaumyaJain
SandeepGoli,SaumyaJain
AkshayBhat,SaumyaJain
ChiragGarg3,SaumyaJain
MohitJain,SaumyaJain
RaghavenderSahdev,SaumyaJain
ARCHITASAHU,SaumyaJain
ArvindSunder,SaumyaJain
AlbertJames,SaumyaJain
VishwanthkumarVankadari,SaumyaJain
DeepshikaGilbile,SaumyaJain
VikramsimhareddyKallam,SaumyaJain
SaumyaVerma4,SaumyaJain
GuptaChavi,SaumyaJain
MuditJain,SaumyaJain
mathiiit,PratikSahoo
PrayagBiswal,PratikSahoo
MruthyunjayaRaoPadamata,PratikSahoo
AnimeshChoudhary,PratikSahoo
AyushUpadhyay,PratikSahoo
AurkoChatterjee,PratikSahoo
PPachori,PratikSahoo
RakeshSarangi,PratikSahoo
PujaGorai,PratikSahoo
KiranReddy31,PratikSahoo
NIPUNKHEMKA,PratikSahoo
DebasishKanhar,PratikSahoo
SahilJalan,PratikSahoo
AyushGoel,PratikSahoo
ArijitMondal,PratikSahoo
SaheliDe1,PratikSahoo
ThulasiJNambiar,PratikSahoo
PankajMandal,PratikSahoo
SouradeepPaul,PratikSahoo
NeeleshShekhar,PratikSahoo
AKannamwar,PratikSahoo
ASingla,PratikSahoo
RounakGulati,PratikSahoo
AjayKumarYadav,PratikSahoo
BhargavaExcalibur,PratikSahoo
monalisasethi,PratikSahoo
ChilukapavanKumar,PratikSahoo
DSharma,PratikSahoo
SonuSharma,PratikSahoo
KaushikMahato,PratikSahoo
SwetabhKumar,PratikSahoo
ArunTankha,PratikSahoo
AkshataMohanty,PratikSahoo
PraneelJain,PratikSahoo
AbhisekDatta,PratikSahoo
SiddharthMuthukumar,PratikSahoo
SaurabhAgarwal,PratikSahoo
MeghanaReddy,PratikSahoo
ManonitaDas,PratikSahoo
CGarg,PratikSahoo
rahuldeora,PratikSahoo
MrugankBhatt,PratikSahoo
ShishirKumar1,PratikSahoo
BismayaSahoo,PratikSahoo
RavikiranMaddali,PratikSahoo
RavikiranMaddali,PratikSahoo
KumarAshwin,PratikSahoo
SahuAbhipsa,PratikSahoo
JayakrishnaAlwar,PratikSahoo
SankalpSwastik,PratikSahoo
AbhishekKumar,PratikSahoo
NehalSiroya,PratikSahoo
TanayNigam,PratikSahoo
KSaiRam,PratikSahoo
MilindTahalani,PratikSahoo
AnshulSingh2,PratikSahoo
SnehaRath,PratikSahoo
RohitShah2,PratikSahoo
SShekhar,PratikSahoo
AnkanSengupta,PratikSahoo
SureshPillai,UmaNair2
RanbirKaleka,UmaNair2
RahulBhattacharya,UmaNair2
FaridAhsan,UmaNair2
DanishAhmadKhan,UmaNair2
SamitDas3,UmaNair2
VIKASHKUMAR,UmaNair2
SoodPooja,UmaNair2
AnupSingh22,UmaNair2
AkkireddyPrakash,UmaNair2
AbhaIyengar,UmaNair2
UditKulshrestha,UmaNair2
peterbriggs,UmaNair2
TatianaFiodorova,UmaNair2
SanjeevKhandekar,UmaNair2
SwetabhKumar,UmaNair2
ManuKant,UmaNair2
KonarkPanday,UmaNair2
AnshulAsri,UmaNair2
dhruvgupta11,UmaNair2
RamAravind1,UmaNair2
GuptaManik,UmaNair2
ShantanuKumar3,UmaNair2
ManjariChaturvedi,UmaNair2
MashhoodAlam,UmaNair2
KartikVijay,UmaNair2
eramagha,UmaNair2
GeorginaMaddox,UmaNair2
RashmiKaleka,UmaNair2
JesalThacker,UmaNair2
PrayashGiria,UmaNair2
soniakhurana,UmaNair2
RichardBaxter5,UmaNair2
AmanKhurana4,UmaNair2
EmmanuelJames6,UmaNair2
SudiptoDas3,UmaNair2
SrijanBhatnagar,UmaNair2
PriyaMehra,UmaNair2
SanjayPandit,UmaNair2
ParthojitChakraborty,UmaNair2
KathrynMyers,UmaNair2
SouradeepBanerjee,UmaNair2
VikasGupta,UmaNair2
BasharatPeer,UmaNair2
KhandelwalPranav,UmaNair2
RAGHURAM2,UmaNair2
ArpitJain7,UmaNair2
ChandrashekarV,UmaNair2
SumitGarg13,UmaNair2
rebeccadavid1,UmaNair2
IshanGuliani,UmaNair2
SambridhGhimire,UmaNair2
SabrinaOsborne,UmaNair2
VisualArt,UmaNair2
SeemaBhalla,UmaNair2
PrashantFuloria,UmaNair2
YashodharaDalmia,UmaNair2
SiddharthNahata,UmaNair2
UllekhNP,UmaNair2
ChandanWadhwa,UmaNair2
GarvMalik,NikhilJones
ShravyaLahari,NikhilJones
CoralChatterjee,NikhilJones
SwetabhKumar,NikhilJones
deekshasinha,NikhilJones
ananthkotti,NikhilJones
AntarikshaYelkawar,NikhilJones
RaiHimanshu,NikhilJones
ShantanuKallakuri,NikhilJones
MitulGirotra,NikhilJones
NitinSamuel,NikhilJones
SriPrakyathIyyapu,NikhilJones
SonakshiAnand,NikhilJones
BidyaMohanty,NikhilJones
AbhilashMirji,NikhilJones
UtkarshDubey,NikhilJones
RaunakSinghal,NikhilJones
HarshaDutta,NikhilJones
SuryaKlsv,NikhilJones
VishwangBhaskar,NikhilJones
SiddarthYerram,NikhilJones
ShubhamJain85,NikhilJones
PranavNair,NikhilJones
GokulNathSridhar,NikhilJones
VeenaLahari,NikhilJones
BiswaPrasannaMishra,NikhilJones
GunjeshSingh,NikhilJones
AliceAgarwal,NikhilJones
SwamyIdln,NikhilJones
VisishtaKarasani,NikhilJones
rajatsaxena,NikhilJones
SandeepGoli,NikhilJones
NutanMallepalli,NikhilJones
KaranGarg,NikhilJones
ChiragGarg3,NikhilJones
ApoorvaMusunuri,NikhilJones
JeevanRomee,NikhilJones
SahilVaidya,NikhilJones
ShankarVenkatraman,NikhilJones
HariKrishnaUpadhyayula,NikhilJones
ShreyasPanambur,NikhilJones
VikramsimhareddyKallam,NikhilJones
UditChheda,NikhilJones
SohamNagchowdhury,NikhilJones
AbhiramChavali,NikhilJones
sharathchandra,NikhilJones
IshitaSaraf,NikhilJones
TejeshwarSingh,NikhilJones
SiddharthMishra,NikhilJones
PranavAshok,NikhilJones
ShrutiJain,NikhilJones
ChhabraRahul,NikhilJones
FernandesRoland,NikhilJones
RBhat,NikhilJones
NehaJawalkar,NikhilJones
LekhyaMylavarapu,NikhilJones
ParthPareek,NikhilJones
KatragaddaAvinash,NikhilJones
AmanGupta,NikhilJones
AkshayAnanthakrishnan,NikhilJones
PranushaManthri,SwethaNimmagadda
ShravyaLahari,SwethaNimmagadda
AnoopKarnik,SwethaNimmagadda
SwetabhKumar,SwethaNimmagadda
ananthkotti,SwethaNimmagadda
AntarikshaYelkawar,SwethaNimmagadda
ThiruvikramanKandhadai,SwethaNimmagadda
RAHULBASU,SwethaNimmagadda
ShantanuKallakuri,SwethaNimmagadda
PrasanthAkki,SwethaNimmagadda
AshishNayak,SwethaNimmagadda
SaiPadmanabhuni,SwethaNimmagadda
SriPrakyathIyyapu,SwethaNimmagadda
SuryaKlsv,SwethaNimmagadda
PriyaChowdhary,SwethaNimmagadda
VivekhPrabakaran,SwethaNimmagadda
SiddarthYerram,SwethaNimmagadda
NelakuduruVineeth,SwethaNimmagadda
SomnathChatterjee2,SwethaNimmagadda
SwamyIdln,SwethaNimmagadda
VinodhReddyChennu,SwethaNimmagadda
ManojMadabhushi,SwethaNimmagadda
DivyaAgarwal9,SwethaNimmagadda
VisishtaKarasani,SwethaNimmagadda
SandeepGoli,SwethaNimmagadda
ApoorvaMusunuri,SwethaNimmagadda
JeevanRomee,SwethaNimmagadda
ArvindSunder,SwethaNimmagadda
HariKrishnaUpadhyayula,SwethaNimmagadda
VikramsimhareddyKallam,SwethaNimmagadda
AnvithaAdhikarla,SwethaNimmagadda
RudraUpadhyay,SwethaNimmagadda
VenkateshHarisyam,SwethaNimmagadda
JaidiJeevan,SwethaNimmagadda
SowmyaChittireddy,SwethaNimmagadda
ChowdharySaiPriya,SwethaNimmagadda
RakeshSaripalli,SwethaNimmagadda
SharathJ,SwethaNimmagadda
AdityaT,SwethaNimmagadda
VarunChappidi,SwethaNimmagadda
SushrutDabir,SwethaNimmagadda
SowmyaKatragadda,SwethaNimmagadda
KsAditya,SwethaNimmagadda
RishiPatel,SwethaNimmagadda
SriramKrishnaswamy,SwethaNimmagadda
DamacharlaSnehankita,SwethaNimmagadda
BabithaMachireddy,SwethaNimmagadda
NitinKotkunde,SwethaNimmagadda
JoshuaLewis,SwethaNimmagadda
plaharireddy,SwethaNimmagadda
GayatriDhara,SwethaNimmagadda
VijayNarayan,SwethaNimmagadda
KiranChilakalapudi,SwethaNimmagadda
AnupPampari,SwethaNimmagadda
sahithiseedarala,SwethaNimmagadda
SaumitraTiwari,SwethaNimmagadda
VarunSoni,SwethaNimmagadda
SriramN,SwethaNimmagadda
DIVYASREE19,SwethaNimmagadda
PavanKumarThota,SwethaNimmagadda
MarcoMayer,VarunAggarwal
SakshiGupta,VarunAggarwal
RaviAgarwal,VarunAggarwal
AkshayMinocha,VarunAggarwal
JairajBhattacharya,VarunAggarwal
KaushikIska,VarunAggarwal
IjassnJournal,VarunAggarwal
AbhijatSharma,VarunAggarwal
AbdulAziz,VarunAggarwal
SwetabhKumar,VarunAggarwal
RajeshChaturvedi,VarunAggarwal
PriyaBansal,VarunAggarwal
HimanshuZade,VarunAggarwal
BodduluriPhani,VarunAggarwal
ShashankMujumdar,VarunAggarwal
PeertopeerJournal,VarunAggarwal
VibhavSrivastava,VarunAggarwal
KshitijAgrawal,VarunAggarwal
VennelaMiryala,VarunAggarwal
NitinAgarwal,VarunAggarwal
AnujKatiyal,VarunAggarwal
HarshaMukherjee,VarunAggarwal
PravinPatil,VarunAggarwal
NAgrawal,VarunAggarwal
VipulRaheja,VarunAggarwal
NaliniBansal,VarunAggarwal
RonakKogta,VarunAggarwal
VasanthSai,VarunAggarwal
aniruddhatammewar,VarunAggarwal
BharatMunshi,VarunAggarwal
MadhulikaJain,VarunAggarwal
VinayGarg,VarunAggarwal
DeepanGupta,VarunAggarwal
AnoopKumar,VarunAggarwal
SathyaThati,VarunAggarwal
LalitKundu,VarunAggarwal
ShashankSharma,VarunAggarwal
KaranAggarwal2,VarunAggarwal
RaveeshMotlani,VarunAggarwal
KaranSingla,VarunAggarwal
KMishra,VarunAggarwal
NanaKwameGyamfi,VarunAggarwal
TarangGoyal,VarunAggarwal
LeelakrishnaNukala,VarunAggarwal
AvniVerma,VarunAggarwal
kapildontula,VarunAggarwal
HarishMudimela,VarunAggarwal
pratikzambani,VarunAggarwal
JhaJyoti,VarunAggarwal
DhrubajyotiDutta,VarunAggarwal
ChiranjeevSharma,VarunAggarwal
RahulP,VarunAggarwal
SGupta,VarunAggarwal
DikshaYadav,VarunAggarwal
DivyaMokkapati,VarunAggarwal
AkhilReddy8,VarunAggarwal
KrishnapalSingh,VarunAggarwal
NikhilMenon,VarunAggarwal
AnujGadhave,VarunAggarwal
JashwanthReddy,VarunAggarwal
RajaramSurianarayanan,dhruvgupta11
NikitaSingh,dhruvgupta11
AdityaShrivastava,dhruvgupta11
OmarSiddiqui1,dhruvgupta11
ShivAhuja,dhruvgupta11
SwetabhKumar,dhruvgupta11
LuanNaufal,dhruvgupta11
MalavikaChatterjee,dhruvgupta11
UmaNair2,dhruvgupta11
MananMehta7,dhruvgupta11
SamraMohamed,dhruvgupta11
LohitaTurlapati,dhruvgupta11
ShambhaviS,dhruvgupta11
PalakVarma,dhruvgupta11
ShravanPatel,dhruvgupta11
ChhaviRahul,dhruvgupta11
DhruvNehru,dhruvgupta11
AbhishekBiswas,dhruvgupta11
DiwaKaran,dhruvgupta11
AntaraDasgupta,dhruvgupta11
SuvanyaSuhag,dhruvgupta11
akashprakash,dhruvgupta11
KheizarThakur,dhruvgupta11
AkshayyKapoor,dhruvgupta11
ErikaAbe,dhruvgupta11
VanyaAgrawal,dhruvgupta11
MenkahAhlawat,dhruvgupta11
AyushyaKaul,dhruvgupta11
UnnatiSingh1,dhruvgupta11
MashhoodAlam,dhruvgupta11
EmreErgin,dhruvgupta11
RutwijNakhwa,dhruvgupta11
ShrutiAuplish,dhruvgupta11
MToema,dhruvgupta11
VaibhavJain51,dhruvgupta11
ALyasaKhan,dhruvgupta11
DeepakDkp,dhruvgupta11
BreenHaziq,dhruvgupta11
SanyaGoel,dhruvgupta11
IanTarimo,dhruvgupta11
NeelKapur,dhruvgupta11
RishikaBhatia,dhruvgupta11
IshaniSingal,dhruvgupta11
EmmanuelJames6,dhruvgupta11
AbhishekRoy,dhruvgupta11
AbhishekRoy,dhruvgupta11
TanishaPandey,dhruvgupta11
SatyadhrikSharma,dhruvgupta11
SudiptoBarua,dhruvgupta11
BogdanPlea,dhruvgupta11
BabasBeans,dhruvgupta11
mennamofid,dhruvgupta11
RadhikaGupta23,dhruvgupta11
ArchitaMishraDhamija,dhruvgupta11
AkhilThomas1,dhruvgupta11
SumitGarg13,dhruvgupta11
AyazHosham,dhruvgupta11
SuhaniDang,dhruvgupta11
dipankarghosh,dhruvgupta11
ChhaviJain5,dhruvgupta11
Ajmalkhan,RamAravind1
MansoorAbdulla,RamAravind1
AsiemSanyal,RamAravind1
SwetabhKumar,RamAravind1
AbhshkGhosh,RamAravind1
VinitaAbraham,RamAravind1
UmaNair2,RamAravind1
srivatsakandukuri,RamAravind1
MrinaliniRay,RamAravind1
ShantanuNevrekar,RamAravind1
DeepakMohan,RamAravind1
AshishRanjan10,RamAravind1
SoorajRetnakaran,RamAravind1
PDakre,RamAravind1
VinayakWarrier,RamAravind1
SreepriyaMenon,RamAravind1
DhananjayKumar34,RamAravind1
akashprakash,RamAravind1
vishalsudesh,RamAravind1
GopalMeera,RamAravind1
SukanyaHonkote,RamAravind1
MashhoodAlam,RamAravind1
KwokCheryl,RamAravind1
AhammadKabeer,RamAravind1
MirshadRahmanTM,RamAravind1
ReenaPathickal,RamAravind1
SarveshKailasam,RamAravind1
DebanjanSarmah,RamAravind1
BhavyaThrissiva,RamAravind1
,RamAravind1
AsrarulHaqueJeelani,RamAravind1
YashiAgrawal,RamAravind1
MdsShiva,RamAravind1
KurianGeorge,RamAravind1
SurjithMohan,RamAravind1
ReechaDas,RamAravind1
EmmanuelJames6,RamAravind1
GeethaWilson,RamAravind1
TariqueChamparni,RamAravind1
VarunMohan,RamAravind1
AshishSuman,RamAravind1
ParulVerma,RamAravind1
PrakashGupta3,RamAravind1
GeddaVenkat,RamAravind1
PremJAcob1,RamAravind1
SanoopSanu,RamAravind1
SouradeepBanerjee,RamAravind1
NAgrawal,RamAravind1
ShreyaRanjan,RamAravind1
YeduDharan,RamAravind1
GayatriAryan,RamAravind1
NaliniRanganathan,RamAravind1
SagnikBanerjee,RamAravind1
SiddiquiMd,RamAravind1
KushagraKumar,RamAravind1
AbhishekTiss,RamAravind1
DeachenDolkar,RamAravind1
SatyaOza,RamAravind1
SyedHusain1,RamAravind1
SiddharthNahata,RamAravind1
ChinmayaPatnayak,PriyaChowdhary
ShravyaLahari,PriyaChowdhary
SaumyaJain,PriyaChowdhary
SrikanthSuresh,PriyaChowdhary
HarshaAechuri,PriyaChowdhary
AnoopKarnik,PriyaChowdhary
SwetabhKumar,PriyaChowdhary
MukherjeeAbhinav,PriyaChowdhary
ananthkotti,PriyaChowdhary
SudheerVazrapu,PriyaChowdhary
RAHULBASU,PriyaChowdhary
RaiHimanshu,PriyaChowdhary
ShantanuKallakuri,PriyaChowdhary
MitulGirotra,PriyaChowdhary
AurghoBhattacharjee,PriyaChowdhary
DeepthiMeduri,PriyaChowdhary
SwethaNimmagadda,PriyaChowdhary
AmrithaJayadev,PriyaChowdhary
DivyaPravallika,PriyaChowdhary
SatyaJulakanti,PriyaChowdhary
LAdithya,PriyaChowdhary
KunalDatta,PriyaChowdhary
SarthakGhosh,PriyaChowdhary
RahulDubey22,PriyaChowdhary
HridyeshTewani,PriyaChowdhary
PrashantLalwani,PriyaChowdhary
HemantArora2,PriyaChowdhary
saitejakarnati,PriyaChowdhary
RMukherjee,PriyaChowdhary
ArchitaSharma,PriyaChowdhary
AkshayBhat,PriyaChowdhary
KartheekManavarthi,PriyaChowdhary
ApoorvaMusunuri,PriyaChowdhary
ShankarVenkatraman,PriyaChowdhary
ARCHITASAHU,PriyaChowdhary
AlbertJames,PriyaChowdhary
PraddyumanRungta,PriyaChowdhary
DeepshikaGilbile,PriyaChowdhary
SaumyaVerma4,PriyaChowdhary
SaiChandrika,PriyaChowdhary
GuptaChavi,PriyaChowdhary
DivyaAnnavajjula,PriyaChowdhary
SriHarsha,PriyaChowdhary
KeerthanaJetty,PriyaChowdhary
ChowdharySaiPriya,PriyaChowdhary
ShubhamAgarwal3,PriyaChowdhary
AdityaKhandelwal1,PriyaChowdhary
BibhaNayak,PriyaChowdhary
AkshithAnand,PriyaChowdhary
SrinijaVobugari,PriyaChowdhary
ShubiAgarwal,PriyaChowdhary
AkashSingh66,PriyaChowdhary
MahithaTammineedi,PriyaChowdhary
HemanthaChowdary,PriyaChowdhary
KavyaMohan,PriyaChowdhary
VishakaThekkedath,PriyaChowdhary
DamacharlaSnehankita,PriyaChowdhary
HemaVenusha,PriyaChowdhary
PranaviReddy1,PriyaChowdhary
ShashankaSsn,PriyaChowdhary
GarvMalik,PratikJayaswal
EswaraSai,PratikJayaswal
ChinmayaPatnayak,PratikJayaswal
SrikanthSuresh,PratikJayaswal
SwetabhKumar,PratikJayaswal
BhanuSrivatsav,PratikJayaswal
MukherjeeAbhinav,PratikJayaswal
ananthkotti,PratikJayaswal
KalyanPingali,PratikJayaswal
AntarikshaYelkawar,PratikJayaswal
RaiHimanshu,PratikJayaswal
MitulGirotra,PratikJayaswal
GaneshAshwin,PratikJayaswal
AurghoBhattacharjee,PratikJayaswal
PraneethSmk,PratikJayaswal
SanchitMishra,PratikJayaswal
AbhilashMirji,PratikJayaswal
UtkarshDubey,PratikJayaswal
RaunakSinghal,PratikJayaswal
HarshaDutta,PratikJayaswal
SuhrudhReddy,PratikJayaswal
RahulDubey22,PratikJayaswal
PavanKate,PratikJayaswal
SiddharthDash1,PratikJayaswal
NelakuduruVineeth,PratikJayaswal
NamanBafna,PratikJayaswal
rishabhsaraswat,PratikJayaswal
PranavRamarao,PratikJayaswal
VisishtaKarasani,PratikJayaswal
RahmanAbdur,PratikJayaswal
RahmanAbdur,PratikJayaswal
RamyaSravani,PratikJayaswal
NitinMythreya,PratikJayaswal
SrutiRallapalli,PratikJayaswal
RaghavenderSahdev,PratikJayaswal
SalabhGoyal,PratikJayaswal
ArvindSunder,PratikJayaswal
VenkateshMundada,PratikJayaswal
AlbertJames,PratikJayaswal
PraddyumanRungta,PratikJayaswal
DeepshikaGilbile,PratikJayaswal
akashraj,PratikJayaswal
SriHarsha,PratikJayaswal
RameshAdithya,PratikJayaswal
AakritiPasricha,PratikJayaswal
BibhaNayak,PratikJayaswal
ShashanthRV,PratikJayaswal
VamsiMohan3,PratikJayaswal
SatyaNarayanDas,PratikJayaswal
PrachiChandak,PratikJayaswal
DivyaSanghi,PratikJayaswal
SreesankaranNamboothiri,PratikJayaswal
AvinashAman,PratikJayaswal
GunjitKandpal,PratikJayaswal
BalaVignesh,PratikJayaswal
DheerajPeri,PratikJayaswal
KasiVarri,PratikJayaswal
HarshitJayaswal,PratikJayaswal
BluCruiser,PratikJayaswal
DahagamSaketh,PratikJayaswal
HirakChakraborty,BiswaPrasannaMishra
AnandAbhishek2,BiswaPrasannaMishra
ShravyaLahari,BiswaPrasannaMishra
SaheliDe1,BiswaPrasannaMishra
MaksudulIslam,BiswaPrasannaMishra
PrabahanChakraborty,BiswaPrasannaMishra
AmritPal,BiswaPrasannaMishra
SwetabhKumar,BiswaPrasannaMishra
NikhilJones,BiswaPrasannaMishra
NitinSamuel,BiswaPrasannaMishra
VaibhavKumar44,BiswaPrasannaMishra
SriPrakyathIyyapu,BiswaPrasannaMishra
AnirudhVKrishnan,BiswaPrasannaMishra
AnindyaMaiti,BiswaPrasannaMishra
Soham,BiswaPrasannaMishra
RavindraVutukuru,BiswaPrasannaMishra
KasturiRoy,BiswaPrasannaMishra
SuryaKlsv,BiswaPrasannaMishra
MeghaKatheria,BiswaPrasannaMishra
SarthakGhosh,BiswaPrasannaMishra
RanjabatiSarkar,BiswaPrasannaMishra
ShubhamJain85,BiswaPrasannaMishra
varunkumarreddygoli,BiswaPrasannaMishra
HimaniSharma,BiswaPrasannaMishra
HemantArora2,BiswaPrasannaMishra
nabeelahmed,BiswaPrasannaMishra
balakoteshwar,BiswaPrasannaMishra
AmitSeta,BiswaPrasannaMishra
rajatsaxena,BiswaPrasannaMishra
AbhisekMohanty,BiswaPrasannaMishra
RathishArumugam,BiswaPrasannaMishra
AkhilaShankar,BiswaPrasannaMishra
HariKrishnaUpadhyayula,BiswaPrasannaMishra
EshnnaEkka,BiswaPrasannaMishra
SethuKalidhasan,BiswaPrasannaMishra
MondalBiswarup,BiswaPrasannaMishra
FredrickMwmea,BiswaPrasannaMishra
AnvithaAdhikarla,BiswaPrasannaMishra
HimanshuSingh,BiswaPrasannaMishra
AmarabhaBanerjee,BiswaPrasannaMishra
aratrikaroy,BiswaPrasannaMishra
LavishKumarSingh,BiswaPrasannaMishra
AritriGupta,BiswaPrasannaMishra
SiddardhGouri,BiswaPrasannaMishra
PriyankaBanerjee,BiswaPrasannaMishra
KodakandlaAvinash,BiswaPrasannaMishra
KashmiriDeka,BiswaPrasannaMishra
KrittikaVerma,BiswaPrasannaMishra
KoushikSai,BiswaPrasannaMishra
AkshayAnanthakrishnan,BiswaPrasannaMishra
AmanGupta,BiswaPrasannaMishra
JiteshVarandani,BiswaPrasannaMishra
SudharsanVeeravalli,BiswaPrasannaMishra
RahulThakur28,BiswaPrasannaMishra
SoumyaGanguly,BiswaPrasannaMishra
ShounakDevbhuti,BiswaPrasannaMishra
IshitaChakraborty2,BiswaPrasannaMishra
IpsitaGochhayat,BiswaPrasannaMishra
ReshmiKilikdar,BiswaPrasannaMishra
RavitejaBhagi,BiswaPrasannaMishra
GarvMalik,GunjeshSingh
EswaraSai,GunjeshSingh
ChinmayaPatnayak,GunjeshSingh
SaumyaJain,GunjeshSingh
ChanduParimi,GunjeshSingh
SrikanthSuresh,GunjeshSingh
VasanArunachalam,GunjeshSingh
AnoopKarnik,GunjeshSingh
SwetabhKumar,GunjeshSingh
MukherjeeAbhinav,GunjeshSingh
SatyendraTripathi,GunjeshSingh
ananthkotti,GunjeshSingh
AntarikshaYelkawar,GunjeshSingh
SudheerVazrapu,GunjeshSingh
RAHULBASU,GunjeshSingh
RaiHimanshu,GunjeshSingh
MitulGirotra,GunjeshSingh
SuryaPabbisetty,GunjeshSingh
GaneshAshwin,GunjeshSingh
AurghoBhattacharjee,GunjeshSingh
NikhilJones,GunjeshSingh
VaibhavKumar44,GunjeshSingh
SanchitMishra,GunjeshSingh
SriPrakyathIyyapu,GunjeshSingh
AbhilashMirji,GunjeshSingh
UtkarshDubey,GunjeshSingh
AbhishekArijit,GunjeshSingh
HarshaDutta,GunjeshSingh
SarthakGhosh,GunjeshSingh
RahulDubey22,GunjeshSingh
PavanKate,GunjeshSingh
ChandraSandeep1,GunjeshSingh
ShubhamJain85,GunjeshSingh
SaiRam,GunjeshSingh
ApurvaVerma2,GunjeshSingh
NamanBafna,GunjeshSingh
rishabhsaraswat,GunjeshSingh
AdityaKumar,GunjeshSingh
VinodhReddyChennu,GunjeshSingh
HemantArora2,GunjeshSingh
PrudhviReddy3,GunjeshSingh
MedaTeja,GunjeshSingh
RahmanAbdur,GunjeshSingh
SalabhGoyal,GunjeshSingh
ShankarVenkatraman,GunjeshSingh
viveknimbarmunde,GunjeshSingh
AlbertJames,GunjeshSingh
PraddyumanRungta,GunjeshSingh
AbhijeetMulugu,GunjeshSingh
VenkateshMundada,GunjeshSingh
SaumyaVerma4,GunjeshSingh
SakshamPhul,GunjeshSingh
LokeshBoominathan,GunjeshSingh
ShivamMittal4,GunjeshSingh
WaliaShubham,GunjeshSingh
AnshikBansal,GunjeshSingh
VamsiMohan3,GunjeshSingh
ShivaReisende,GunjeshSingh
SatyaNarayanDas,GunjeshSingh
PrachiChandak,GunjeshSingh
GarvMalik,ManojMadabhushi
AdityaMorey,ManojMadabhushi
EswaraSai,ManojMadabhushi
ChinmayaPatnayak,ManojMadabhushi
SaumyaJain,ManojMadabhushi
SrikanthSuresh,ManojMadabhushi
HarshaAechuri,ManojMadabhushi
VasanArunachalam,ManojMadabhushi
AnoopKarnik,ManojMadabhushi
SwetabhKumar,ManojMadabhushi
MukherjeeAbhinav,ManojMadabhushi
ananthkotti,ManojMadabhushi
SudheerVazrapu,ManojMadabhushi
AntarikshaYelkawar,ManojMadabhushi
ShantanuKallakuri,ManojMadabhushi
RaiHimanshu,ManojMadabhushi
GaneshAshwin,ManojMadabhushi
SrikantBharadwaj,ManojMadabhushi
AurghoBhattacharjee,ManojMadabhushi
DeepthiMeduri,ManojMadabhushi
AmrithaJayadev,ManojMadabhushi
SwethaNimmagadda,ManojMadabhushi
VaibhavKumar44,ManojMadabhushi
SanchitMishra,ManojMadabhushi
SriPrakyathIyyapu,ManojMadabhushi
FaisalAhmad3,ManojMadabhushi
AbhilashMirji,ManojMadabhushi
UtkarshDubey,ManojMadabhushi
VikasKotha,ManojMadabhushi
SuhrudhReddy,ManojMadabhushi
PavanKate,ManojMadabhushi
ChandraSandeep1,ManojMadabhushi
SidharthSai,ManojMadabhushi
ShubhamJain85,ManojMadabhushi
VeenaLahari,ManojMadabhushi
NamanBafna,ManojMadabhushi
krishnakarthick,ManojMadabhushi
AdityaKumar,ManojMadabhushi
HemantArora2,ManojMadabhushi
saitejakarnati,ManojMadabhushi
PrudhviReddy3,ManojMadabhushi
SujataKhandare,ManojMadabhushi
SomyaAgarwal,ManojMadabhushi
AkhilCh,ManojMadabhushi
ApoorvaMusunuri,ManojMadabhushi
ARCHITASAHU,ManojMadabhushi
viveknimbarmunde,ManojMadabhushi
AbhijeetMulugu,ManojMadabhushi
PraddyumanRungta,ManojMadabhushi
AlbertJames,ManojMadabhushi
VenkateshMundada,ManojMadabhushi
DeepshikaGilbile,ManojMadabhushi
SaumyaVerma4,ManojMadabhushi
AnvithaAdhikarla,ManojMadabhushi
JaidiJeevan,ManojMadabhushi
KaurManjyot,ManojMadabhushi
WaliaShubham,ManojMadabhushi
AkashAchanta,ManojMadabhushi
SwarnaSaiGopiNihal,ManojMadabhushi
PratyushSharan,ManojMadabhushi
LohithMenchu,NavyaSahithi
ShravyaLahari,NavyaSahithi
SriramKarnati,NavyaSahithi
VijayDevarapalli,NavyaSahithi
KaushikIska,NavyaSahithi
BharathVeeravalli,NavyaSahithi
VasanArunachalam,NavyaSahithi
AnoopKarnik,NavyaSahithi
SwetabhKumar,NavyaSahithi
SudheerVazrapu,NavyaSahithi
BodduluriPhani,NavyaSahithi
SaiNadimpalli,NavyaSahithi
SaideepKaripalli,NavyaSahithi
AJayaKiranReddy,NavyaSahithi
SaiPadmanabhuni,NavyaSahithi
prudhvipotuganti,NavyaSahithi
RajendraKolli,NavyaSahithi
saileshkondraganti,NavyaSahithi
SuryaKlsv,NavyaSahithi
DheerajKakarla,NavyaSahithi
VeenaLahari,NavyaSahithi
ShivaSai,NavyaSahithi
krishnakarthick,NavyaSahithi
SwamyIdln,NavyaSahithi
PrudhviReddy3,NavyaSahithi
ChaitanyaPonnapalli,NavyaSahithi
SheetalReddy,NavyaSahithi
JeevanRomee,NavyaSahithi
RajeshPothamsetty,NavyaSahithi
SashankaPaladugu,NavyaSahithi
AnvithaAdhikarla,NavyaSahithi
SakshamPhul,NavyaSahithi
VenkateshHarisyam,NavyaSahithi
SriramReddyKalluri,NavyaSahithi
SowmyaChittireddy,NavyaSahithi
MounikaTekula,NavyaSahithi
NigamaaNayakanti,NavyaSahithi
PrasanthAlapati,NavyaSahithi
ShivaniTeegala,NavyaSahithi
rgeesa,NavyaSahithi
SiddardhGouri,NavyaSahithi
YeswanthDevisetty,NavyaSahithi
DivyaMokkapati,NavyaSahithi
RaunakSharma,NavyaSahithi
KatragaddaAvinash,NavyaSahithi
AkshayAnanthakrishnan,NavyaSahithi
KvndsHemanthkumar,NavyaSahithi
MounikaMotaparthi,NavyaSahithi
AkhileshSharma1,NavyaSahithi
SampathVelaga,NavyaSahithi
SampathKilaparthi,NavyaSahithi
RaviVooda,NavyaSahithi
TejaChunduru,NavyaSahithi
SuryaMannava,NavyaSahithi
KarthikPallapothula,NavyaSahithi
SairamNujalla,NavyaSahithi
SravanKumarVoona,NavyaSahithi
BabithaMachireddy,NavyaSahithi
PraharshaHarsh,NavyaSahithi
MannavaSpandan,NavyaSahithi
GarvMalik,VisishtaKarasani
EswaraSai,VisishtaKarasani
ChinmayaPatnayak,VisishtaKarasani
SaumyaJain,VisishtaKarasani
ChanduParimi,VisishtaKarasani
SrikanthSuresh,VisishtaKarasani
VasanArunachalam,VisishtaKarasani
AnoopKarnik,VisishtaKarasani
BhanuSrivatsav,VisishtaKarasani
SwetabhKumar,VisishtaKarasani
MukherjeeAbhinav,VisishtaKarasani
KalyanPingali,VisishtaKarasani
ananthkotti,VisishtaKarasani
AntarikshaYelkawar,VisishtaKarasani
ShantanuKallakuri,VisishtaKarasani
RaiHimanshu,VisishtaKarasani
PrasanthAkki,VisishtaKarasani
MitulGirotra,VisishtaKarasani
SuryaPabbisetty,VisishtaKarasani
ManishaReddy4,VisishtaKarasani
SrikantBharadwaj,VisishtaKarasani
DeepthiMeduri,VisishtaKarasani
AurghoBhattacharjee,VisishtaKarasani
NikhilJones,VisishtaKarasani
PraneethSmk,VisishtaKarasani
AmrithaJayadev,VisishtaKarasani
SwethaNimmagadda,VisishtaKarasani
DivyaPravallika,VisishtaKarasani
SatyaJulakanti,VisishtaKarasani
ShriyaPallerla,VisishtaKarasani
AbhilashMirji,VisishtaKarasani
UtkarshDubey,VisishtaKarasani
VikasKotha,VisishtaKarasani
HarshaDutta,VisishtaKarasani
SURENDARBHOOKYA,VisishtaKarasani
PavanKate,VisishtaKarasani
ChandraSandeep1,VisishtaKarasani
HridyeshTewani,VisishtaKarasani
PrashantLalwani,VisishtaKarasani
NamanBafna,VisishtaKarasani
PratikJayaswal,VisishtaKarasani
PranavRamarao,VisishtaKarasani
AnilTalari,VisishtaKarasani
SomyaAgarwal,VisishtaKarasani
MohitJain,VisishtaKarasani
RaghavenderSahdev,VisishtaKarasani
ARCHITASAHU,VisishtaKarasani
VenkateshMundada,VisishtaKarasani
JatinJani,VisishtaKarasani
AnvithaAdhikarla,VisishtaKarasani
DivyaAnnavajjula,VisishtaKarasani
AbhiramChavali,VisishtaKarasani
SowmyaChittireddy,VisishtaKarasani
ChowdharySaiPriya,VisishtaKarasani
KeerthanaJetty,VisishtaKarasani
JaidiJeevan,VisishtaKarasani
RandonneurSwapnilSoni,VisishtaKarasani
KaurManjyot,VisishtaKarasani
VamsiMohan3,VisishtaKarasani
SrinijaVobugari,VisishtaKarasani
RogerWoodman,rajatsaxena
AnuragSharma,rajatsaxena
EswaraSai,rajatsaxena
SaumyaJain,rajatsaxena
SameerSaxena,rajatsaxena
SrikanthSuresh,rajatsaxena
AnoopKarnik,rajatsaxena
SwetabhKumar,rajatsaxena
MukherjeeAbhinav,rajatsaxena
ananthkotti,rajatsaxena
AntarikshaYelkawar,rajatsaxena
ShantanuKallakuri,rajatsaxena
RaiHimanshu,rajatsaxena
GaneshAshwin,rajatsaxena
ArnavKapur,rajatsaxena
NikhilJones,rajatsaxena
VaibhavKumar44,rajatsaxena
SanchitMishra,rajatsaxena
AbhilashMirji,rajatsaxena
UtkarshDubey,rajatsaxena
ArihantSethia,rajatsaxena
LavishOrdia,rajatsaxena
VikasKotha,rajatsaxena
RaunakSinghal,rajatsaxena
SarthakGhosh,rajatsaxena
RahulDubey22,rajatsaxena
PavanKate,rajatsaxena
ShubhamJain85,rajatsaxena
HridyeshTewani,rajatsaxena
ApurvaVerma2,rajatsaxena
AshwiniKhare,rajatsaxena
NamanBafna,rajatsaxena
rishabhsaraswat,rajatsaxena
BiswaPrasannaMishra,rajatsaxena
AdityaKumar,rajatsaxena
HemantArora2,rajatsaxena
PrudhviReddy3,rajatsaxena
AnilTalari,rajatsaxena
RahmanAbdur,rajatsaxena
GauravSingh,rajatsaxena
NitinMythreya,rajatsaxena
MohitJain,rajatsaxena
ARCHITASAHU,rajatsaxena
VenkateshMundada,rajatsaxena
TarangGoyal,rajatsaxena
KavyaSuma,rajatsaxena
KaurManjyot,rajatsaxena
TejeshwarSingh,rajatsaxena
HardikDaga,rajatsaxena
AravindKarthik,rajatsaxena
RishabhKhandelwal,rajatsaxena
PratyushSharan,rajatsaxena
AmanGupta,rajatsaxena
VarunChappidi,rajatsaxena
JiteshVarandani,rajatsaxena
ParthParitosh,rajatsaxena
DhruvPatel,rajatsaxena
DivyaSanghi,rajatsaxena
LakshmiNarayanaG,rajatsaxena
AnchalJaiswal,rajatsaxena
GarvMalik,SandeepGoli
EswaraSai,SandeepGoli
ChinmayaPatnayak,SandeepGoli
ShravyaLahari,SandeepGoli
SaumyaJain,SandeepGoli
ChanduParimi,SandeepGoli
SrikanthSuresh,SandeepGoli
VasanArunachalam,SandeepGoli
AnoopKarnik,SandeepGoli
SwetabhKumar,SandeepGoli
MukherjeeAbhinav,SandeepGoli
ananthkotti,SandeepGoli
AntarikshaYelkawar,SandeepGoli
SudheerVazrapu,SandeepGoli
ShantanuKallakuri,SandeepGoli
RaiHimanshu,SandeepGoli
MitulGirotra,SandeepGoli
AurghoBhattacharjee,SandeepGoli
DeepthiMeduri,SandeepGoli
NikhilJones,SandeepGoli
AmrithaJayadev,SandeepGoli
SwethaNimmagadda,SandeepGoli
PraneethSmk,SandeepGoli
NitinSamuel,SandeepGoli
DivyaPravallika,SandeepGoli
SatyaJulakanti,SandeepGoli
ShriyaPallerla,SandeepGoli
SriPrakyathIyyapu,SandeepGoli
FaisalAhmad3,SandeepGoli
HarshaDutta,SandeepGoli
SarthakGhosh,SandeepGoli
SidharthSai,SandeepGoli
ShubhamJain85,SandeepGoli
ApurvaVerma2,SandeepGoli
VeenaLahari,SandeepGoli
rishabhsaraswat,SandeepGoli
SomyaAgarwal,SandeepGoli
JeevanRomee,SandeepGoli
ShankarVenkatraman,SandeepGoli
viveknimbarmunde,SandeepGoli
PraddyumanRungta,SandeepGoli
DivyaAnnavajjula,SandeepGoli
AnvithaAdhikarla,SandeepGoli
JaidiJeevan,SandeepGoli
ChowdharySaiPriya,SandeepGoli
SowmyaChittireddy,SandeepGoli
KaurManjyot,SandeepGoli
AkshithAnand,SandeepGoli
SrinijaVobugari,SandeepGoli
ShivaReisende,SandeepGoli
ChandraVikas,SandeepGoli
KatragaddaAvinash,SandeepGoli
SreejaReddy1,SandeepGoli
GauravAbburi,SandeepGoli
RahulThakur28,SandeepGoli
SowmyaKatragadda,SandeepGoli
SnehaChemarla,SandeepGoli
VasundharaKoppisetty,SandeepGoli
SibiAbraham,SandeepGoli
DamacharlaSnehankita,SandeepGoli
AsmitaGupta,KaranGarg
SiddharthaSanghi,KaranGarg
EswaraSai,KaranGarg
JainAniruddh,KaranGarg
ChanduParimi,KaranGarg
AarshPande,KaranGarg
SrikanthSuresh,KaranGarg
AnoopKarnik,KaranGarg
SwetabhKumar,KaranGarg
MukherjeeAbhinav,KaranGarg
ananthkotti,KaranGarg
RAHULBASU,KaranGarg
RaiHimanshu,KaranGarg
ShantanuKallakuri,KaranGarg
PrasanthAkki,KaranGarg
MitulGirotra,KaranGarg
SrikantBharadwaj,KaranGarg
AurghoBhattacharjee,KaranGarg
NikhilJones,KaranGarg
VaibhavKumar44,KaranGarg
SriPrakyathIyyapu,KaranGarg
AbhilashMirji,KaranGarg
UtkarshDubey,KaranGarg
PKalra,KaranGarg
MelanieSchweiger,KaranGarg
SarthakGhosh,KaranGarg
RahulDubey22,KaranGarg
PavanKate,KaranGarg
SidharthSai,KaranGarg
rishabhsaraswat,KaranGarg
NamanBafna,KaranGarg
AdityaKumar,KaranGarg
HemantArora2,KaranGarg
VarunSah,KaranGarg
RahmanAbdur,KaranGarg
AkshayBhat,KaranGarg
SalabhGoyal,KaranGarg
ShankarVenkatraman,KaranGarg
PriyanshuSharma,KaranGarg
ARCHITASAHU,KaranGarg
VenkateshMundada,KaranGarg
PraddyumanRungta,KaranGarg
AnshikBansal,KaranGarg
SrinijaVobugari,KaranGarg
PushkarPrasun,KaranGarg
PrachiChandak,KaranGarg
ArpitaSingh22,KaranGarg
BriaYan,KaranGarg
AvinashAman,KaranGarg
AashishVyas,KaranGarg
PankajDudani,KaranGarg
AlexKirkpatrick,KaranGarg
DheerajPeri,KaranGarg
AshishMalik,KaranGarg
KarthikBuddha,KaranGarg
PeshalAgarwal,KaranGarg
AshutoshSarda,KaranGarg
RiteshRai,KaranGarg
RameyGirdhar,KaranGarg
AnupamChugh,KaranGarg
GarvMalik,ChiragGarg3
EswaraSai,ChiragGarg3
ChinmayaPatnayak,ChiragGarg3
SaumyaJain,ChiragGarg3
ChanduParimi,ChiragGarg3
SrikanthSuresh,ChiragGarg3
VasanArunachalam,ChiragGarg3
AnoopKarnik,ChiragGarg3
SwetabhKumar,ChiragGarg3
MukherjeeAbhinav,ChiragGarg3
SatyendraTripathi,ChiragGarg3
ananthkotti,ChiragGarg3
SudheerVazrapu,ChiragGarg3
AntarikshaYelkawar,ChiragGarg3
RAHULBASU,ChiragGarg3
RaiHimanshu,ChiragGarg3
ShantanuKallakuri,ChiragGarg3
MitulGirotra,ChiragGarg3
SuryaPabbisetty,ChiragGarg3
GaneshAshwin,ChiragGarg3
DeepthiMeduri,ChiragGarg3
AurghoBhattacharjee,ChiragGarg3
NikhilJones,ChiragGarg3
DivyaPravallika,ChiragGarg3
SatyaJulakanti,ChiragGarg3
VaibhavKumar44,ChiragGarg3
SanchitMishra,ChiragGarg3
AbhilashMirji,ChiragGarg3
UtkarshDubey,ChiragGarg3
VikasKotha,ChiragGarg3
SarthakGhosh,ChiragGarg3
RahulDubey22,ChiragGarg3
PavanKate,ChiragGarg3
ChandraSandeep1,ChiragGarg3
HridyeshTewani,ChiragGarg3
PrashantLalwani,ChiragGarg3
AnshulAggarwal2,ChiragGarg3
ApurvaVerma2,ChiragGarg3
PankajMunjal,ChiragGarg3
PrasanthAbraham,ChiragGarg3
krishnakarthick,ChiragGarg3
AdityaKumar,ChiragGarg3
MurariVarma,ChiragGarg3
HemantArora2,ChiragGarg3
AkshayBhat,ChiragGarg3
ApoorvaMusunuri,ChiragGarg3
SalabhGoyal,ChiragGarg3
AkhilCh,ChiragGarg3
MohitJain,ChiragGarg3
ShankarVenkatraman,ChiragGarg3
VenkateshMundada,ChiragGarg3
AbhijeetMulugu,ChiragGarg3
JatinJani,ChiragGarg3
DeepshikaGilbile,ChiragGarg3
DivyaAnnavajjula,ChiragGarg3
SahilMehta,ChiragGarg3
SriHarsha,ChiragGarg3
SowmyaChittireddy,ChiragGarg3
JaidiJeevan,ChiragGarg3
KaurManjyot,ChiragGarg3
EswaraSai,RaghavenderSahdev
ChinmayaPatnayak,RaghavenderSahdev
SaumyaJain,RaghavenderSahdev
SrikanthSuresh,RaghavenderSahdev
BhanuSrivatsav,RaghavenderSahdev
SwetabhKumar,RaghavenderSahdev
MukherjeeAbhinav,RaghavenderSahdev
ananthkotti,RaghavenderSahdev
KalyanPingali,RaghavenderSahdev
AntarikshaYelkawar,RaghavenderSahdev
SudheerVazrapu,RaghavenderSahdev
RAHULBASU,RaghavenderSahdev
RaiHimanshu,RaghavenderSahdev
MitulGirotra,RaghavenderSahdev
GaneshAshwin,RaghavenderSahdev
AurghoBhattacharjee,RaghavenderSahdev
AmrithaJayadev,RaghavenderSahdev
VaibhavKumar44,RaghavenderSahdev
SanchitMishra,RaghavenderSahdev
AbhilashMirji,RaghavenderSahdev
UtkarshDubey,RaghavenderSahdev
HarshaDutta,RaghavenderSahdev
SarthakGhosh,RaghavenderSahdev
SmaranikaNath,RaghavenderSahdev
RahulDubey22,RaghavenderSahdev
PavanKate,RaghavenderSahdev
SaxenaAmodhKant,RaghavenderSahdev
SidharthSai,RaghavenderSahdev
SiddharthDash1,RaghavenderSahdev
AnuragAgarwal,RaghavenderSahdev
NamanBafna,RaghavenderSahdev
rishabhsaraswat,RaghavenderSahdev
PratikJayaswal,RaghavenderSahdev
JeffChicarelli,RaghavenderSahdev
HemantArora2,RaghavenderSahdev
SomyaAgarwal,RaghavenderSahdev
VisishtaKarasani,RaghavenderSahdev
RahmanAbdur,RaghavenderSahdev
SalabhGoyal,RaghavenderSahdev
SaumyaVerma4,RaghavenderSahdev
SakshamPhul,RaghavenderSahdev
AbhiramChavali,RaghavenderSahdev
KavyaSuma,RaghavenderSahdev
ShivamMittal4,RaghavenderSahdev
BibhaNayak,RaghavenderSahdev
AnshikBansal,RaghavenderSahdev
SatyaNarayanDas,RaghavenderSahdev
PrachiChandak,RaghavenderSahdev
DivyaSanghi,RaghavenderSahdev
AishwaryaReddy,RaghavenderSahdev
VishakaThekkedath,RaghavenderSahdev
KartikayChadha,RaghavenderSahdev
AvinashAman,RaghavenderSahdev
AdityaSwami,RaghavenderSahdev
KaranjodhSingh,RaghavenderSahdev
KashikaJuneja,RaghavenderSahdev
RanaGurtej,RaghavenderSahdev
RanjithNori,RaghavenderSahdev
VVenkateswaraReddy,RaghavenderSahdev
SudarshanGhonge,RaghavenderSahdev
ChinmayaPatnayak,ShankarVenkatraman
SwetabhKumar,ShankarVenkatraman
KalyanPingali,ShankarVenkatraman
SudheerVazrapu,ShankarVenkatraman
RAHULBASU,ShankarVenkatraman
ShantanuKallakuri,ShankarVenkatraman
PrasanthAkki,ShankarVenkatraman
MitulGirotra,ShankarVenkatraman
NikhilJones,ShankarVenkatraman
VaibhavKumar44,ShankarVenkatraman
SureshNikitha,ShankarVenkatraman
MehrGill,ShankarVenkatraman
AtrijSinghal,ShankarVenkatraman
HarshaDutta,ShankarVenkatraman
PriyaChowdhary,ShankarVenkatraman
SiddarthYerram,ShankarVenkatraman
rishabhsaraswat,ShankarVenkatraman
GunjeshSingh,ShankarVenkatraman
SandeepGoli,ShankarVenkatraman
KaranGarg,ShankarVenkatraman
ChiragGarg3,ShankarVenkatraman
AkhilCh,ShankarVenkatraman
JeevanRomee,ShankarVenkatraman
ArvindSunder,ShankarVenkatraman
HariKrishnaUpadhyayula,ShankarVenkatraman
SriHarsha,ShankarVenkatraman
SakshamPhul,ShankarVenkatraman
SharathJ,ShankarVenkatraman
RobinJames1,ShankarVenkatraman
SiddharthMishra,ShankarVenkatraman
WaliaShubham,ShankarVenkatraman
DheerajKumar,ShankarVenkatraman
AkshayAnanthakrishnan,ShankarVenkatraman
SoumyaGanguly,ShankarVenkatraman
AnushaPunjala,ShankarVenkatraman
GunjitKandpal,ShankarVenkatraman
UdaySharma,ShankarVenkatraman
VimarshSrivastava,ShankarVenkatraman
VijayNarayan,ShankarVenkatraman
RishabhMonga,ShankarVenkatraman
AmanKumar,ShankarVenkatraman
SNandyala,ShankarVenkatraman
VarunSoni,ShankarVenkatraman
SaumitraTiwari,ShankarVenkatraman
BairaviRavi,ShankarVenkatraman
MAyurShanbhag,ShankarVenkatraman
RameyGirdhar,ShankarVenkatraman
PasumarthiSandeep,ShankarVenkatraman
YashAgarwal14,ShankarVenkatraman
IndrajitHaridas,ShankarVenkatraman
KaushikThommandra,ShankarVenkatraman
AgrawalSarthak,ShankarVenkatraman
MounicaJonnalagadda,ShankarVenkatraman
ArshdeepSingh11,ShankarVenkatraman
AdityaTibrewal,ShankarVenkatraman
SaiSriharsha,ShankarVenkatraman
ParthKalyani,ShankarVenkatraman
PrashantGautam,ShankarVenkatraman
NihitPrakash,ShankarVenkatraman
VenkateshBirada,ShankarVenkatraman
EswaraSai,ArvindSunder
ChinmayaPatnayak,ArvindSunder
ShravyaLahari,ArvindSunder
SaumyaJain,ArvindSunder
ChanduParimi,ArvindSunder
MaheshKS,ArvindSunder
SrikanthSuresh,ArvindSunder
HarshaAechuri,ArvindSunder
AnoopKarnik,ArvindSunder
SwetabhKumar,ArvindSunder
ananthkotti,ArvindSunder
KalyanPingali,ArvindSunder
AntarikshaYelkawar,ArvindSunder
RAHULBASU,ArvindSunder
RaiHimanshu,ArvindSunder
MitulGirotra,ArvindSunder
SuryaPabbisetty,ArvindSunder
UtsavDubey,ArvindSunder
GaneshAshwin,ArvindSunder
DeepthiMeduri,ArvindSunder
AurghoBhattacharjee,ArvindSunder
AmrithaJayadev,ArvindSunder
PraneethSmk,ArvindSunder
SwethaNimmagadda,ArvindSunder
SatyaJulakanti,ArvindSunder
VaibhavKumar44,ArvindSunder
SanchitMishra,ArvindSunder
SriPrakyathIyyapu,ArvindSunder
AbhilashMirji,ArvindSunder
UtkarshDubey,ArvindSunder
AvinashDash,ArvindSunder
VikasKotha,ArvindSunder
LAdithya,ArvindSunder
HarshaDutta,ArvindSunder
SarthakGhosh,ArvindSunder
RahulDubey22,ArvindSunder
PavanKate,ArvindSunder
HridyeshTewani,ArvindSunder
SinghKeshav,ArvindSunder
PrasanthAbraham,ArvindSunder
NamanBafna,ArvindSunder
rishabhsaraswat,ArvindSunder
PratikJayaswal,ArvindSunder
AdityaKumar,ArvindSunder
PrudhviReddy3,ArvindSunder
RahmanAbdur,ArvindSunder
AkshayBhat,ArvindSunder
MohitJain,ArvindSunder
SalabhGoyal,ArvindSunder
KartheekManavarthi,ArvindSunder
ShankarVenkatraman,ArvindSunder
ARCHITASAHU,ArvindSunder
AbhijeetMulugu,ArvindSunder
PraddyumanRungta,ArvindSunder
VenkateshMundada,ArvindSunder
DeepshikaGilbile,ArvindSunder
GuptaChavi,ArvindSunder
AbhiJain,ArvindSunder
AbhiramChavali,ArvindSunder
SwagatReddy,ArvindSunder
GarvMalik,JatinJani
SwetabhKumar,JatinJani
IJDPSJournal,JatinJani
BadhirAmdavadi,JatinJani
PankajMunjal,JatinJani
VeenaLahari,JatinJani
VisishtaKarasani,JatinJani
ChiragGarg3,JatinJani
SharathJ,JatinJani
TejeshwarSingh,JatinJani
PeeyushPashine,JatinJani
VenkataSriramaKrishnaTejaKonduri,JatinJani
AKhare,JatinJani
RishiPatel,JatinJani
DeepamJaiswal,JatinJani
SibiAbraham,JatinJani
AgrimaSrivastava,JatinJani
DipaliThakkar,JatinJani
AarifJindani,JatinJani
mikeweaver,JatinJani
AparajitaSingh,JatinJani
YuvrajsinhKanchava,JatinJani
JaskaranBirSingh,JatinJani
ApoorvaVerma,JatinJani
ChintanVora,JatinJani
AbhinavRai1,JatinJani
FaizIqbalFaizSheikh,JatinJani
KarthikTejaMummareddi,JatinJani
AtulPawar,JatinJani
MAyurShanbhag,JatinJani
SBarvaliya,JatinJani
AshutoshKaneriya,JatinJani
SwaroopjiMR,JatinJani
ShrujalBarvaliya,JatinJani
,JatinJani
,JatinJani
GirishPonkiya,JatinJani
ParthKalyani,JatinJani
PriyanshuSharma2,JatinJani
RakeshPrasanna,JatinJani
ImranHossainFaruk,JatinJani
SarjakShah,JatinJani
SairamMuttavarapu,JatinJani
NiravKhandhedia,JatinJani
GhazanfarKhan1,JatinJani
TejaDasari,JatinJani
AshwinikumarJha,JatinJani
DhruvRathod,JatinJani
MaitriModasia,JatinJani
amarsneh,JatinJani
PratikBhimani,JatinJani
BhaveshKakadiya,JatinJani
TrivediMaulik,JatinJani
SheetalTank,JatinJani
JasminJoshi,JatinJani
SiddharthSengar,JatinJani
ERAgarwal,JatinJani
RuturajDeshpande,JatinJani
UtkarshMishra5,JatinJani
Karthikvvs,JatinJani
GarvMalik,SaumyaVerma4
EswaraSai,SaumyaVerma4
SaumyaJain,SaumyaVerma4
HarshaAechuri,SaumyaVerma4
AnoopKarnik,SaumyaVerma4
BhanuSrivatsav,SaumyaVerma4
SwetabhKumar,SaumyaVerma4
ananthkotti,SaumyaVerma4
ThiruvikramanKandhadai,SaumyaVerma4
AntarikshaYelkawar,SaumyaVerma4
RAHULBASU,SaumyaVerma4
RaiHimanshu,SaumyaVerma4
PrasanthAkki,SaumyaVerma4
AurghoBhattacharjee,SaumyaVerma4
AmrithaJayadev,SaumyaVerma4
VaibhavKumar44,SaumyaVerma4
SanchitMishra,SaumyaVerma4
AbhilashMirji,SaumyaVerma4
PriyaChowdhary,SaumyaVerma4
RahulDubey22,SaumyaVerma4
ShubhamJain85,SaumyaVerma4
SiddharthDash1,SaumyaVerma4
HridyeshTewani,SaumyaVerma4
MohanaBhattacharya,SaumyaVerma4
PrashantLalwani,SaumyaVerma4
GunjeshSingh,SaumyaVerma4
ManojMadabhushi,SaumyaVerma4
PrudhviReddy3,SaumyaVerma4
AkshayBhat,SaumyaVerma4
RaghavenderSahdev,SaumyaVerma4
SalabhGoyal,SaumyaVerma4
ARCHITASAHU,SaumyaVerma4
DeepshikaGilbile,SaumyaVerma4
SnehansuPradhan,SaumyaVerma4
akashraj,SaumyaVerma4
SakshamPhul,SaumyaVerma4
ChowdharySaiPriya,SaumyaVerma4
SiddharthMishra,SaumyaVerma4
BibhaNayak,SaumyaVerma4
WaliaShubham,SaumyaVerma4
VamsiMohan3,SaumyaVerma4
NEHAAGARWAL,SaumyaVerma4
VasundharaKoppisetty,SaumyaVerma4
SumirKapur,SaumyaVerma4
AishwaryaReddy,SaumyaVerma4
MSombansh,SaumyaVerma4
ArRupakula,SaumyaVerma4
RohithMulugu,SaumyaVerma4
ShekharSuman,SaumyaVerma4
ShantiKiranNayak,SaumyaVerma4
AnupamChugh,SaumyaVerma4
MrudulNekkanti,SaumyaVerma4
NishthaKhanna,SaumyaVerma4
DebarghyaNandi,SaumyaVerma4
RanjithNori,SaumyaVerma4
VVenkateswaraReddy,SaumyaVerma4
BasuSagnik,SaumyaVerma4
YashwantDandu,SaumyaVerma4
RishikaTandon,SaumyaVerma4
ShyamAnaparthy,SaumyaVerma4
PrayagBiswal,DwipayanKar
AurkoChatterjee,DwipayanKar
SubhomoyBakshi,DwipayanKar
PPachori,DwipayanKar
AditiSinha10,DwipayanKar
KiranReddy31,DwipayanKar
NeeleshShekhar,DwipayanKar
TriyanshaVijay,DwipayanKar
SudiptoMitra,DwipayanKar
RaviShankar161,DwipayanKar
subhadeepde,DwipayanKar
SwetabhKumar,DwipayanKar
SiddharthMuthukumar,DwipayanKar
VelpuriBhargava,DwipayanKar
RishitaDas,DwipayanKar
KhushbooYadav,DwipayanKar
RiteshSaraogi,DwipayanKar
RickFeynman,DwipayanKar
SheemantiniPaik,DwipayanKar
RudraneilSaha,DwipayanKar
ArnabDutta10,DwipayanKar
PawanSplv,DwipayanKar
KasturiRoy,DwipayanKar
ParomaRay,DwipayanKar
RakeshRoshanBehera,DwipayanKar
SreeparnaMukherjee,DwipayanKar
saharskumar,DwipayanKar
RevanthKorrapati,DwipayanKar
AmriteshMaitra,DwipayanKar
SarthakJain3,DwipayanKar
DigvijaySanjayPatil,DwipayanKar
YashShrivastava,DwipayanKar
AaquibHussain,DwipayanKar
MandalSwarnendu,DwipayanKar
SebinMathew,DwipayanKar
RakeshSamaddar,DwipayanKar
VamsiKrishnaHalavath,DwipayanKar
JagritiDas,DwipayanKar
PriyankaSarkar,DwipayanKar
RhishitaPathak,DwipayanKar
VijaySingh71,DwipayanKar
AbhishikthKarumanchi,DwipayanKar
SubhojitDutta,DwipayanKar
NavneetKumawat,DwipayanKar
AnirbanSantara,DwipayanKar
AnirbanMalick,DwipayanKar
KoushikAguan,DwipayanKar
SoumyaPaik,DwipayanKar
kamaleshkumaryadav,DwipayanKar
DeepakKumar385,DwipayanKar
AvirupSarkar,DwipayanKar
MahendraShakya,DwipayanKar
UpamanyuChakravarty,DwipayanKar
SahilKharwar,DwipayanKar
arnabprakashdey,DwipayanKar
SomdutRoy,DwipayanKar
PriyaPal3,DwipayanKar
SouvikMaity,DwipayanKar
KrishnaBagadia,DwipayanKar
KoustavSaha1,DwipayanKar
SujithSam,LeelakrishnaNukala
SwetabhKumar,LeelakrishnaNukala
SaiNadimpalli,LeelakrishnaNukala
VedabrataRao,LeelakrishnaNukala
MrinaliniRay,LeelakrishnaNukala
TusharWarrier,LeelakrishnaNukala
ParulPurwar,LeelakrishnaNukala
MrinaliniLuthra,LeelakrishnaNukala
VarunAggarwal,LeelakrishnaNukala
SidhantGulati,LeelakrishnaNukala
VivekMuralidhar,LeelakrishnaNukala
SamarthBansal,LeelakrishnaNukala
KarthikRama,LeelakrishnaNukala
VishnuBharath,LeelakrishnaNukala
DhruvGupta,LeelakrishnaNukala
AyanGuha,LeelakrishnaNukala
AkshatGoel,LeelakrishnaNukala
MalikaGarg,LeelakrishnaNukala
PriyankaSadananda,LeelakrishnaNukala
SunilRana,LeelakrishnaNukala
HiteshArora,LeelakrishnaNukala
DiptiIyer,LeelakrishnaNukala
MehtaShivani,LeelakrishnaNukala
AnushkaPatara,LeelakrishnaNukala
AashishVatsyayan,LeelakrishnaNukala
AnshulChaudhary,LeelakrishnaNukala
ShivaSharma10,LeelakrishnaNukala
SGARG,LeelakrishnaNukala
PrithviJain,LeelakrishnaNukala
UshnishChaudhuri,LeelakrishnaNukala
PhaniJawahar,LeelakrishnaNukala
SnehaReddy2,LeelakrishnaNukala
SubhojitMaji,LeelakrishnaNukala
JainNaman,LeelakrishnaNukala
RamSudani,LeelakrishnaNukala
AbhijeetGautam,LeelakrishnaNukala
KunalGarg,LeelakrishnaNukala
LepakshiDhawan,LeelakrishnaNukala
AkhilGopalakrishnan,LeelakrishnaNukala
SanaHazari,LeelakrishnaNukala
BhoomikaArora,LeelakrishnaNukala
BhartiKhanduja,LeelakrishnaNukala
NilaabhBhowmick,LeelakrishnaNukala
JugalShah,LeelakrishnaNukala
RajithJJayadevan,LeelakrishnaNukala
anishjoshi,LeelakrishnaNukala
ChirodeepRoy,LeelakrishnaNukala
DivyaJohn,LeelakrishnaNukala
ChandniDodiya,LeelakrishnaNukala
NishchalaKpani,LeelakrishnaNukala
AravindPrasad1,LeelakrishnaNukala
VamsiKrishna,LeelakrishnaNukala
YashMehrotra,LeelakrishnaNukala
ElomarSouza,LeelakrishnaNukala
ShishirSura,LeelakrishnaNukala
ShreyaMehrotra,LeelakrishnaNukala
PranavIndi,LeelakrishnaNukala
AbhishekBohra,LeelakrishnaNukala
AurkoBhattacharya,LeelakrishnaNukala
MohitNandwani,LeelakrishnaNukala
EswaraSai,SriHarsha
HarshaAechuri,SriHarsha
SwetabhKumar,SriHarsha
ananthkotti,SriHarsha
SudheerVazrapu,SriHarsha
ShantanuKallakuri,SriHarsha
PrasanthAkki,SriHarsha
MitulGirotra,SriHarsha
SrikantBharadwaj,SriHarsha
SaiPadmanabhuni,SriHarsha
PriyaChowdhary,SriHarsha
ChandraSandeep1,SriHarsha
SiddharthDash1,SriHarsha
rishabhsaraswat,SriHarsha
PratikJayaswal,SriHarsha
SwamyIdln,SriHarsha
VinodhReddyChennu,SriHarsha
Kalyankarthik,SriHarsha
PrudhviReddy3,SriHarsha
RahmanAbdur,SriHarsha
ReddyAvinash,SriHarsha
ChiragGarg3,SriHarsha
AkhilCh,SriHarsha
JeevanRomee,SriHarsha
ShankarVenkatraman,SriHarsha
VikramsimhareddyKallam,SriHarsha
sharathchandra,SriHarsha
RakeshSaripalli,SriHarsha
SaiRaghuVamsi,SriHarsha
BibhaNayak,SriHarsha
SashankKurella,SriHarsha
ShivaReisende,SriHarsha
PushkarPrasun,SriHarsha
VarunChappidi,SriHarsha
MathewAbraham4,SriHarsha
SoumyaGanguly,SriHarsha
SavyasacheeJha,SriHarsha
Vamshiballikonda,SriHarsha
VinayKumar103,SriHarsha
SankalpGupta1,SriHarsha
VamsiNarne,SriHarsha
VimarshSrivastava,SriHarsha
JahnaviParni,SriHarsha
AnupPampari,SriHarsha
VarunSoni,SriHarsha
AshishSarda,SriHarsha
MAyurShanbhag,SriHarsha
PasumarthiSandeep,SriHarsha
PavanKumarThota,SriHarsha
SnehaSingh10,SriHarsha
ShahulMohammed,SriHarsha
SridharAnupKumar,SriHarsha
DineshVemula,SriHarsha
ShruthinP,SriHarsha
karunbhogadula,SriHarsha
SindhuraNadella,SriHarsha
RasmiKapuganti,SriHarsha
NikhilAyyagari,SriHarsha
AdityaSubramanyam,SriHarsha
SaiSriharsha,SriHarsha
GarvMalik,SakshamPhul
ChinmayaPatnayak,SakshamPhul
SaumyaJain,SakshamPhul
ChanduParimi,SakshamPhul
HarshaAechuri,SakshamPhul
AnoopKarnik,SakshamPhul
SwetabhKumar,SakshamPhul
KalyanPingali,SakshamPhul
SudheerVazrapu,SakshamPhul
ShantanuKallakuri,SakshamPhul
RaiHimanshu,SakshamPhul
PrasanthAkki,SakshamPhul
GaneshAshwin,SakshamPhul
DeepthiMeduri,SakshamPhul
VinayakVR,SakshamPhul
GaganSingh40,SakshamPhul
PraneethSmk,SakshamPhul
DivyaPravallika,SakshamPhul
VaibhavKumar44,SakshamPhul
SatyaJulakanti,SakshamPhul
SanchitMishra,SakshamPhul
AbhilashMirji,SakshamPhul
RahulDubey22,SakshamPhul
PavanKate,SakshamPhul
ChandraSandeep1,SakshamPhul
SidharthSai,SakshamPhul
ApurvaVerma2,SakshamPhul
rishabhsaraswat,SakshamPhul
GokulNathSridhar,SakshamPhul
GunjeshSingh,SakshamPhul
HussainBohra,SakshamPhul
AdityaKumar,SakshamPhul
RaghavenderSahdev,SakshamPhul
AkhilCh,SakshamPhul
ARCHITASAHU,SakshamPhul
ShankarVenkatraman,SakshamPhul
SuryaPrathap,SakshamPhul
AlbertJames,SakshamPhul
DeepshikaGilbile,SakshamPhul
SaumyaVerma4,SakshamPhul
DivyaAnnavajjula,SakshamPhul
RameshAdithya,SakshamPhul
ShonitChamadia,SakshamPhul
KaurManjyot,SakshamPhul
BibhaNayak,SakshamPhul
WaliaShubham,SakshamPhul
RachitGarg,SakshamPhul
RishiGupta,SakshamPhul
AbhinavPrabhakar,SakshamPhul
AbhinavBagri,SakshamPhul
VasundharaKoppisetty,SakshamPhul
DivyaSanghi,SakshamPhul
MansizNaithani,SakshamPhul
KavyaMohan,SakshamPhul
AnirudhRamesh,SakshamPhul
MilinMittal,SakshamPhul
ArjunVijayvargiya,SakshamPhul
AmitSharma,SakshamPhul
NaikPushkar,SakshamPhul
SudeepMukherjee,SakshamPhul
EswaraSai,PraneethMaganti
ChanduParimi,PraneethMaganti
VasanArunachalam,PraneethMaganti
AnoopKarnik,PraneethMaganti
SwetabhKumar,PraneethMaganti
ThiruvikramanKandhadai,PraneethMaganti
AntarikshaYelkawar,PraneethMaganti
SudheerVazrapu,PraneethMaganti
ShantanuKallakuri,PraneethMaganti
PrasanthAkki,PraneethMaganti
SaideepKaripalli,PraneethMaganti
SrikantBharadwaj,PraneethMaganti
SaiPadmanabhuni,PraneethMaganti
prudhvipotuganti,PraneethMaganti
NitishPratik,PraneethMaganti
vjammula,PraneethMaganti
SuryaKlsv,PraneethMaganti
PraneshSuram,PraneethMaganti
PraveenKavuri,PraneethMaganti
VinodhReddyChennu,PraneethMaganti
Kalyankarthik,PraneethMaganti
PrudhviReddy3,PraneethMaganti
ManojBobba,PraneethMaganti
SaranSrikanth,PraneethMaganti
JeevanRomee,PraneethMaganti
HariKrishnaUpadhyayula,PraneethMaganti
VikramsimhareddyKallam,PraneethMaganti
AbhiramChavali,PraneethMaganti
JaidiJeevan,PraneethMaganti
SowmyaChittireddy,PraneethMaganti
SrimanthChaudari,PraneethMaganti
sharathchandra,PraneethMaganti
AkshithAnand,PraneethMaganti
SanthanamKumar,PraneethMaganti
KondapalliSriHarsha,PraneethMaganti
BharathAkinapally,PraneethMaganti
VishwanathNagallapati,PraneethMaganti
JoseAnitt,PraneethMaganti
SriramKrishnaswamy,PraneethMaganti
SibiAbraham,PraneethMaganti
ManojReddy,PraneethMaganti
VasalaSaiKrishna,PraneethMaganti
SravanKumarVoona,PraneethMaganti
VamsiNarne,PraneethMaganti
AshokNaren,PraneethMaganti
ManojSrikanth,PraneethMaganti
KalyanVelamakanni,PraneethMaganti
PasumarthiSandeep,PraneethMaganti
DurgeshChandraPathak,PraneethMaganti
SridharAnupKumar,PraneethMaganti
ShruthinP,PraneethMaganti
karunbhogadula,PraneethMaganti
DineshVemula,PraneethMaganti
ShivaElluru,PraneethMaganti
AdityaSubramanyam,PraneethMaganti
RohitPaturi,PraneethMaganti
SivaprudhviManepalli,PraneethMaganti
SameerParuchuri,PraneethMaganti
RaghuParisa,PraneethMaganti
UdayaKiranKompella,PraneethMaganti
GarvMalik,RameshAdithya
ChinmayaPatnayak,RameshAdithya
SaumyaJain,RameshAdithya
SrikanthSuresh,RameshAdithya
SwetabhKumar,RameshAdithya
BhanuSrivatsav,RameshAdithya
AntarikshaYelkawar,RameshAdithya
RaiHimanshu,RameshAdithya
PrasanthAkki,RameshAdithya
JayadevVijayan,RameshAdithya
GaneshAshwin,RameshAdithya
SiddarthShrikanth,RameshAdithya
DivyaPravallika,RameshAdithya
SanchitMishra,RameshAdithya
SharanSivakumar,RameshAdithya
SarthakGhosh,RameshAdithya
ArjithSrikanth,RameshAdithya
shravankumarr,RameshAdithya
SidharthSai,RameshAdithya
ChandraSandeep1,RameshAdithya
SiddharthDash1,RameshAdithya
ApurvaVerma2,RameshAdithya
NamanBafna,RameshAdithya
PratikJayaswal,RameshAdithya
PranavRamarao,RameshAdithya
RahmanAbdur,RameshAdithya
ArchitaSharma,RameshAdithya
AkhilCh,RameshAdithya
AlbertJames,RameshAdithya
DeepshikaGilbile,RameshAdithya
DivyaAnnavajjula,RameshAdithya
SakshamPhul,RameshAdithya
ShivamMittal4,RameshAdithya
ShashanthRV,RameshAdithya
VamsiMohan3,RameshAdithya
AbhinavBagri,RameshAdithya
SandeepBhargav,RameshAdithya
VisweswaranRavikumar,RameshAdithya
BalaVignesh,RameshAdithya
PriyanshiRajput,RameshAdithya
NivedithaHariharan,RameshAdithya
MrudulNekkanti,RameshAdithya
AdityaSingh97,RameshAdithya
SarangPramod,RameshAdithya
UjwalKohad,RameshAdithya
SaiReddy39,RameshAdithya
SriharshaVavilala,RameshAdithya
VishnuKumar28,RameshAdithya
BharathKaravathula,RameshAdithya
LikhithaChaganti,RameshAdithya
KrishnanMadhav,RameshAdithya
VishnuvardhanIyer,RameshAdithya
RagavKrishna,RameshAdithya
PJSudharshan,RameshAdithya
UditKotnis,RameshAdithya
SreeNihitM,RameshAdithya
RajagopalanPrasanna,RameshAdithya
PranitKamarshi,RameshAdithya
BVBharathReddy,RameshAdithya
AkshayRishi,RameshAdithya
AmitVerma,DrNatarajanBR
ArunPrasannakumar,DrNatarajanBR
DanishAhmadKhan,DrNatarajanBR
RishabhKaul,DrNatarajanBR
AURNOBROY,DrNatarajanBR
SuvonilChatterjee,DrNatarajanBR
ShobhaVadrevu,DrNatarajanBR
OnkarBagaria,DrNatarajanBR
RoyRituraj,DrNatarajanBR
AnirudhNelabhotla,DrNatarajanBR
AmritPal,DrNatarajanBR
ArunBharadwaj,DrNatarajanBR
RishabhKalia,DrNatarajanBR
VasanArunachalam,DrNatarajanBR
RishiKarthik,DrNatarajanBR
AliAkberKapadia,DrNatarajanBR
SnehaRoy6,DrNatarajanBR
SudheerVazrapu,DrNatarajanBR
ShashankSharma2,DrNatarajanBR
SiddharthSeth,DrNatarajanBR
OmprakashJat1,DrNatarajanBR
AmbikanandanMisra,DrNatarajanBR
CharudattChaudhari,DrNatarajanBR
VineetaDabbiru,DrNatarajanBR
AkashAgarwal,DrNatarajanBR
MilapPunia,DrNatarajanBR
HansDholakia,DrNatarajanBR
RAli,DrNatarajanBR
AbhishekAgrawal35,DrNatarajanBR
VinayakVR,DrNatarajanBR
TanveetSaluja,DrNatarajanBR
ProfKkpande,DrNatarajanBR
JyotiSengar,DrNatarajanBR
PBorar,DrNatarajanBR
AnkitGupta25,DrNatarajanBR
FaisalAhmad3,DrNatarajanBR
KamalGaneriwala,DrNatarajanBR
RahulBorkar,DrNatarajanBR
SiddharthJain46,DrNatarajanBR
AroraAnkit,DrNatarajanBR
saileshkondraganti,DrNatarajanBR
gopitummala,DrNatarajanBR
AishwaryaKumar,DrNatarajanBR
SakethSabbineni,DrNatarajanBR
SwagatAcharya,DrNatarajanBR
VasanthRamalingam,DrNatarajanBR
NavinJain,DrNatarajanBR
ArunChandramohan,DrNatarajanBR
KrishnanLR,DrNatarajanBR
AnkurGupta2,DrNatarajanBR
KartikGupta,DrNatarajanBR
SiddarthYerram,DrNatarajanBR
ManoharKhushalani,DrNatarajanBR
ShujoySinha,DrNatarajanBR
AseemRohatgi,DrNatarajanBR
SiddharthDash1,DrNatarajanBR
varunkumarreddygoli,DrNatarajanBR
PrateikPothuneedi,DrNatarajanBR
JoyneelAcharya,DrNatarajanBR
GyanendraTripathi,DrNatarajanBR
RaviTejaPalla,SaideepKaripalli
radhakrishnaabhishek,SaideepKaripalli
SuvonilChatterjee,SaideepKaripalli
DeepakJohnson,SaideepKaripalli
ReshmiSuresh,SaideepKaripalli
SudheerVazrapu,SaideepKaripalli
AbhijithThampi,SaideepKaripalli
AshwinKalkar,SaideepKaripalli
ArshadNujoom,SaideepKaripalli
SamvitaKalyan,SaideepKaripalli
RishikaMahendran,SaideepKaripalli
DeepakMohan,SaideepKaripalli
prongs,SaideepKaripalli
GauravAgarwal8,SaideepKaripalli
SaldanhaNitya,SaideepKaripalli
AniruddhPadia,SaideepKaripalli
NijanshVerma,SaideepKaripalli
SundarKumarJvs,SaideepKaripalli
RahulRevu,SaideepKaripalli
rekhalokula,SaideepKaripalli
AravindNagulu,SaideepKaripalli
RishabVardhan,SaideepKaripalli
AkarshVarma,SaideepKaripalli
SravanReddy2,SaideepKaripalli
SaiTejoKiran,SaideepKaripalli
VasanthSai,SaideepKaripalli
VasaviKrishna,SaideepKaripalli
NavyaSahithi,SaideepKaripalli
KPavanKumar,SaideepKaripalli
AswinRamesh,SaideepKaripalli
RaghuKanukurthi,SaideepKaripalli
ManojBobba,SaideepKaripalli
RamyaSravani,SaideepKaripalli
SheetalReddy,SaideepKaripalli
PraneeshPrakash,SaideepKaripalli
SravyaReddy,SaideepKaripalli
visweswaranimela,SaideepKaripalli
ShubhamBarsaiyan,SaideepKaripalli
PhanitejaMarupaka,SaideepKaripalli
ArpanVenugopal,SaideepKaripalli
KoradaAshish,SaideepKaripalli
RohitMitta,SaideepKaripalli
SaitejaDommeti,SaideepKaripalli
PradeepPJ,SaideepKaripalli
VenkateshHarisyam,SaideepKaripalli
PraneethMaganti,SaideepKaripalli
SudheerSattaru,SaideepKaripalli
PrasannaProne,SaideepKaripalli
AnveshKaturi,SaideepKaripalli
VenkatSai,SaideepKaripalli
ManojDasi,SaideepKaripalli
SunilRoger,SaideepKaripalli
NikhleshRanjan,SaideepKaripalli
KavyaSudhir,SaideepKaripalli
HariBukkePrasad,SaideepKaripalli
AbhinavSurya,SaideepKaripalli
bhargavaramkanda,SaideepKaripalli
YernaiduReddy,SaideepKaripalli
RamyakantDesabattula,SaideepKaripalli
SkKhasim,SaideepKaripalli
MruthyunjayaRaoPadamata,drreddy
Subhendupanigrahi,drreddy
AchillesSaxby,drreddy
PPachori,drreddy
MallikarjunKarra,drreddy
SiddharthBala,drreddy
SumitMohanty,drreddy
AbhishekBhardwaj,drreddy
NIPUNKHEMKA,drreddy
NilanjanaBhattacharya,drreddy
AnandAbhishek2,drreddy
SachinSharma,drreddy
PankajMandal,drreddy
ABHISHEKRAJ,drreddy
VijayDevarapalli,drreddy
RaunakMukherjee,drreddy
ManishKumar390,drreddy
ArunJain,drreddy
DSharma,drreddy
SonuSharma,drreddy
ManojKumarSingh12,drreddy
NavadeepPodapati,drreddy
SudheerVazrapu,drreddy
AnshulSinghle,drreddy
SandeshMareddy,drreddy
RavikiranMaddali,drreddy
ManikantaRaju,drreddy
AadityaSalgarkar,drreddy
PradhanAmit,drreddy
SS,drreddy
AnantAgarwal7,drreddy
SukumarMdv,drreddy
SrinivasNuti,drreddy
RajatPareek1,drreddy
KalyaniNimbalkar,drreddy
DilipParmar,drreddy
SundarKumarJvs,drreddy
MeetGandhi,drreddy
SahuSaurav,drreddy
ShankarBhukya,drreddy
SrikarSettur,drreddy
AbhinavJindal,drreddy
AdityaBarelia,drreddy
KartikPal,drreddy
ParameswaranS,drreddy
FarhanAhmad,drreddy
PraveenKavuri,drreddy
RanjanR,drreddy
ShoaibShariff,drreddy
AditiSarkar1,drreddy
AmaraYaswanth,drreddy
SreejithPP,drreddy
SomasishGhosh,drreddy
aravindreddy,drreddy
AmanGoel,drreddy
SaiKrishnaKanthHari,drreddy
SaishTedia,drreddy
SumitJoshi,drreddy
AbhimanyuAbrol,drreddy
VamsiKrishna,drreddy
PrayagBiswal,RavikiranMaddali
MruthyunjayaRaoPadamata,RavikiranMaddali
gauravdahake,RavikiranMaddali
AnimeshChoudhary,RavikiranMaddali
AchillesSaxby,RavikiranMaddali
RaviKiran,RavikiranMaddali
AurkoChatterjee,RavikiranMaddali
SubhomoyBakshi,RavikiranMaddali
PPachori,RavikiranMaddali
RakeshSarangi,RavikiranMaddali
SiddharthBala,RavikiranMaddali
PujaGorai,RavikiranMaddali
AbhishekBhardwaj,RavikiranMaddali
KiranReddy31,RavikiranMaddali
NIPUNKHEMKA,RavikiranMaddali
DebasishKanhar,RavikiranMaddali
SahilJalan,RavikiranMaddali
AnandAbhishek2,RavikiranMaddali
SayantanSarkar,RavikiranMaddali
MaximKotsemir,RavikiranMaddali
SaheliDe1,RavikiranMaddali
AbhishekChandwani,RavikiranMaddali
NeeleshShekhar,RavikiranMaddali
TriyanshaVijay,RavikiranMaddali
NikhilKhaitan,RavikiranMaddali
AKannamwar,RavikiranMaddali
SiddharthaSingh3,RavikiranMaddali
AjayKumarYadav,RavikiranMaddali
BhargavaExcalibur,RavikiranMaddali
JainAbhas,RavikiranMaddali
ChilukapavanKumar,RavikiranMaddali
BharathVeeravalli,RavikiranMaddali
DSharma,RavikiranMaddali
PratikSahoo,RavikiranMaddali
ManvithaJanagam,RavikiranMaddali
SonuSharma,RavikiranMaddali
KaushikMahato,RavikiranMaddali
ApoorvaReddy,RavikiranMaddali
ArunTankha,RavikiranMaddali
PraneelJain,RavikiranMaddali
SudheerVazrapu,RavikiranMaddali
MeghanaReddy,RavikiranMaddali
CGarg,RavikiranMaddali
SnehaChilivery,RavikiranMaddali
SumanRajat,RavikiranMaddali
MrugankBhatt,RavikiranMaddali
drreddy,RavikiranMaddali
ShishirKumar1,RavikiranMaddali
KumarAshwin,RavikiranMaddali
AbhishekPadmasale,RavikiranMaddali
srivatsakandukuri,RavikiranMaddali
JayakrishnaAlwar,RavikiranMaddali
ManikantaRaju,RavikiranMaddali
AadityaSalgarkar,RavikiranMaddali
AnkitKumarNandanwar,RavikiranMaddali
NehalSiroya,RavikiranMaddali
MilindTahalani,RavikiranMaddali
TarunSinghal,RavikiranMaddali
SrinivasNuti,RavikiranMaddali
vjammula,RavikiranMaddali
SoumyaSandipa,LohiUppalapati
AnubhavDas,LohiUppalapati
SuvonilChatterjee,LohiUppalapati
AamerKhan5,LohiUppalapati
SudheerVazrapu,LohiUppalapati
MazumdarS,LohiUppalapati
AbhshkGhosh,LohiUppalapati
SiddharthSeth,LohiUppalapati
ShubhamArora,LohiUppalapati
CharudattChaudhari,LohiUppalapati
sahilpunchhi,LohiUppalapati
ChinmayeeBhamburkar,LohiUppalapati
AkhilSaiAnumolu,LohiUppalapati
RathiTushar,LohiUppalapati
ShitanshuJain,LohiUppalapati
ArchitRaheja,LohiUppalapati
VishalKejriwal,LohiUppalapati
NitishPratik,LohiUppalapati
RohanSharma,LohiUppalapati
DevenBansod,LohiUppalapati
StephaniaMathew,LohiUppalapati
VamseeSundar,LohiUppalapati
HimanishGanjoo,LohiUppalapati
VaibhavBindroo,LohiUppalapati
AlokPacholi,LohiUppalapati
HarishvarmaPakalapati,LohiUppalapati
RohitGoel6,LohiUppalapati
AmitvikramDutta,LohiUppalapati
SaketKumar21,LohiUppalapati
HimanshuGupta,LohiUppalapati
SaketKumar21,LohiUppalapati
KshitijAgarwal,LohiUppalapati
PrannoyPilligundla,LohiUppalapati
VarunSah,LohiUppalapati
SaurabhKataria,LohiUppalapati
AmoghSakdeo,LohiUppalapati
AmanKumar,LohiUppalapati
NitinChakravarthy,LohiUppalapati
BhargavJha,LohiUppalapati
SijoVm,LohiUppalapati
ShubhamMehta7,LohiUppalapati
MadhuHarsha,LohiUppalapati
KsKeerthiReddy,LohiUppalapati
VDwivedi,LohiUppalapati
SpbKumar,LohiUppalapati
RaviTeja179,LohiUppalapati
PrakharAgarwal,LohiUppalapati
AgniPushp,LohiUppalapati
RachitGarg,LohiUppalapati
YasirKhan,LohiUppalapati
SinghDharmdeep,LohiUppalapati
GarimaDhanania,LohiUppalapati
VishalVarshney,LohiUppalapati
SiddharthMohan,LohiUppalapati
KrittikaVerma,LohiUppalapati
JaswantNag,LohiUppalapati
AnnuSharma,LohiUppalapati
NitishSharma20,LohiUppalapati
pulkitgoyal,LohiUppalapati
AmeyaHarkare,LohiUppalapati
EngrShoewu,SrinivasNuti
VictorAsanza,SrinivasNuti
PoornaChandra,SrinivasNuti
VIPULSINGH,SrinivasNuti
PranushaManthri,SrinivasNuti
ArunabhSingh,SrinivasNuti
SabareeshNikhilC,SrinivasNuti
AkvilSakhare,SrinivasNuti
NehaInnanje,SrinivasNuti
AbhishekTiwari,SrinivasNuti
AnasuyaMandal,SrinivasNuti
SankaraNarayananTSN,SrinivasNuti
SarjanSatra,SrinivasNuti
KhushbooSadhwani,SrinivasNuti
AkankshaThawani,SrinivasNuti
IndrasenBhattacharya,SrinivasNuti
RahulShinde1,SrinivasNuti
AdityaLalwani,SrinivasNuti
SudheerVazrapu,SrinivasNuti
ParulMaheshwari,SrinivasNuti
MudeRajuNaik,SrinivasNuti
venugopalnaik,SrinivasNuti
SanketPatel,SrinivasNuti
drreddy,SrinivasNuti
RavikiranMaddali,SrinivasNuti
PrashantChandra,SrinivasNuti
ManikantaRaju,SrinivasNuti
SampathSatti,SrinivasNuti
TejaYadav,SrinivasNuti
rajeevranka,SrinivasNuti
VivekKumar24,SrinivasNuti
vjammula,SrinivasNuti
SmrutiMirani,SrinivasNuti
NikunjSaunshi,SrinivasNuti
manideepattanti,SrinivasNuti
AbdulRauf,SrinivasNuti
RajPatel75,SrinivasNuti
TarunGangwar,SrinivasNuti
SaiKotha,SrinivasNuti
SudarshanPrasanna,SrinivasNuti
SaiKrishnaKanthHari,SrinivasNuti
UpasanaHembram,SrinivasNuti
VamsiKrishna,SrinivasNuti
ManojBobba,SrinivasNuti
VivekYadav3,SrinivasNuti
RishabhPatel,SrinivasNuti
SameerAshraf,SrinivasNuti
GauravSingh,SrinivasNuti
HemantBansal,SrinivasNuti
MAvasare,SrinivasNuti
PhanitejaMarupaka,SrinivasNuti
DineshKuruba,SrinivasNuti
AshutoshTripathi,SrinivasNuti
AjinkyaSapkale,SrinivasNuti
VenkateshHarisyam,SrinivasNuti
SaiSrivatsavaVemu,SrinivasNuti
ReddyManish,SrinivasNuti
CharanGajjela,SrinivasNuti
sampathvoleti,SrinivasNuti
ManojDasi,SrinivasNuti
IjscJournal,vjammula
SudheerVazrapu,vjammula
RavikiranMaddali,vjammula
HernanUllon,vjammula
SrinivasNuti,vjammula
SundarKumarJvs,vjammula
PraneshSuram,vjammula
RatanRahul,vjammula
PraveenKavuri,vjammula
VasaviKrishna,vjammula
VamsiKrishna,vjammula
KPavanKumar,vjammula
SheetalReddy,vjammula
ShivaRam,vjammula
VenkateshHarisyam,vjammula
SaiSrivatsavaVemu,vjammula
SomakAditya,vjammula
SaketTiwari,vjammula
NielsenNavarro,vjammula
AmrutaBhavaraju,vjammula
VihariPiratla,vjammula
PrudhviMohan,vjammula
KondapalliSriHarsha,vjammula
SaketSaurabh,vjammula
MihirAtmakuri,vjammula
BharathAkinapally,vjammula
AmitKumarBedakaAmitKumarBedaka,vjammula
HarishVuba,vjammula
OtraSpandana,vjammula
IndreshVerma,vjammula
KarthikPallapothula,vjammula
AkhilSoma,vjammula
sriswaroopDasari,vjammula
JayuJayachandra,vjammula
VasalaSaiKrishna,vjammula
SravanKumarVoona,vjammula
MannavaSpandan,vjammula
SrikarBodla,vjammula
MaddyMadhu,vjammula
EshwarChandraGupta,vjammula
LaxmanReddy1,vjammula
KumarSinghRaj,vjammula
UmeshVasu,vjammula
MhYsShanyan,vjammula
VorugantiSuryateja,vjammula
ChiranjeeviKasina,vjammula
RameshKrishnan6,vjammula
GirishSai,vjammula
SathyaNarayanan,vjammula
TejaRamKotaprolu,vjammula
VineetSangewar,vjammula
KeerthiVigneshKumarJ,vjammula
hemanthk,vjammula
ChandrahasKolla,vjammula
SivaprudhviManepalli,vjammula
PrawinKumar,vjammula
NuthalapatiSriharsha,vjammula
RaghuParisa,vjammula
SaiAdarsh,vjammula
KoushikBokkisa,vjammula
mathiiit,SundarKumarJvs
PrayagBiswal,SundarKumarJvs
ApoorvJain,SundarKumarJvs
MruthyunjayaRaoPadamata,SundarKumarJvs
Subhendupanigrahi,SundarKumarJvs
RaviKiran,SundarKumarJvs
SramanaMitra,SundarKumarJvs
PiyushMayank,SundarKumarJvs
KiranReddy31,SundarKumarJvs
SahilJalan,SundarKumarJvs
RaviAgarwal,SundarKumarJvs
NilayBang,SundarKumarJvs
AbhishekChandwani,SundarKumarJvs
HimenDoley,SundarKumarJvs
NeeleshShekhar,SundarKumarJvs
RounakGulati,SundarKumarJvs
RaviShankar161,SundarKumarJvs
RaunakMukherjee,SundarKumarJvs
AarshPande,SundarKumarJvs
AditiGupta,SundarKumarJvs
ShubhanshuMishra,SundarKumarJvs
NavadeepPodapati,SundarKumarJvs
PraneelJain,SundarKumarJvs
SudheerVazrapu,SundarKumarJvs
SumanRajat,SundarKumarJvs
SaideepKaripalli,SundarKumarJvs
MrugankBhatt,SundarKumarJvs
drreddy,SundarKumarJvs
RoopamAttree,SundarKumarJvs
ManikantaRaju,SundarKumarJvs
HaarshDubey,SundarKumarJvs
AGNikhil,SundarKumarJvs
PrachiBhoyar,SundarKumarJvs
ArpitaReddy,SundarKumarJvs
prudhvipotuganti,SundarKumarJvs
AnantAgarwal7,SundarKumarJvs
RohitShah2,SundarKumarJvs
ShimonaNiharikaDSouza,SundarKumarJvs
vjammula,SundarKumarJvs
LAdithya,SundarKumarJvs
PratyushaPutrevu,SundarKumarJvs
ShreyasPuttige,SundarKumarJvs
VamseeSundar,SundarKumarJvs
tejdeep,SundarKumarJvs
SubhadeepPaul,SundarKumarJvs
HarshytGOel,SundarKumarJvs
SatyaVasanthReddyTumati,SundarKumarJvs
SaitejaPasula,SundarKumarJvs
YashLundia,SundarKumarJvs
ApurvaJain,SundarKumarJvs
VSravanKumarVarma,SundarKumarJvs
VarshiniBandaru,SundarKumarJvs
raminiramakanth,SundarKumarJvs
AakashSultania,SundarKumarJvs
RaviKanthReddySathi,SundarKumarJvs
PrudhviReddy3,SundarKumarJvs
ManojBobba,SundarKumarJvs
SanjanaMaraboina,SundarKumarJvs
SaranSrikanth,SundarKumarJvs
AkshaySingh,SundarKumarJvs
DeepitPurkayastha,PraveenKavuri
PrayagBiswal,PraveenKavuri
MruthyunjayaRaoPadamata,PraveenKavuri
AyushUpadhyay,PraveenKavuri
RaviKiran,PraveenKavuri
PPachori,PraveenKavuri
SiddharthBala,PraveenKavuri
HarikaNelli,PraveenKavuri
PujaGorai,PraveenKavuri
KiranReddy31,PraveenKavuri
SahilJalan,PraveenKavuri
AnandAbhishek2,PraveenKavuri
SaheliDe1,PraveenKavuri
ManisitDas,PraveenKavuri
AbhishekChandwani,PraveenKavuri
SouradeepPaul,PraveenKavuri
RounakGulati,PraveenKavuri
VijayDevarapalli,PraveenKavuri
ManishKumar390,PraveenKavuri
AarshPande,PraveenKavuri
SonuSharma,PraveenKavuri
KaushikMahato,PraveenKavuri
JayanPrajapati,PraveenKavuri
SudheerVazrapu,PraveenKavuri
drreddy,PraveenKavuri
VivekRai1,PraveenKavuri
KumarAshwin,PraveenKavuri
JayakrishnaAlwar,PraveenKavuri
AakashSaxena,PraveenKavuri
AnkitKumarNandanwar,PraveenKavuri
ArpitaReddy,PraveenKavuri
AnantAgarwal7,PraveenKavuri
vjammula,PraveenKavuri
PraneshSuram,PraveenKavuri
VamseeSundar,PraveenKavuri
ramanareddymaddirala,PraveenKavuri
RAVIMALANI,PraveenKavuri
mkchaitanya,PraveenKavuri
PriyankAgrawal2,PraveenKavuri
VasanthSai,PraveenKavuri
aravindreddy,PraveenKavuri
tarunhkothari,PraveenKavuri
KongaSreeHarsha,PraveenKavuri
ManojBobba,PraveenKavuri
AshitaAnand,PraveenKavuri
ViswaVardhanPamarthi,PraveenKavuri
PraneethMaganti,PraveenKavuri
MounikaTekula,PraveenKavuri
SanjayJha6,PraveenKavuri
GlkPrasanth,PraveenKavuri
RehamanAtheeq,PraveenKavuri
SaiNiharika,PraveenKavuri
AnkitSahu,PraveenKavuri
AmrutaBhavaraju,PraveenKavuri
DeepakKhaneja,PraveenKavuri
PrudhviMohan,PraveenKavuri
MritunjayBeniwal,PraveenKavuri
YogeshJarwal,PraveenKavuri
YashashaviLadha,PraveenKavuri
rishmors,PraveenKavuri
GarvMalik,PranavRamarao
EswaraSai,PranavRamarao
ChinmayaPatnayak,PranavRamarao
SaumyaJain,PranavRamarao
SrikanthSuresh,PranavRamarao
HarshaAechuri,PranavRamarao
MukherjeeAbhinav,PranavRamarao
ananthkotti,PranavRamarao
KalyanPingali,PranavRamarao
SudheerVazrapu,PranavRamarao
AntarikshaYelkawar,PranavRamarao
RAHULBASU,PranavRamarao
SuryaPabbisetty,PranavRamarao
GaneshAshwin,PranavRamarao
RaamCharran,PranavRamarao
SanchitMishra,PranavRamarao
HarshaDutta,PranavRamarao
HarishKarthikeyan,PranavRamarao
RahulDubey22,PranavRamarao
PavanKate,PranavRamarao
RishabVardhan,PranavRamarao
ArjunSreenivas,PranavRamarao
ArunPrasanna,PranavRamarao
NivedittaBalaji,PranavRamarao
rishabhsaraswat,PranavRamarao
NamanBafna,PranavRamarao
PratikJayaswal,PranavRamarao
HemantArora2,PranavRamarao
saitejakarnati,PranavRamarao
SantoshWinfred,PranavRamarao
PrabhatK,PranavRamarao
VisishtaKarasani,PranavRamarao
RahmanAbdur,PranavRamarao
SanthanaKrishnanR,PranavRamarao
AthreyaMukunthan,PranavRamarao
AlbertJames,PranavRamarao
VishwanthkumarVankadari,PranavRamarao
MuditJain,PranavRamarao
RameshAdithya,PranavRamarao
HemkumarSrinivas,PranavRamarao
MadhumithaKumar1,PranavRamarao
APramod,PranavRamarao
WaliaShubham,PranavRamarao
PushkarPrasun,PranavRamarao
MuralidharanDeepak,PranavRamarao
PeeyushPashine,PranavRamarao
JugalAshar,PranavRamarao
PrachiChandak,PranavRamarao
SrinidhiAishSrinivasan,PranavRamarao
SreesankaranNamboothiri,PranavRamarao
AyushNigam,PranavRamarao
AishwaryaReddy,PranavRamarao
AvinashAman,PranavRamarao
SudarshanRao,PranavRamarao
AravindRajesh,PranavRamarao
AnupamaSundar1,PranavRamarao
GunjitKandpal,PranavRamarao
PriyankaGanesh,PranavRamarao
BalaVignesh,PranavRamarao
AnanthKrishna3,PranavRamarao
GarvMalik,HemantArora2
ChinmayaPatnayak,HemantArora2
SrikanthSuresh,HemantArora2
BhanuSrivatsav,HemantArora2
MukherjeeAbhinav,HemantArora2
KalyanPingali,HemantArora2
AntarikshaYelkawar,HemantArora2
ThiruvikramanKandhadai,HemantArora2
SudheerVazrapu,HemantArora2
RaiHimanshu,HemantArora2
MitulGirotra,HemantArora2
GaneshAshwin,HemantArora2
AurghoBhattacharjee,HemantArora2
VinayakVR,HemantArora2
AmrithaJayadev,HemantArora2
SiddhantGupta,HemantArora2
SuryaKlsv,HemantArora2
PriyaChowdhary,HemantArora2
RahulDubey22,HemantArora2
VivekhPrabakaran,HemantArora2
PavanKate,HemantArora2
SiddarthYerram,HemantArora2
NelakuduruVineeth,HemantArora2
SiddharthDash1,HemantArora2
KunalSahi,HemantArora2
rishabhsaraswat,HemantArora2
NamanBafna,HemantArora2
GokulNathSridhar,HemantArora2
BiswaPrasannaMishra,HemantArora2
PranavRamarao,HemantArora2
PranavRamarao,HemantArora2
ManojMadabhushi,HemantArora2
RatneshMadaan,HemantArora2
rajatsaxena,HemantArora2
KaranGarg,HemantArora2
ChiragGarg3,HemantArora2
ShubhamGuptaKD,HemantArora2
RaghavenderSahdev,HemantArora2
SuryaPrathap,HemantArora2
VenkateshMundada,HemantArora2
akashraj,HemantArora2
AnantChaudhary,HemantArora2
AbhiramChavali,HemantArora2
JatinBajaj,HemantArora2
NarayananAnanth,HemantArora2
PushkarPrasun,HemantArora2
ShreyaArya,HemantArora2
SatyaNarayanDas,HemantArora2
PrachiChandak,HemantArora2
JiteshVarandani,HemantArora2
ManitejaNandana,HemantArora2
ShimeeGupta,HemantArora2
DivyaSanghi,HemantArora2
RashikaGupta,HemantArora2
AdhirathSikand,HemantArora2
AvinashAman,HemantArora2
AashishVyas,HemantArora2
RohithMulugu,HemantArora2
ShantiKiranNayak,HemantArora2
RuppeshNalwaya,HemantArora2
EswaraSai,VinodhReddyChennu
ChinmayaPatnayak,VinodhReddyChennu
AnoopKarnik,VinodhReddyChennu
KalyanPingali,VinodhReddyChennu
SudheerVazrapu,VinodhReddyChennu
ThiruvikramanKandhadai,VinodhReddyChennu
RAHULBASU,VinodhReddyChennu
PrasanthAkki,VinodhReddyChennu
SrikantBharadwaj,VinodhReddyChennu
VinayakVR,VinodhReddyChennu
PraneethSmk,VinodhReddyChennu
SwethaNimmagadda,VinodhReddyChennu
SatyaJulakanti,VinodhReddyChennu
AbhilashMirji,VinodhReddyChennu
ChandraSandeep1,VinodhReddyChennu
GunjeshSingh,VinodhReddyChennu
ManishPola,VinodhReddyChennu
PrudhviReddy3,VinodhReddyChennu
SrikanthReddy70,VinodhReddyChennu
RahmanAbdur,VinodhReddyChennu
ReddyAvinash,VinodhReddyChennu
NitinMythreya,VinodhReddyChennu
SuryaPrathap,VinodhReddyChennu
PraveenVelicheti,VinodhReddyChennu
PraddyumanRungta,VinodhReddyChennu
VenkateshMundada,VinodhReddyChennu
VishwanthkumarVankadari,VinodhReddyChennu
akashraj,VinodhReddyChennu
PraneethMaganti,VinodhReddyChennu
SriHarsha,VinodhReddyChennu
AbhiramChavali,VinodhReddyChennu
JaidiJeevan,VinodhReddyChennu
ChowdharySaiPriya,VinodhReddyChennu
RakeshSaripalli,VinodhReddyChennu
SathvikReddy,VinodhReddyChennu
SiddharthMishra,VinodhReddyChennu
AkshithAnand,VinodhReddyChennu
SwarnaSaiGopiNihal,VinodhReddyChennu
VamsiMohan3,VinodhReddyChennu
likithnadella,VinodhReddyChennu
SatyaNarayanDas,VinodhReddyChennu
SnehaChemarla,VinodhReddyChennu
SuryaBalusu,VinodhReddyChennu
SumirKapur,VinodhReddyChennu
DivyaSanghi,VinodhReddyChennu
LakshmiNarayanaG,VinodhReddyChennu
VinayKumar103,VinodhReddyChennu
SaumyaPatnaik,VinodhReddyChennu
ShobhanRoy,VinodhReddyChennu
JeevanGona,VinodhReddyChennu
CGarimella,VinodhReddyChennu
RaviTeja,VinodhReddyChennu
DosapatiKarthik,VinodhReddyChennu
DheerajPeri,VinodhReddyChennu
KasiVarri,VinodhReddyChennu
VamsiNarne,VinodhReddyChennu
NidhiSri,VinodhReddyChennu
TarunReddy,VinodhReddyChennu
AmanKumar,VinodhReddyChennu
JahnaviParni,VinodhReddyChennu
MruthyunjayaRaoPadamata,KPavanKumar
RaviTejaPalla,KPavanKumar
radhakrishnaabhishek,KPavanKumar
VaniPrashamsa,KPavanKumar
DineshSoundappa,KPavanKumar
BharathVeeravalli,KPavanKumar
KarthikNatarajan,KPavanKumar
NavadeepPodapati,KPavanKumar
SudheerVazrapu,KPavanKumar
AbhijithThampi,KPavanKumar
AshwinKalkar,KPavanKumar
SaideepKaripalli,KPavanKumar
drreddy,KPavanKumar
ArshadNujoom,KPavanKumar
ManikantaRaju,KPavanKumar
PraneethSmk,KPavanKumar
GauravAgarwal8,KPavanKumar
prongs,KPavanKumar
YeshwanthReddy,KPavanKumar
SaldanhaNitya,KPavanKumar
vjammula,KPavanKumar
RahulRevu,KPavanKumar
rekhalokula,KPavanKumar
PraneshSuram,KPavanKumar
AravindNagulu,KPavanKumar
AmaraYaswanth,KPavanKumar
BharaniVlsvss,KPavanKumar
SujataKhandare,KPavanKumar
ManojBobba,KPavanKumar
SandeepChandaluri,KPavanKumar
SaranSrikanth,KPavanKumar
AmitJha,KPavanKumar
visweswaranimela,KPavanKumar
ThrilokNannapaneni,KPavanKumar
SrinivasGeddam,KPavanKumar
ApekshaMinz,KPavanKumar
PrasannaProne,KPavanKumar
VenkatSai,KPavanKumar
KesavaPhaneendraCh,KPavanKumar
AkshayBhardwaj,KPavanKumar
KondapalliSriHarsha,KPavanKumar
SaiGazula,KPavanKumar
GaneshSanka,KPavanKumar
BharathAkinapally,KPavanKumar
VishwanathNagallapati,KPavanKumar
RahulSakhare,KPavanKumar
SindhuJangam,KPavanKumar
ManojReddy,KPavanKumar
VasalaSaiKrishna,KPavanKumar
MakaranduManda,KPavanKumar
PraharshaHarsh,KPavanKumar
ChaitanyaChandra,KPavanKumar
MvrMareddy,KPavanKumar
TryciaBazinet,KPavanKumar
ManikantaTedlapu,KPavanKumar
YaswanthDontu,KPavanKumar
LnMurthy,KPavanKumar
BhaumikShah,KPavanKumar
YeshwanthReddy,KPavanKumar
KalyanVelamakanni,KPavanKumar
NikhilPrathapani,VamsiKrishna
AntarikshBothale,VamsiKrishna
uttamsikaria,VamsiKrishna
VIPULSINGH,VamsiKrishna
PranushaManthri,VamsiKrishna
SabareeshNikhilC,VamsiKrishna
AmritSorli,VamsiKrishna
AbhishekTiwari,VamsiKrishna
AnasuyaMandal,VamsiKrishna
AkankshaThawani,VamsiKrishna
prudhvitejimmadi,VamsiKrishna
SudheerVazrapu,VamsiKrishna
venugopalnaik,VamsiKrishna
AnilShanbhag,VamsiKrishna
ShrikantChavare,VamsiKrishna
drreddy,VamsiKrishna
RavikiranMaddali,VamsiKrishna
YeshwanthReddy,VamsiKrishna
SrinivasNuti,VamsiKrishna
vjammula,VamsiKrishna
PraneshSuram,VamsiKrishna
SmrutiMirani,VamsiKrishna
NikunjSaunshi,VamsiKrishna
manideepattanti,VamsiKrishna
AbdulRauf,VamsiKrishna
SaiKotha,VamsiKrishna
GautamSumu,VamsiKrishna
ManojBobba,VamsiKrishna
AjitVoraboina,VamsiKrishna
RishabhPatel,VamsiKrishna
MAvasare,VamsiKrishna
SheetalReddy,VamsiKrishna
DineshKuruba,VamsiKrishna
BhatiaR,VamsiKrishna
VenkateshHarisyam,VamsiKrishna
HusainManasawala,VamsiKrishna
KesavaPhaneendraCh,VamsiKrishna
ManojDasi,VamsiKrishna
sampathvoleti,VamsiKrishna
SaketTiwari,VamsiKrishna
SaurabhSuman,VamsiKrishna
GauravTanwar,VamsiKrishna
IJPLAJournal,VamsiKrishna
KondapalliSriHarsha,VamsiKrishna
VihariPiratla,VamsiKrishna
PriyankChhipa,VamsiKrishna
AakashNS,VamsiKrishna
GowthamReddy,VamsiKrishna
BharathAkinapally,VamsiKrishna
VishwanathNagallapati,VamsiKrishna
shrutisingh,VamsiKrishna
JoseAnitt,VamsiKrishna
AnuragMeena1,VamsiKrishna
SanjaySahu,VamsiKrishna
KarthikPallapothula,VamsiKrishna
AkhilSoma,VamsiKrishna
sriswaroopDasari,VamsiKrishna
AnirudhDonthireddy,VamsiKrishna
DeepakIitb,VamsiKrishna
VasalaSaiKrishna,VamsiKrishna
EswaraSai,PrudhviReddy3
ChinmayaPatnayak,PrudhviReddy3
KalyanPingali,PrudhviReddy3
SudheerVazrapu,PrudhviReddy3
ThiruvikramanKandhadai,PrudhviReddy3
ShantanuKallakuri,PrudhviReddy3
RaiHimanshu,PrudhviReddy3
PrasanthAkki,PrudhviReddy3
SrikantBharadwaj,PrudhviReddy3
VinayakVR,PrudhviReddy3
PraneethSmk,PrudhviReddy3
SatyaJulakanti,PrudhviReddy3
AbhilashMirji,PrudhviReddy3
AbhishekArijit,PrudhviReddy3
RaunakSinghal,PrudhviReddy3
HarshaDutta,PrudhviReddy3
SundarKumarJvs,PrudhviReddy3
SuhrudhReddy,PrudhviReddy3
RahulDubey22,PrudhviReddy3
NelakuduruVineeth,PrudhviReddy3
SaiRam,PrudhviReddy3
SiddharthDash1,PrudhviReddy3
GunjeshSingh,PrudhviReddy3
ManojMadabhushi,PrudhviReddy3
VinodhReddyChennu,PrudhviReddy3
Kalyankarthik,PrudhviReddy3
NavyaSahithi,PrudhviReddy3
ManojBobba,PrudhviReddy3
MedaTeja,PrudhviReddy3
rajatsaxena,PrudhviReddy3
SaranSrikanth,PrudhviReddy3
SuryaPrathap,PrudhviReddy3
ArvindSunder,PrudhviReddy3
VenkateshMundada,PrudhviReddy3
PraddyumanRungta,PrudhviReddy3
SnehansuPradhan,PrudhviReddy3
SaumyaVerma4,PrudhviReddy3
PraneethMaganti,PrudhviReddy3
SriHarsha,PrudhviReddy3
VenkateshHarisyam,PrudhviReddy3
AbhiramChavali,PrudhviReddy3
KeerthanaJetty,PrudhviReddy3
LokeshBoominathan,PrudhviReddy3
HariPriyaRachakonda,PrudhviReddy3
RakeshSaripalli,PrudhviReddy3
TejeshwarSingh,PrudhviReddy3
TarunNukala,PrudhviReddy3
AravindKarthik,PrudhviReddy3
ShivaReisende,PrudhviReddy3
PushkarPrasun,PrudhviReddy3
likithnadella,PrudhviReddy3
VihariPiratla,PrudhviReddy3
GauravAbburi,PrudhviReddy3
SandeepChikkala,PrudhviReddy3
JiteshVarandani,PrudhviReddy3
GowthamReddy,PrudhviReddy3
RaviVooda,PrudhviReddy3
SnehaChemarla,PrudhviReddy3
HarishVuba,PrudhviReddy3
VinayKumar103,PrudhviReddy3
Talasila,ManojBobba
BharathVeeravalli,ManojBobba
SudheerVazrapu,ManojBobba
SaideepKaripalli,ManojBobba
RavikiranMaddali,ManojBobba
ShubhamDeshmukh,ManojBobba
TejaYadav,ManojBobba
SrinivasNuti,ManojBobba
SundarKumarJvs,ManojBobba
siddharthram,ManojBobba
LeelaYanamaddi,ManojBobba
PraveenKavuri,ManojBobba
KPavanKumar,ManojBobba
VamsiKrishna,ManojBobba
PrudhviReddy3,ManojBobba
SheetalReddy,ManojBobba
NALLAPANENIMANOJKUMAR,ManojBobba
VenkateshHarisyam,ManojBobba
PraneethMaganti,ManojBobba
SiddharthVodnala,ManojBobba
SaiSrivatsavaVemu,ManojBobba
ManojDasi,ManojBobba
TarunNukala,ManojBobba
SkKhasim,ManojBobba
KondapalliSriHarsha,ManojBobba
GowthamReddy,ManojBobba
BharathAkinapally,ManojBobba
VishwanathNagallapati,ManojBobba
SanjaySahu,ManojBobba
HarishVuba,ManojBobba
SrujanaKalluru,ManojBobba
ManojReddy,ManojBobba
sriswaroopDasari,ManojBobba
PavanAddepalli,ManojBobba
VasalaSaiKrishna,ManojBobba
BadaRohit,ManojBobba
BabithaMachireddy,ManojBobba
PraharshaHarsh,ManojBobba
SrikarBodla,ManojBobba
VihariGaddikoppula,ManojBobba
EshwarChandraGupta,ManojBobba
ManojSrikanth,ManojBobba
VorugantiSuryateja,ManojBobba
KalyanVelamakanni,ManojBobba
NaveenReddyYedla,ManojBobba
NaveenReddyYedla,ManojBobba
TejaRamKotaprolu,ManojBobba
KavyaKarumudi,ManojBobba
AmitabhSingh,ManojBobba
RaviKumar338,ManojBobba
ShivaElluru,ManojBobba
RohitPaturi,ManojBobba
NuthalapatiSriharsha,ManojBobba
RoshanMohammed1,ManojBobba
RaviTeja,ManojBobba
SaiAdarsh,ManojBobba
NagendraReddyVennapusa,ManojBobba
SivaGandikota,ManojBobba
RajaSai,ManojBobba
PrudhviChannamsetty,ManojBobba
saajanvaranasi,AnanthNagVarre
DeepakBharadwaz,AnanthNagVarre
SudheerVazrapu,AnanthNagVarre
MakhesBehera,AnanthNagVarre
gjkchaitanya,AnanthNagVarre
PratikPatra1,AnanthNagVarre
RamPrateek,AnanthNagVarre
KadarlaKumar,AnanthNagVarre
SmaranikaNath,AnanthNagVarre
GopiKrishna,AnanthNagVarre
ShabinaAshraf,AnanthNagVarre
SiddhardhaTagirisa,AnanthNagVarre
SharathSantosh,AnanthNagVarre
SumitSingh11,AnanthNagVarre
AbhijeetDash,AnanthNagVarre
samanchicharan,AnanthNagVarre
SauravSahoo,AnanthNagVarre
PathruduChintakayala,AnanthNagVarre
OmPritamPriyadarshee,AnanthNagVarre
AurojyotiPrusty,AnanthNagVarre
TharunNatva,AnanthNagVarre
DhyaneshwarMotamarri,AnanthNagVarre
DivyaPrafulla,AnanthNagVarre
SudheerKumarKaspa,AnanthNagVarre
TejaKvs,AnanthNagVarre
RahulPandey,AnanthNagVarre
VikasRamagiri,AnanthNagVarre
ParthaNarayanMishra,AnanthNagVarre
ChandraprakashSahoo,AnanthNagVarre
SaratChandra,AnanthNagVarre
SubhasishParamanik,AnanthNagVarre
AchintaRoy,AnanthNagVarre
nirakarrout,AnanthNagVarre
AbhishekChauhan37,AnanthNagVarre
RahulNag1,AnanthNagVarre
JonnadaVinay,AnanthNagVarre
VishalAgrawal7,AnanthNagVarre
JayashreeSahoo,AnanthNagVarre
SonalGumansingh,AnanthNagVarre
SaranTrKs,AnanthNagVarre
DePavanist,AnanthNagVarre
RameshRathod6,AnanthNagVarre
SohrabYouldash,AnanthNagVarre
RadhaKrrish,AnanthNagVarre
NookaShashank,AnanthNagVarre
HaranPragalath,AnanthNagVarre
PrakashVadada,AnanthNagVarre
AshishKumar,AnanthNagVarre
AnweshMishra,AnanthNagVarre
ChiragAgrawal,AnanthNagVarre
RajlaxmiBagasingi,AnanthNagVarre
NeelimaBhogi,AnanthNagVarre
AsifAhammed,AnanthNagVarre
RajeswariBhola,AnanthNagVarre
ReddySashidhar,AnanthNagVarre
AshikKuppili,AnanthNagVarre
nagadamudisrihari,AnanthNagVarre
RaviBabu9,AnanthNagVarre
VinayBalmuri,AnanthNagVarre
SushmithaChoudhary,AnanthNagVarre
sumeetmeravi,ViswaVardhanPamarthi
ApoorvJain,ViswaVardhanPamarthi
MruthyunjayaRaoPadamata,ViswaVardhanPamarthi
AchillesSaxby,ViswaVardhanPamarthi
SubhomoyBakshi,ViswaVardhanPamarthi
RakeshSarangi,ViswaVardhanPamarthi
HarikaNelli,ViswaVardhanPamarthi
BharathVeeravalli,ViswaVardhanPamarthi
GayatriKumari,ViswaVardhanPamarthi
AmulyaPalle,ViswaVardhanPamarthi
NavadeepPodapati,ViswaVardhanPamarthi
SudheerVazrapu,ViswaVardhanPamarthi
SudhanshuBahety,ViswaVardhanPamarthi
MrugankBhatt,ViswaVardhanPamarthi
AkhilSaiAnumolu,ViswaVardhanPamarthi
ManikantaRaju,ViswaVardhanPamarthi
PraneethSmk,ViswaVardhanPamarthi
VireshKumar,ViswaVardhanPamarthi
NishchayDayal,ViswaVardhanPamarthi
AbhishekArijit,ViswaVardhanPamarthi
ShimonaNiharikaDSouza,ViswaVardhanPamarthi
LAdithya,ViswaVardhanPamarthi
SwethaKavuri,ViswaVardhanPamarthi
PratyushaPutrevu,ViswaVardhanPamarthi
tejdeep,ViswaVardhanPamarthi
KrishnaSravanth,ViswaVardhanPamarthi
viveksambangi,ViswaVardhanPamarthi
PraveenKavuri,ViswaVardhanPamarthi
SaitejaPasula,ViswaVardhanPamarthi
VasanthSai,ViswaVardhanPamarthi
VSravanKumarVarma,ViswaVardhanPamarthi
BhaVenna,ViswaVardhanPamarthi
VarshiniBandaru,ViswaVardhanPamarthi
SumitJoshi,ViswaVardhanPamarthi
VirinchiChilukuri,ViswaVardhanPamarthi
VijayGutta,ViswaVardhanPamarthi
AshokKumarMeena,ViswaVardhanPamarthi
ThrilokNannapaneni,ViswaVardhanPamarthi
RaviRajaGanta,ViswaVardhanPamarthi
TejkiranBoppana,ViswaVardhanPamarthi
SrinivasGeddam,ViswaVardhanPamarthi
SagardipMajumder,ViswaVardhanPamarthi
PrateekAnand,ViswaVardhanPamarthi
RajShekhar,ViswaVardhanPamarthi
GopinathKonda,ViswaVardhanPamarthi
KarthikReddy48,ViswaVardhanPamarthi
sureshbabu,ViswaVardhanPamarthi
GopiPrashanthRamineni,ViswaVardhanPamarthi
AkhileshKambhampati,ViswaVardhanPamarthi
PranavKumar,ViswaVardhanPamarthi
SruthiPedakolimi,ViswaVardhanPamarthi
AmanKumar28,ViswaVardhanPamarthi
SunilPapineni,ViswaVardhanPamarthi
GaneshSanka,ViswaVardhanPamarthi
SameerKrishna,ViswaVardhanPamarthi
SohamMane,ViswaVardhanPamarthi
DharaniVallabhaneni,ViswaVardhanPamarthi
ChayadeepsaiCherukupalli,ViswaVardhanPamarthi
ManvithaSree,ViswaVardhanPamarthi
VivekPatheparapu,ViswaVardhanPamarthi
SakshiGupta,SheetalReddy
PrashantRana,SheetalReddy
KaushikIska,SheetalReddy
GarimaAgrawal8,SheetalReddy
BharathVeeravalli,SheetalReddy
SudheerVazrapu,SheetalReddy
GauravOjha,SheetalReddy
BodduluriPhani,SheetalReddy
SaideepKaripalli,SheetalReddy
drreddy,SheetalReddy
shivanipoddar,SheetalReddy
RavikiranMaddali,SheetalReddy
IjcsitceJournal,SheetalReddy
AJayaKiranReddy,SheetalReddy
NitishBhardwaj,SheetalReddy
AbhinavAppidi,SheetalReddy
VibhavSrivastava,SheetalReddy
VinayakMeena,SheetalReddy
AmrishaVohra,SheetalReddy
VennelaMiryala,SheetalReddy
AmitashOjha,SheetalReddy
vjammula,SheetalReddy
MallipeddiHardhik,SheetalReddy
RathnadeepKanaparthi,SheetalReddy
VipulRaheja,SheetalReddy
rajaajay37,SheetalReddy
RonakKogta,SheetalReddy
DheerajReddy,SheetalReddy
SharvaniChandu,SheetalReddy
DharmaTeja,SheetalReddy
SaurabhKumar2,SheetalReddy
TejaswineeKelkar,SheetalReddy
VamsiKrishna,SheetalReddy
NavyaSahithi,SheetalReddy
ArushiDogra,SheetalReddy
ManojBobba,SheetalReddy
DeepanGupta,SheetalReddy
SathyaThati,SheetalReddy
AnoopKumar,SheetalReddy
NanCy3,SheetalReddy
SarthakAgarwal,SheetalReddy
JagdeepSingh,SheetalReddy
HimanshuSrivastava,SheetalReddy
RaviRajaGanta,SheetalReddy
ChetanGupta,SheetalReddy
AtmakuriVenkataTrinath,SheetalReddy
SowmyaChittireddy,SheetalReddy
ApoorvReddy,SheetalReddy
ArjunSNath,SheetalReddy
DikshaYadav,SheetalReddy
DivyaMokkapati,SheetalReddy
SurbhiJain,SheetalReddy
NirajVishvakarma,SheetalReddy
GurumohanReddy,SheetalReddy
JashwanthReddy,SheetalReddy
JeevanSirela,SheetalReddy
RishabhUpadhyay,SheetalReddy
ShreyaPusarla,SheetalReddy
ParijatRay,SheetalReddy
ShikharRaje,SheetalReddy
EswaraSai,SalabhGoyal
ChinmayaPatnayak,SalabhGoyal
ChanduParimi,SalabhGoyal
ShivalGupta,SalabhGoyal
SrikanthSuresh,SalabhGoyal
VasanArunachalam,SalabhGoyal
MukherjeeAbhinav,SalabhGoyal
KalyanPingali,SalabhGoyal
ananthkotti,SalabhGoyal
SudheerVazrapu,SalabhGoyal
RAHULBASU,SalabhGoyal
ShantanuKallakuri,SalabhGoyal
RaiHimanshu,SalabhGoyal
MitulGirotra,SalabhGoyal
VaibhavKumar44,SalabhGoyal
NikhilTilwani,SalabhGoyal
AbhilashMirji,SalabhGoyal
UtkarshDubey,SalabhGoyal
RaunakSinghal,SalabhGoyal
HarshaDutta,SalabhGoyal
VivekhPrabakaran,SalabhGoyal
PavanKate,SalabhGoyal
SiddharthDash1,SalabhGoyal
NelakuduruVineeth,SalabhGoyal
NamanBafna,SalabhGoyal
rishabhsaraswat,SalabhGoyal
GokulNathSridhar,SalabhGoyal
PratikJayaswal,SalabhGoyal
GunjeshSingh,SalabhGoyal
MurariVarma,SalabhGoyal
Kalyankarthik,SalabhGoyal
RahmanAbdur,SalabhGoyal
NitinMythreya,SalabhGoyal
ChiragGarg3,SalabhGoyal
KaranGarg,SalabhGoyal
RaghavenderSahdev,SalabhGoyal
ARCHITASAHU,SalabhGoyal
ArvindSunder,SalabhGoyal
SuryaPrathap,SalabhGoyal
PraddyumanRungta,SalabhGoyal
SnehansuPradhan,SalabhGoyal
SaumyaVerma4,SalabhGoyal
AbhiramChavali,SalabhGoyal
HariPriyaRachakonda,SalabhGoyal
RajatKapoor,SalabhGoyal
SiddharthMishra,SalabhGoyal
WaliaShubham,SalabhGoyal
VamsiMohan3,SalabhGoyal
PushkarPrasun,SalabhGoyal
likithnadella,SalabhGoyal
AkhileshSharma1,SalabhGoyal
SumirKapur,SalabhGoyal
AnchalJaiswal,SalabhGoyal
AvinashAman,SalabhGoyal
AashishVyas,SalabhGoyal
DakshSharma,SalabhGoyal
DheerajPeri,SalabhGoyal
AshutoshSarda,SalabhGoyal
KarthikBuddha,SalabhGoyal
SrijanPathak,SalabhGoyal
DavidCropley,HariKrishnaUpadhyayula
ShravyaLahari,HariKrishnaUpadhyayula
AnirudhNelabhotla,HariKrishnaUpadhyayula
ChanduParimi,HariKrishnaUpadhyayula
AmritPal,HariKrishnaUpadhyayula
AnoopKarnik,HariKrishnaUpadhyayula
SudheerVazrapu,HariKrishnaUpadhyayula
TrishaMitra,HariKrishnaUpadhyayula
SrikantBharadwaj,HariKrishnaUpadhyayula
NikhilJones,HariKrishnaUpadhyayula
SwethaNimmagadda,HariKrishnaUpadhyayula
NitinSamuel,HariKrishnaUpadhyayula
SaiPadmanabhuni,HariKrishnaUpadhyayula
SriPrakyathIyyapu,HariKrishnaUpadhyayula
UtkarshDubey,HariKrishnaUpadhyayula
saileshkondraganti,HariKrishnaUpadhyayula
SuryaKlsv,HariKrishnaUpadhyayula
ShubhamJain85,HariKrishnaUpadhyayula
varunkumarreddygoli,HariKrishnaUpadhyayula
GokulNathSridhar,HariKrishnaUpadhyayula
BiswaPrasannaMishra,HariKrishnaUpadhyayula
SwamyIdln,HariKrishnaUpadhyayula
SoumyaMohapatra,HariKrishnaUpadhyayula
RathishArumugam,HariKrishnaUpadhyayula
JeevanRomee,HariKrishnaUpadhyayula
ShankarVenkatraman,HariKrishnaUpadhyayula
viveknimbarmunde,HariKrishnaUpadhyayula
SashankaPaladugu,HariKrishnaUpadhyayula
AnvithaAdhikarla,HariKrishnaUpadhyayula
TejeshwarSingh,HariKrishnaUpadhyayula
VikasKanukollu,HariKrishnaUpadhyayula
VijayKumar,HariKrishnaUpadhyayula
PushkarPrasun,HariKrishnaUpadhyayula
ChandraVikas,HariKrishnaUpadhyayula
KatragaddaAvinash,HariKrishnaUpadhyayula
KodakandlaAvinash,HariKrishnaUpadhyayula
VenkataSriramaKrishnaTejaKonduri,HariKrishnaUpadhyayula
AkshayAnanthakrishnan,HariKrishnaUpadhyayula
JiteshVarandani,HariKrishnaUpadhyayula
DineshKumarDasari,HariKrishnaUpadhyayula
AkhileshSharma1,HariKrishnaUpadhyayula
RahulThakur28,HariKrishnaUpadhyayula
SampathVelaga,HariKrishnaUpadhyayula
SudharsanVeeravalli,HariKrishnaUpadhyayula
RishiPatel,HariKrishnaUpadhyayula
RavitejaBhagi,HariKrishnaUpadhyayula
DamacharlaSnehankita,HariKrishnaUpadhyayula
ashishshukla,HariKrishnaUpadhyayula
AbhinavChoudhury,HariKrishnaUpadhyayula
AbhijeetPendyala,HariKrishnaUpadhyayula
SumanthGottipati,HariKrishnaUpadhyayula
VishalSinha,HariKrishnaUpadhyayula
AnupPampari,HariKrishnaUpadhyayula
ManojMantoj,HariKrishnaUpadhyayula
PasumarthiSandeep,HariKrishnaUpadhyayula
AshishSarda,HariKrishnaUpadhyayula
NaveenReddyYedla,HariKrishnaUpadhyayula
KranthiAileni,HariKrishnaUpadhyayula
BalasubrahmanyamDevulapalli,HariKrishnaUpadhyayula
VidhiJobanputra,HariKrishnaUpadhyayula
EswaraSai,SnehansuPradhan
ChinmayaPatnayak,SnehansuPradhan
SrikanthSuresh,SnehansuPradhan
AnoopKarnik,SnehansuPradhan
MukherjeeAbhinav,SnehansuPradhan
ananthkotti,SnehansuPradhan
SudheerVazrapu,SnehansuPradhan
RAHULBASU,SnehansuPradhan
ShantanuKallakuri,SnehansuPradhan
RaiHimanshu,SnehansuPradhan
MitulGirotra,SnehansuPradhan
GaneshAshwin,SnehansuPradhan
SrikantBharadwaj,SnehansuPradhan
MonaliMonalisa,SnehansuPradhan
SahuAbhipsa,SnehansuPradhan
AmrithaJayadev,SnehansuPradhan
VaibhavKumar44,SnehansuPradhan
UtkarshDubey,SnehansuPradhan
VikasKotha,SnehansuPradhan
RaunakSinghal,SnehansuPradhan
RahulDubey22,SnehansuPradhan
ShubhamJain85,SnehansuPradhan
PrashantLalwani,SnehansuPradhan
NamanBafna,SnehansuPradhan
KaustubhaPanda,SnehansuPradhan
SaiTripathy,SnehansuPradhan
nabeelahmed,SnehansuPradhan
saitejakarnati,SnehansuPradhan
PrudhviReddy3,SnehansuPradhan
RahmanAbdur,SnehansuPradhan
NitinMythreya,SnehansuPradhan
MohitJain,SnehansuPradhan
SalabhGoyal,SnehansuPradhan
ApoorvaMusunuri,SnehansuPradhan
JeevanRomee,SnehansuPradhan
AbhijeetMulugu,SnehansuPradhan
VenkateshMundada,SnehansuPradhan
SaumyaVerma4,SnehansuPradhan
KeerthanaJetty,SnehansuPradhan
ChowdharySaiPriya,SnehansuPradhan
SrimanthChaudari,SnehansuPradhan
KuroTenshi,SnehansuPradhan
BibhaNayak,SnehansuPradhan
AkashAchanta,SnehansuPradhan
HemaangKotta,SnehansuPradhan
PushkarPrasun,SnehansuPradhan
SatyaNarayanDas,SnehansuPradhan
SreejaReddy1,SnehansuPradhan
RushabhAgrawal,SnehansuPradhan
PiyushPritam,SnehansuPradhan
PiyushPasari,SnehansuPradhan
VishakaThekkedath,SnehansuPradhan
MSombansh,SnehansuPradhan
DamacharlaSnehankita,SnehansuPradhan
SamrinJalal,SnehansuPradhan
KarthikBuddha,SnehansuPradhan
AshutoshSarda,SnehansuPradhan
PranaviReddy1,SnehansuPradhan
ArjunVijayvargiya,SnehansuPradhan
,SnehansuPradhan
EswaraSai,RakeshSaripalli
ChinmayaPatnayak,RakeshSaripalli
KalyanPingali,RakeshSaripalli
SudheerVazrapu,RakeshSaripalli
ShantanuKallakuri,RakeshSaripalli
PrasanthAkki,RakeshSaripalli
SuryaPabbisetty,RakeshSaripalli
SrikantBharadwaj,RakeshSaripalli
VinayakVR,RakeshSaripalli
SwethaNimmagadda,RakeshSaripalli
PraneethSmk,RakeshSaripalli
AmrithaJayadev,RakeshSaripalli
SaiPadmanabhuni,RakeshSaripalli
SatyaJulakanti,RakeshSaripalli
FaisalAhmad3,RakeshSaripalli
HarshaDutta,RakeshSaripalli
SarthakGhosh,RakeshSaripalli
NishantMaloo,RakeshSaripalli
ChandraSandeep1,RakeshSaripalli
ShubhamJain85,RakeshSaripalli
AdityaKumar,RakeshSaripalli
VinodhReddyChennu,RakeshSaripalli
PrudhviReddy3,RakeshSaripalli
NitinMythreya,RakeshSaripalli
PraddyumanRungta,RakeshSaripalli
VishwanthkumarVankadari,RakeshSaripalli
SriHarsha,RakeshSaripalli
AbhiramChavali,RakeshSaripalli
JaidiJeevan,RakeshSaripalli
ChowdharySaiPriya,RakeshSaripalli
SaiRaghuVamsi,RakeshSaripalli
SharathJ,RakeshSaripalli
bhargavaramkanda,RakeshSaripalli
VishvanathFalegaonkar,RakeshSaripalli
ShivaReisende,RakeshSaripalli
ChandraVikas,RakeshSaripalli
AmanGupta,RakeshSaripalli
VarunChappidi,RakeshSaripalli
RahulThakur28,RakeshSaripalli
KirubaharanJeremiah,RakeshSaripalli
RishiPatel,RakeshSaripalli
SankalpGupta1,RakeshSaripalli
SajunPrasad,RakeshSaripalli
ShreejitKunjir,RakeshSaripalli
AshokNaren,RakeshSaripalli
DheerajSwamy,RakeshSaripalli
PankajKabiraa,RakeshSaripalli
MrudulNekkanti,RakeshSaripalli
HarshalKate,RakeshSaripalli
SivaMuthuPrakash,RakeshSaripalli
SeemaRavandale,RakeshSaripalli
SrinivasaPrakashRegalla,RakeshSaripalli
ParthGupta9,RakeshSaripalli
VenkateshBirada,RakeshSaripalli
AsmithaVanaparthi,RakeshSaripalli
RohitGuleria,RakeshSaripalli
SampathVelugotla,RakeshSaripalli
NarasimhaSaiSangapu,RakeshSaripalli
ShyamPv,RakeshSaripalli
HemanthKumar89,RakeshSaripalli
jckuri,NareshShah
MallikarjunKarra,NareshShah
TIOEE,NareshShah
AmritPal,NareshShah
VasanArunachalam,NareshShah
SudheerVazrapu,NareshShah
ThiruvikramanKandhadai,NareshShah
MitulGirotra,NareshShah
RahulSeth,NareshShah
udayashreyas,NareshShah
SaiPadmanabhuni,NareshShah
FaisalAhmad3,NareshShah
AnirudhVKrishnan,NareshShah
UtkarshDubey,NareshShah
saileshkondraganti,NareshShah
SuryaKlsv,NareshShah
AmalDatta,NareshShah
varunkumarreddygoli,NareshShah
DanishAhmadKhan,NareshShah
ParitoshDande,NareshShah
AshishPiplani,NareshShah
PranavRamarao,NareshShah
krishnakarthick,NareshShah
SwamyIdln,NareshShah
nabeelahmed,NareshShah
SivaPrasad78,NareshShah
VineethDasaraju,NareshShah
umeshr,NareshShah
balakoteshwar,NareshShah
AbhisekMohanty,NareshShah
SandeepGoli,NareshShah
SrinivasVadrevu,NareshShah
RathishArumugam,NareshShah
KaranGarg,NareshShah
SiddharthaGarud,NareshShah
viveknimbarmunde,NareshShah
ashokanand,NareshShah
KaranThakkar,NareshShah
SashankaPaladugu,NareshShah
akashraj,NareshShah
karanvijay,NareshShah
SaiRaghuVamsi,NareshShah
JoshiAnirudh,NareshShah
PrasannaJoshi,NareshShah
SiddharthSrivastav,NareshShah
VinayakSuman,NareshShah
SiddardhGouri,NareshShah
YeswanthDevisetty,NareshShah
ABHISHEKANAND,NareshShah
NitishNayak,NareshShah
AnishReddy,NareshShah
KodakandlaAvinash,NareshShah
AkshayAnanthakrishnan,NareshShah
RahulThakur28,NareshShah
VictorLondo,NareshShah
SoumyaGanguly,NareshShah
viriyalaprakhyath,NareshShah
KsAditya,NareshShah
SinghAnubhav,NareshShah
rohitkandula,NareshShah
srikanthpotnuru,saileshkondraganti
DrNatarajanBR,saileshkondraganti
NiwaTama,saileshkondraganti
AmritPal,saileshkondraganti
VasanArunachalam,saileshkondraganti
HemantSahal,saileshkondraganti
SandeshMareddy,saileshkondraganti
SrikantBharadwaj,saileshkondraganti
NitinSamuel,saileshkondraganti
SaiPadmanabhuni,saileshkondraganti
prudhvipotuganti,saileshkondraganti
srinivasaadityapatimalla,saileshkondraganti
RajendraKolli,saileshkondraganti
CongNguyen,saileshkondraganti
srinivasnagmandali,saileshkondraganti
ramanareddymaddirala,saileshkondraganti
AbhinaySali,saileshkondraganti
SandeepDevarapalli,saileshkondraganti
mkchaitanya,saileshkondraganti
varunkumarreddygoli,saileshkondraganti
jigneshtalasila,saileshkondraganti
AjitPrabhakar,saileshkondraganti
RohitCh,saileshkondraganti
krishnakarthick,saileshkondraganti
RahulShityalkar,saileshkondraganti
nabeelahmed,saileshkondraganti
SwamyIdln,saileshkondraganti
NavyaSahithi,saileshkondraganti
balakoteshwar,saileshkondraganti
DakojuNataraj,saileshkondraganti
RathishArumugam,saileshkondraganti
DeepakChandrasekaren,saileshkondraganti
HariKrishnaUpadhyayula,saileshkondraganti
SashankaPaladugu,saileshkondraganti
pavankumarreddy7,saileshkondraganti
SivaEdupuganti,saileshkondraganti
MounikaTekula,saileshkondraganti
RavichandraPothamsetty,saileshkondraganti
SravanBabuBodapati,saileshkondraganti
HariomAggrawal,saileshkondraganti
KumarrRathnam,saileshkondraganti
MukundJha5,saileshkondraganti
SiddardhGouri,saileshkondraganti
YeswanthDevisetty,saileshkondraganti
ycelsahilliolu,saileshkondraganti
suryajaisankarjaisankar,saileshkondraganti
TurlapatykarthikSharma,saileshkondraganti
KoushikSai,saileshkondraganti
KodakandlaAvinash,saileshkondraganti
AkshayAnanthakrishnan,saileshkondraganti
DineshKumarDasari,saileshkondraganti
PragyanNanda,saileshkondraganti
RahulThakur28,saileshkondraganti
AnkushVashisht,saileshkondraganti
SavyasacheeJha,saileshkondraganti
DhivyaKumar,saileshkondraganti
NehaRevari,saileshkondraganti
ParitaRathi,saileshkondraganti
RustamMalik,saileshkondraganti
AkshaySinghal,saileshkondraganti
ApoorvIngle,MitaliVavre
MaitreyiYellapragada,MitaliVavre
HabeebKhan,MitaliVavre
NeelakshiRathore,MitaliVavre
sachinadusumilli,MitaliVavre
JayvardhansinhRathod,MitaliVavre
NakulGote,MitaliVavre
RekhaLamichhane,MitaliVavre
PrathameshKubal,MitaliVavre
ShrabanaDas,MitaliVavre
AkshitShah,MitaliVavre
NinadSethi,MitaliVavre
SrikantBharadwaj,MitaliVavre
RestoreHeritage,MitaliVavre
KISHORJOGLEKAR,MitaliVavre
PranayTode,MitaliVavre
DevanshuMarwah,MitaliVavre
MukeshRay,MitaliVavre
SagarGuldekar,MitaliVavre
GouthamKonka,MitaliVavre
VilasBakde,MitaliVavre
AnchalAgrawal,MitaliVavre
AbhikBorgohain,MitaliVavre
SmitaKhan,MitaliVavre
ArchanaSakharwade,MitaliVavre
ShailendraPatil,MitaliVavre
SushilChaudhary,MitaliVavre
AngadWarang,MitaliVavre
sandeeplal,MitaliVavre
DheerajDasyam,MitaliVavre
AmalAnto,MitaliVavre
ajinkyajoshi,MitaliVavre
VivekVishwakarma,MitaliVavre
ninadbhagwat,MitaliVavre
NoopurDas,MitaliVavre
SurabhiShakkarwar,MitaliVavre
SwapnilChaudhari,MitaliVavre
soundaryajupudi,MitaliVavre
VarshaRV,MitaliVavre
MuditBeri,MitaliVavre
VLahoti,MitaliVavre
PrachiMendhe,MitaliVavre
ShashankNashine,MitaliVavre
PoojaManian,MitaliVavre
RohitLahoti,MitaliVavre
ShwetaPotdar,MitaliVavre
KasturiPaithankar,MitaliVavre
PRajani,MitaliVavre
PankajRanjan,MitaliVavre
reshmaphilip2,MitaliVavre
AdityaDalal,MitaliVavre
KumarPrashant,MitaliVavre
VaishaliRajurkar,MitaliVavre
PrashikGanvir,MitaliVavre
nehapradhan,MitaliVavre
AbhishekSorampuri,MitaliVavre
KaustubhGohokar,MitaliVavre
ManishManohare,MitaliVavre
YogeshPartapSingh,MitaliVavre
DhruvSonowal,MitaliVavre
PawanJeph,SKousalRaj
VaibhavYadav,SKousalRaj
AgarwalDeepanshu,SKousalRaj
AgniveshMangal,SKousalRaj
AishwaryaChaturvedi,SKousalRaj
AnkushGoyal7,SKousalRaj
PrakharArora,SKousalRaj
PrateekKulhari,SKousalRaj
BaranidharanMohan,SKousalRaj
GoelParth,SKousalRaj
RohitJain53,SKousalRaj
AbhishekBharti,SKousalRaj
AakashGupta,SKousalRaj
AniruddhJammoria,SKousalRaj
DaziBonal,SKousalRaj
SrikantBharadwaj,SKousalRaj
RohanAnand,SKousalRaj
ArnavKapur,SKousalRaj
GGautam,SKousalRaj
RaghavAggarwal,SKousalRaj
SumanthChinthala,SKousalRaj
SudeeptoMajumdar,SKousalRaj
MohitChoudhary5,SKousalRaj
AnuragTiwari5,SKousalRaj
DeepakMohan,SKousalRaj
garimabasumatary,SKousalRaj
VikranthReddy,SKousalRaj
SherjilOzair,SKousalRaj
SanjuAhuja,SKousalRaj
RaviRanjan,SKousalRaj
SaurabhGupta5,SKousalRaj
AnandPoonia,SKousalRaj
akashprakash,SKousalRaj
SaketMehta,SKousalRaj
AakanshGupta,SKousalRaj
MayuriChowdhary,SKousalRaj
AbhayParameswar,SKousalRaj
AmanVerma3,SKousalRaj
PrateekGupta,SKousalRaj
JainAnmol,SKousalRaj
GowthamRagavendar,SKousalRaj
AnshulKumawat,SKousalRaj
DivyaYadav,SKousalRaj
ShashankKarnawat,SKousalRaj
MayankBhardwaj,SKousalRaj
AbhimanueJalan,SKousalRaj
NitinVishen,SKousalRaj
RajatSurana,SKousalRaj
DivyanshuMund,SKousalRaj
VermaNitesh,SKousalRaj
AnirudhPatir,SKousalRaj
SathiyaseelanRengaraju,SKousalRaj
PulkitChauhan,SKousalRaj
,SKousalRaj
RonakZala,SKousalRaj
AnimeshBanerjee,SKousalRaj
VaragunapandiyanNatarajan,SKousalRaj
ShabeelPMohammed,SKousalRaj
SiddhantMalviya,SKousalRaj
NikhilKhetan,SKousalRaj
RajeshSanap,AbhileshDhawanjewar
ShashankDalvi,AbhileshDhawanjewar
AnubhavDas,AbhileshDhawanjewar
OvalekarWadi,AbhileshDhawanjewar
VivekSharma,AbhileshDhawanjewar
SaurabhSawant,AbhileshDhawanjewar
AshokSengupta,AbhileshDhawanjewar
SandeepVarma,AbhileshDhawanjewar
AnuragMishra,AbhileshDhawanjewar
SaunakPal,AbhileshDhawanjewar
RohanChakravarty,AbhileshDhawanjewar
AsiemSanyal,AbhileshDhawanjewar
PraveenKochuvila,AbhileshDhawanjewar
SagarikaGangopadhyay,AbhileshDhawanjewar
SrikantBharadwaj,AbhileshDhawanjewar
KarmakarTarun,AbhileshDhawanjewar
SumitDiwanji,AbhileshDhawanjewar
SyamAmreeta,AbhileshDhawanjewar
himanshuchhattani,AbhileshDhawanjewar
ChintanSheth,AbhileshDhawanjewar
AniruddhaMarathe,AbhileshDhawanjewar
DhruvSharma,AbhileshDhawanjewar
PrathameshGhadekar,AbhileshDhawanjewar
AnmolSherBedi,AbhileshDhawanjewar
DhirenBalasaria,AbhileshDhawanjewar
LakshmiDwivedi,AbhileshDhawanjewar
GuruAkash,AbhileshDhawanjewar
DeepamKedia,AbhileshDhawanjewar
GarimaNaidu,AbhileshDhawanjewar
RadhikaSangani,AbhileshDhawanjewar
VedantThite,AbhileshDhawanjewar
MoreAnuj,AbhileshDhawanjewar
KesavaPhaneendraCh,AbhileshDhawanjewar
RiteshRaghavan,AbhileshDhawanjewar
NitikaDuggal,AbhileshDhawanjewar
KaustavMajhi,AbhileshDhawanjewar
AparnaRamesh,AbhileshDhawanjewar
AnujBisht,AbhileshDhawanjewar
AjayTiwary,AbhileshDhawanjewar
TusharParab,AbhileshDhawanjewar
PratyushKumarMishra,AbhileshDhawanjewar
JatinKumar,AbhileshDhawanjewar
AvinashDeoskar,AbhileshDhawanjewar
YashSondhi,AbhileshDhawanjewar
SidhantSeth,AbhileshDhawanjewar
DhawalSamaria,AbhileshDhawanjewar
DEVIKADAYANANDAN,AbhileshDhawanjewar
PiyushBhagdikar,AbhileshDhawanjewar
SaudaminiV,AbhileshDhawanjewar
KaustavDey,AbhileshDhawanjewar
MihirKulkarni,AbhileshDhawanjewar
NishadMandlik,AbhileshDhawanjewar
SiddharthJoshi,AbhileshDhawanjewar
AbhinavDeshpande,AbhileshDhawanjewar
AnandRaj,AbhileshDhawanjewar
SafeerKM,AbhileshDhawanjewar
AritraMisra,AbhileshDhawanjewar
VikashKumar13,AbhileshDhawanjewar
RavindraPalavalliNettimi,AbhileshDhawanjewar
VikasNegi,AbhileshDhawanjewar
DrNatarajanBR,GokulNathSridhar
MartinBerka,GokulNathSridhar
GarvMalik,GokulNathSridhar
EswaraSai,GokulNathSridhar
KalikaBansal,GokulNathSridhar
ShravyaLahari,GokulNathSridhar
AmritPal,GokulNathSridhar
SrikanthSuresh,GokulNathSridhar
VasanArunachalam,GokulNathSridhar
MitulGirotra,GokulNathSridhar
GaneshAshwin,GokulNathSridhar
SrikantBharadwaj,GokulNathSridhar
NikhilJones,GokulNathSridhar
ChendurKumaran,GokulNathSridhar
SaiPadmanabhuni,GokulNathSridhar
SriPrakyathIyyapu,GokulNathSridhar
SuryaKlsv,GokulNathSridhar
SidharthSai,GokulNathSridhar
ShubhamJain85,GokulNathSridhar
HEMACHANDRANChandran,GokulNathSridhar
BiswaPrasannaMishra,GokulNathSridhar
HemantArora2,GokulNathSridhar
nabeelahmed,GokulNathSridhar
SwamyIdln,GokulNathSridhar
AvaniParekh,GokulNathSridhar
RathishArumugam,GokulNathSridhar
SalabhGoyal,GokulNathSridhar
ArunKumar,GokulNathSridhar
viveknimbarmunde,GokulNathSridhar
HariKrishnaUpadhyayula,GokulNathSridhar
ShreyasAthreya,GokulNathSridhar
SethuKalidhasan,GokulNathSridhar
AnvithaAdhikarla,GokulNathSridhar
AnubhavChakraborty,GokulNathSridhar
SakshamPhul,GokulNathSridhar
PratheekPs,GokulNathSridhar
ManikanthDevarakonda,GokulNathSridhar
SriramSuruliandi,GokulNathSridhar
JaidiJeevan,GokulNathSridhar
SachinShaju,GokulNathSridhar
YasirKhan,GokulNathSridhar
AjayKhaitan,GokulNathSridhar
PrahadeeshG,GokulNathSridhar
WaliaShubham,GokulNathSridhar
GunavelanAnandharaj,GokulNathSridhar
AravindKarthik,GokulNathSridhar
ChandraVikas,GokulNathSridhar
SreeYeshwanthBadugu,GokulNathSridhar
AkhileshSharma1,GokulNathSridhar
SudharsanVeeravalli,GokulNathSridhar
SampathVelaga,GokulNathSridhar
NandhiniPandian,GokulNathSridhar
BoobalanGnanasekaran,GokulNathSridhar
AditiShrivastava,GokulNathSridhar
RishiPatel,GokulNathSridhar
SriramKrishnaswamy,GokulNathSridhar
RavitejaBhagi,GokulNathSridhar
MohamoudHanif,GokulNathSridhar
KavyaMohan,GokulNathSridhar
ashishshukla,GokulNathSridhar
SuvonilChatterjee,AmitvikramDutta
TamaghnaHazra,AmitvikramDutta
RoyRituraj,AmitvikramDutta
pritamroy,AmitvikramDutta
eterbira,AmitvikramDutta
MazumdarS,AmitvikramDutta
AbhshkGhosh,AmitvikramDutta
ArkadeepKumar,AmitvikramDutta
ChinmayeeBhamburkar,AmitvikramDutta
SrikantBharadwaj,AmitvikramDutta
RathiTushar,AmitvikramDutta
LohiUppalapati,AmitvikramDutta
ArchitRaheja,AmitvikramDutta
NitishPratik,AmitvikramDutta
DibyenduDutta,AmitvikramDutta
SreyaDatta,AmitvikramDutta
KunalSaluja,AmitvikramDutta
SiddhantShrivastava,AmitvikramDutta
SumitBinnani,AmitvikramDutta
UtsaTalapatra,AmitvikramDutta
AvishekGhosh,AmitvikramDutta
AnubhaKaushik,AmitvikramDutta
VrashaliKhandelwal,AmitvikramDutta
AmanKumar,AmitvikramDutta
DivyaManek,AmitvikramDutta
OindrilaDuttagupta,AmitvikramDutta
ShubhamMehta7,AmitvikramDutta
MohinishJoshi,AmitvikramDutta
AvishekSaha,AmitvikramDutta
TARUTALGHOSHMONDAL,AmitvikramDutta
ArushiPrakash,AmitvikramDutta
SwatiAgrawal18,AmitvikramDutta
KaustavMajhi,AmitvikramDutta
AraniPan,AmitvikramDutta
ShiladityaKar,AmitvikramDutta
anushuyaghosh,AmitvikramDutta
aritraguha,AmitvikramDutta
AnnuSharma,AmitvikramDutta
AseemDua,AmitvikramDutta
GargPooja,AmitvikramDutta
KuheliJati,AmitvikramDutta
AkshaySharma7,AmitvikramDutta
BasuSayan,AmitvikramDutta
NehaSingh,AmitvikramDutta
SahaNilanjana,AmitvikramDutta
SenTitash,AmitvikramDutta
NehaSingh,AmitvikramDutta
yashjain,AmitvikramDutta
MansiGupta3,AmitvikramDutta
DChattopadhyay,AmitvikramDutta
AkankSha,AmitvikramDutta
RupalGupta,AmitvikramDutta
AbhaMaini,AmitvikramDutta
SomjiShukla,AmitvikramDutta
DeeprajSarmah,AmitvikramDutta
ShreyaInamdar,AmitvikramDutta
ChetanChopra,AmitvikramDutta
VintiArora,AmitvikramDutta
AbhishekKumar,AmitvikramDutta
MadhurimaBiswas,AmitvikramDutta
AlSouza,IJESAJournal
AMaeir,IJESAJournal
chiemeleakoma,IJESAJournal
NiravDesai,IJESAJournal
IjngnJournal,IJESAJournal
AhmedTealeb,IJESAJournal
YogiUdjaja,IJESAJournal
VincenzoDeFlorio,IJESAJournal
BrendaBannan,IJESAJournal
BenyAbdurrahman,IJESAJournal
JeremiahSpence,IJESAJournal
DanielVolpato,IJESAJournal
AddieIrawanHashim,IJESAJournal
MainardoGaudenziAsinelli,IJESAJournal
SandeepSinghSolanki,IJESAJournal
DrAdamuMurtalaZungeru,IJESAJournal
InternationalJournalofAdvancesinMaterialsScienceandEngineeringIJAMSE,IJESAJournal
ijitmcjournal,IJESAJournal
IJPLAJournal,IJESAJournal
JonathanOchs,IJESAJournal
zgecanDengiz,IJESAJournal
JoseMPalomares,IJESAJournal
AmbujMishra,IJESAJournal
journalijnsa,IJESAJournal
RudraPratapOjha,IJESAJournal
ImeneSghaier,IJESAJournal
SevdanurGENC,IJESAJournal
KnArfGalvanZevallos,IJESAJournal
MarkAnthonyCabilo,IJESAJournal
AnkurRathi,IJESAJournal
SamiJamal,IJESAJournal
RohitashchandraBhensle,IJESAJournal
KasunSamarasiri,IJESAJournal
MuhammadEhtasham,IJESAJournal
BeingJeevan,IJESAJournal
SandeepSunny,IJESAJournal
FernandoLichtschein,IJESAJournal
ManojKumarSingh,IJESAJournal
YanniToutou,IJESAJournal
MiguelMiik,IJESAJournal
balsamkhojah,IJESAJournal
SarahMirzavandB,IJESAJournal
nshiva,IJESAJournal
ToyoAyeni,IJESAJournal
FranciscoJoseEstevezOrtiz,IJESAJournal
CansuKarabeyoglu,IJESAJournal
saadmotahhir,IJESAJournal
OliverAGubler,IJESAJournal
MohamedAtri,IJESAJournal
VarunKaushik,IJESAJournal
HakimFadili,IJESAJournal
NassarChakir,IJESAJournal
IvaDraganovska,IJESAJournal
ClaudioLucianaz,IJESAJournal
TachaNega,IJESAJournal
PrashanthRShrimankar,IJESAJournal
SilvanoBertoldo,IJESAJournal
MarcoAllegretti,IJESAJournal
AminKhajeh,IJESAJournal
sankarS,IJESAJournal
GarvMalik,AkshayBhat
ChinmayaPatnayak,AkshayBhat
SaumyaJain,AkshayBhat
HarshaAechuri,AkshayBhat
ThiruvikramanKandhadai,AkshayBhat
PrasanthAkki,AkshayBhat
SuryaPabbisetty,AkshayBhat
SrikantBharadwaj,AkshayBhat
DeepthiMeduri,AkshayBhat
ShriyaPallerla,AkshayBhat
VikasKotha,AkshayBhat
LAdithya,AkshayBhat
PriyaChowdhary,AkshayBhat
SiddharthDash1,AkshayBhat
HridyeshTewani,AkshayBhat
SaitejaPasula,AkshayBhat
PrashantLalwani,AkshayBhat
ApurvaVerma2,AkshayBhat
KomalAgrawal,AkshayBhat
AdityaKumar,AkshayBhat
AnilTalari,AkshayBhat
SomyaAgarwal,AkshayBhat
KaranGarg,AkshayBhat
ChiragGarg3,AkshayBhat
MohitJain,AkshayBhat
KartheekManavarthi,AkshayBhat
ArvindSunder,AkshayBhat
AbhijeetMulugu,AkshayBhat
SaumyaVerma4,AkshayBhat
GuptaChavi,AkshayBhat
MuditJain,AkshayBhat
SrimanthChaudari,AkshayBhat
SankethVedula,AkshayBhat
AdityaKhandelwal1,AkshayBhat
ShivamMittal4,AkshayBhat
DheerajKumar,AkshayBhat
ShashanthRV,AkshayBhat
AnshikBansal,AkshayBhat
MeetShah7,AkshayBhat
RaunakSharma,AkshayBhat
VinayDevulapalli,AkshayBhat
PrachiChandak,AkshayBhat
DheerajVarmaManthena,AkshayBhat
VasundharaKoppisetty,AkshayBhat
DeepshaJain,AkshayBhat
AkashSingh66,AkshayBhat
SudarshanRao,AkshayBhat
GunjitKandpal,AkshayBhat
SreeharipriyaGarikipati,AkshayBhat
AnanthKrishna3,AkshayBhat
PriyadarshiniSundar,AkshayBhat
LakshaySethi,AkshayBhat
SnehaKhaitan,AkshayBhat
SaumitraTiwari,AkshayBhat
VaibhavGupta47,AkshayBhat
UtkarshPhutela,AkshayBhat
RakshikaBagavathy,AkshayBhat
RameyGirdhar,AkshayBhat
YashAgarwal14,AkshayBhat
NagarjunaNag,AkshayBhat
EswaraSai,PraveenVelicheti
HarshaAechuri,PraveenVelicheti
AnoopKarnik,PraveenVelicheti
ananthkotti,PraveenVelicheti
SuryaPabbisetty,PraveenVelicheti
GaneshAshwin,PraveenVelicheti
SrikantBharadwaj,PraveenVelicheti
DeepthiMeduri,PraveenVelicheti
PraneethSmk,PraveenVelicheti
DivyaPravallika,PraveenVelicheti
SatyaJulakanti,PraveenVelicheti
VikasKotha,PraveenVelicheti
LAdithya,PraveenVelicheti
SidharthSai,PraveenVelicheti
ChandraSandeep1,PraveenVelicheti
SaitejaPasula,PraveenVelicheti
ApurvaVerma2,PraveenVelicheti
VinodhReddyChennu,PraveenVelicheti
VirinchiChilukuri,PraveenVelicheti
RahmanAbdur,PraveenVelicheti
AkhilCh,PraveenVelicheti
KartheekManavarthi,PraveenVelicheti
SuryaPrathap,PraveenVelicheti
DivyaAnnavajjula,PraveenVelicheti
SrimanthChaudari,PraveenVelicheti
SwagatReddy,PraveenVelicheti
SankethVedula,PraveenVelicheti
AkashAchanta,PraveenVelicheti
HemaangKotta,PraveenVelicheti
SwarnaSaiGopiNihal,PraveenVelicheti
ShubiAgarwal,PraveenVelicheti
ManitejaNandana,PraveenVelicheti
RajaReddy15,PraveenVelicheti
DheerajVarmaManthena,PraveenVelicheti
HemanthaChowdary,PraveenVelicheti
VinayKumar103,PraveenVelicheti
SaumyaPatnaik,PraveenVelicheti
HemaVenusha,PraveenVelicheti
ReddyCharith,PraveenVelicheti
SuryaThogaru,PraveenVelicheti
CGarimella,PraveenVelicheti
PrithviVelicheti,PraveenVelicheti
AbhaySrinivas,PraveenVelicheti
JahnaviParni,PraveenVelicheti
DivyaKanikala,PraveenVelicheti
AbhijeetPasumarthy,PraveenVelicheti
RaviChandraMoturi,PraveenVelicheti
SnehithBudime,PraveenVelicheti
NagarjunaNag,PraveenVelicheti
KinjalJain,PraveenVelicheti
SushanthSai,PraveenVelicheti
JyotirmayaPatra,PraveenVelicheti
BharathReddyRondla,PraveenVelicheti
NarendraMohan,PraveenVelicheti
vrahul12,PraveenVelicheti
Hemanthtaliya,PraveenVelicheti
MridulMeena,PraveenVelicheti
KodaliKamalakar,PraveenVelicheti
ShravyaMylavarapu,PraveenVelicheti
SaiSankeerth,PraveenVelicheti
EswaraSai,VenkateshMundada
SrikanthSuresh,VenkateshMundada
eterbira,VenkateshMundada
MukherjeeAbhinav,VenkateshMundada
ananthkotti,VenkateshMundada
KalyanPingali,VenkateshMundada
ThiruvikramanKandhadai,VenkateshMundada
AntarikshaYelkawar,VenkateshMundada
RaiHimanshu,VenkateshMundada
MitulGirotra,VenkateshMundada
SrikantBharadwaj,VenkateshMundada
AmrithaJayadev,VenkateshMundada
DivyaPravallika,VenkateshMundada
VaibhavKumar44,VenkateshMundada
AbhilashMirji,VenkateshMundada
UtkarshDubey,VenkateshMundada
RaunakSinghal,VenkateshMundada
HarshaDutta,VenkateshMundada
RahulDubey22,VenkateshMundada
VivekhPrabakaran,VenkateshMundada
PavanKate,VenkateshMundada
SiddharthDash1,VenkateshMundada
NamanBafna,VenkateshMundada
rishabhsaraswat,VenkateshMundada
PratikJayaswal,VenkateshMundada
GunjeshSingh,VenkateshMundada
HemantArora2,VenkateshMundada
ManojMadabhushi,VenkateshMundada
VinodhReddyChennu,VenkateshMundada
PrudhviReddy3,VenkateshMundada
VisishtaKarasani,VenkateshMundada
rajatsaxena,VenkateshMundada
RahmanAbdur,VenkateshMundada
ReddyAvinash,VenkateshMundada
NitinMythreya,VenkateshMundada
ChiragGarg3,VenkateshMundada
KaranGarg,VenkateshMundada
ArvindSunder,VenkateshMundada
SuryaPrathap,VenkateshMundada
PraddyumanRungta,VenkateshMundada
SnehansuPradhan,VenkateshMundada
VishwanthkumarVankadari,VenkateshMundada
akashraj,VenkateshMundada
JayantNarayan,VenkateshMundada
AbhiramChavali,VenkateshMundada
ChowdharySaiPriya,VenkateshMundada
SiddharthMishra,VenkateshMundada
TejeshwarSingh,VenkateshMundada
AkshithAnand,VenkateshMundada
NehaJawalkar,VenkateshMundada
VamsiMohan3,VenkateshMundada
PushkarPrasun,VenkateshMundada
likithnadella,VenkateshMundada
SatyaNarayanDas,VenkateshMundada
JiteshVarandani,VenkateshMundada
SumirKapur,VenkateshMundada
LakshmiNarayanaG,VenkateshMundada
AvinashAman,VenkateshMundada
RohithMulugu,VenkateshMundada
PatidarNikhil,VenkateshMundada
ChanduParimi,SharathJ
VishakBharadwaj,SharathJ
AnoopKarnik,SharathJ
MitulGirotra,SharathJ
SrikantBharadwaj,SharathJ
SwethaNimmagadda,SharathJ
ShraddhaGupta3,SharathJ
KarthikAnnam,SharathJ
PankajMunjal,SharathJ
PrasanthAbraham,SharathJ
NKalyanSrinivasan,SharathJ
MVSRTeja,SharathJ
ShankarVenkatraman,SharathJ
JatinJani,SharathJ
AbhiramChavali,SharathJ
RakeshSaripalli,SharathJ
WaliaShubham,SharathJ
AkshithAnand,SharathJ
ShivaReisende,SharathJ
RahulJayakumar,SharathJ
VinayVardhan,SharathJ
SajunPrasad,SharathJ
ShantiRavali,SharathJ
SaranshAgarwal,SharathJ
SidharthaSingh1,SharathJ
agilchrist,SharathJ
AdityaSubramanyam,SharathJ
ManojaDuggaraju,SharathJ
AshwiniSrihari,SharathJ
ReballyAditya,SharathJ
GrainneOBrien,SharathJ
RuhinTaj,SharathJ
PriyanshuSharma2,SharathJ
GhazanfarKhan1,SharathJ
MohammedAbraar,SharathJ
RaviMuralidharan,SharathJ
VeenaArul,SharathJ
ManognaRaj,SharathJ
NithinGuptha,SharathJ
AdityaDeole,SharathJ
ShyamPv,SharathJ
AravindKumar,SharathJ
KarthikBolisetty,SharathJ
JayakumarLavudi,SharathJ
RamKumar402,SharathJ
AnilKumar,SharathJ
DurgaPrasadReddy,SharathJ
ParthasarathySriram,SharathJ
PranayNimje,SharathJ
SonamKesharwani,SharathJ
YogeshJoshi7,SharathJ
,SharathJ
AnukoolRevoo,SharathJ
chiragmistry,SharathJ
RuturajDeshpande,SharathJ
SushmithaBelede,SharathJ
SiddhanthSiddhu,SharathJ
PrateekBagalwadi,SharathJ
MargaretOBrien,SharathJ
kamleshchhajed,SharathJ
EswaraSai,SiddharthMishra
SaumyaJain,SiddharthMishra
SrikanthSuresh,SiddharthMishra
ananthkotti,SiddharthMishra
AntarikshaYelkawar,SiddharthMishra
ShantanuKallakuri,SiddharthMishra
RaiHimanshu,SiddharthMishra
PrasanthAkki,SiddharthMishra
MitulGirotra,SiddharthMishra
GaneshAshwin,SiddharthMishra
SrikantBharadwaj,SiddharthMishra
NikhilJones,SiddharthMishra
AmrithaJayadev,SiddharthMishra
PraneethSmk,SiddharthMishra
VaibhavKumar44,SiddharthMishra
SatyaJulakanti,SiddharthMishra
SanchitMishra,SiddharthMishra
AbhilashMirji,SiddharthMishra
UtkarshDubey,SiddharthMishra
RaunakSinghal,SiddharthMishra
SarthakGhosh,SiddharthMishra
RahulDubey22,SiddharthMishra
PavanKate,SiddharthMishra
ChandraSandeep1,SiddharthMishra
HridyeshTewani,SiddharthMishra
PrashantLalwani,SiddharthMishra
ApurvaVerma2,SiddharthMishra
NamanBafna,SiddharthMishra
rishabhsaraswat,SiddharthMishra
AdityaKumar,SiddharthMishra
VinodhReddyChennu,SiddharthMishra
SomyaAgarwal,SiddharthMishra
SalabhGoyal,SiddharthMishra
ApoorvaMusunuri,SiddharthMishra
ARCHITASAHU,SiddharthMishra
ShankarVenkatraman,SiddharthMishra
VenkateshMundada,SiddharthMishra
SaumyaVerma4,SiddharthMishra
GuptaChavi,SiddharthMishra
KaurManjyot,SiddharthMishra
TejeshwarSingh,SiddharthMishra
AkshithAnand,SiddharthMishra
SatyaNarayanDas,SiddharthMishra
ShubiAgarwal,SiddharthMishra
AbhinavBagri,SiddharthMishra
AbhinavBagri,SiddharthMishra
DivyaSanghi,SiddharthMishra
SaumyaPatnaik,SiddharthMishra
ashishshukla,SiddharthMishra
ReddyCharith,SiddharthMishra
AshutoshSarda,SiddharthMishra
PranaviReddy1,SiddharthMishra
NidhiSri,SiddharthMishra
plaharireddy,SiddharthMishra
KinneraPaladugu,SiddharthMishra
AvinashSoni,SiddharthMishra
AshishRastogi,SiddharthMishra
DrRajivDua,SiddharthMishra
SmritiShah,SiddharthMishra
ApoorvJain2,SiddharthMishra
EswaraSai,NarayananAnanth
SaumyaJain,NarayananAnanth
SrikanthSuresh,NarayananAnanth
HarshaAechuri,NarayananAnanth
AnoopKarnik,NarayananAnanth
SwetabhKumar,NarayananAnanth
MukherjeeAbhinav,NarayananAnanth
ananthkotti,NarayananAnanth
SuryaPabbisetty,NarayananAnanth
GaneshAshwin,NarayananAnanth
SrikantBharadwaj,NarayananAnanth
PraneethSmk,NarayananAnanth
AmrithaJayadev,NarayananAnanth
DivyaPravallika,NarayananAnanth
SatyaJulakanti,NarayananAnanth
SanchitMishra,NarayananAnanth
LAdithya,NarayananAnanth
SuryaKlsv,NarayananAnanth
ChandraSandeep1,NarayananAnanth
SidharthSai,NarayananAnanth
HridyeshTewani,NarayananAnanth
ApurvaVerma2,NarayananAnanth
NamanBafna,NarayananAnanth
AdityaKumar,NarayananAnanth
HemantArora2,NarayananAnanth
SomyaAgarwal,NarayananAnanth
AbhijeetMulugu,NarayananAnanth
AlbertJames,NarayananAnanth
DivyaAnnavajjula,NarayananAnanth
KavyaSuma,NarayananAnanth
KeerthanaJetty,NarayananAnanth
KaurManjyot,NarayananAnanth
ShashanthRV,NarayananAnanth
AkashAchanta,NarayananAnanth
AravindKarthik,NarayananAnanth
SreejaReddy1,NarayananAnanth
SudharsanVeeravalli,NarayananAnanth
AbhinavBagri,NarayananAnanth
SriramKrishnaswamy,NarayananAnanth
VishakaThekkedath,NarayananAnanth
MSombansh,NarayananAnanth
AnirudhRamesh,NarayananAnanth
ReddyCharith,NarayananAnanth
MayankGarg5,NarayananAnanth
SamrinJalal,NarayananAnanth
DahagamSaketh,NarayananAnanth
PriyanshiRajput,NarayananAnanth
DivijaGogineni,NarayananAnanth
SnehithBudime,NarayananAnanth
BharathReddyRondla,NarayananAnanth
HariKrishnan,NarayananAnanth
NikhilAyyagari,NarayananAnanth
SripadmaSanjiv,NarayananAnanth
EbinPhilip,NarayananAnanth
RenganathanArvind,NarayananAnanth
JoshiSurabhi,NarayananAnanth
reshminambiar,NarayananAnanth
AdityaBiradavolu,NarayananAnanth
PrafulGupta1,NarayananAnanth
AtulSVivek,NarayananAnanth
GarvMalik,WaliaShubham
EswaraSai,WaliaShubham
SatyendraTripathi,WaliaShubham
ananthkotti,WaliaShubham
PrasanthAkki,WaliaShubham
MitulGirotra,WaliaShubham
SrikantBharadwaj,WaliaShubham
AurghoBhattacharjee,WaliaShubham
VaibhavKumar44,WaliaShubham
AbhilashMirji,WaliaShubham
UtkarshDubey,WaliaShubham
RaunakSinghal,WaliaShubham
AtrijSinghal,WaliaShubham
HarshaDutta,WaliaShubham
SiddharthDash1,WaliaShubham
NelakuduruVineeth,WaliaShubham
rishabhsaraswat,WaliaShubham
NamanBafna,WaliaShubham
GokulNathSridhar,WaliaShubham
GunjeshSingh,WaliaShubham
PranavRamarao,WaliaShubham
ManojMadabhushi,WaliaShubham
SalabhGoyal,WaliaShubham
ApoorvaMusunuri,WaliaShubham
ShankarVenkatraman,WaliaShubham
ARCHITASAHU,WaliaShubham
SuryaPrathap,WaliaShubham
ArvindSunder,WaliaShubham
PraddyumanRungta,WaliaShubham
SaumyaVerma4,WaliaShubham
MuditJain,WaliaShubham
SakshamPhul,WaliaShubham
ChowdharySaiPriya,WaliaShubham
ShivamMittal4,WaliaShubham
SharathJ,WaliaShubham
PushkarPrasun,WaliaShubham
AmanGupta,WaliaShubham
AishwaryaReddy,WaliaShubham
SudarshanRao,WaliaShubham
AshutoshSarda,WaliaShubham
PriyanshiRajput,WaliaShubham
RameyGirdhar,WaliaShubham
SameerReddy,WaliaShubham
YashAgarwal14,WaliaShubham
AmandeepSingh,WaliaShubham
SugandhaSharan,WaliaShubham
SriharshaVavilala,WaliaShubham
PrashantGautam,WaliaShubham
SriKalyanaRamaJ,WaliaShubham
KamalJhunjhunwalla,WaliaShubham
AshaSingha,WaliaShubham
AyeshaSatija,WaliaShubham
SiddharthaGandhi,WaliaShubham
StutiSabharwal,WaliaShubham
RashidaTaskin,WaliaShubham
SyedRaziuddin,WaliaShubham
RahulRochlani,WaliaShubham
PatelArth,WaliaShubham
PranshuSharma5,WaliaShubham
AnkitaMehta,WaliaShubham
saajanvaranasi,AshwiniMore
HabeebKhan,AshwiniMore
SrikantBharadwaj,AshwiniMore
SampadaPeshwe,AshwiniMore
TejalPardhy,AshwiniMore
ShreyaJayakumar,AshwiniMore
PRajani,AshwiniMore
AnshumaGokhale,AshwiniMore
SowmyaDhaminis,AshwiniMore
YashaSharan,AshwiniMore
AparnaRamesh,AshwiniMore
AnchalSrivastava,AshwiniMore
ManasiPundlik,AshwiniMore
NKaranath,AshwiniMore
JanhaviJoglekar,AshwiniMore
AnujThakur2,AshwiniMore
AvantiTohare,AshwiniMore
PriyankaDamani,AshwiniMore
ShilpaRatnani,AshwiniMore
HariniKota,AshwiniMore
NikitaKarnawat,AshwiniMore
anushmayesodharan,AshwiniMore
SharmishthaTembhurnikar,AshwiniMore
ApurvaSethia,AshwiniMore
PoojaSanjayan,AshwiniMore
ApoorvaChavan,AshwiniMore
DeipAliMoon,AshwiniMore
PurvaMange,AshwiniMore
TusharDixit,AshwiniMore
VandanaJaju,AshwiniMore
ShrutiGokhale,AshwiniMore
PriyaAgrawal,AshwiniMore
PRIYANKASHARMA,AshwiniMore
VarunVishnani,AshwiniMore
LakshmiPriya,AshwiniMore
PoojaChouhan,AshwiniMore
PrachitiDharmik,AshwiniMore
MrinmayeeTiwari,AshwiniMore
ArMeetaKhurana,AshwiniMore
AshanaNair,AshwiniMore
SapnaAgrawal3,AshwiniMore
PankajKamble,AshwiniMore
SayaliMisal,AshwiniMore
TanviDhengre,AshwiniMore
rohinikalambe,AshwiniMore
SBahirat,AshwiniMore
PoorvaDeshpande,AshwiniMore
AbhivyaktiBhadauria,AshwiniMore
SukhadaDixit,AshwiniMore
TanviRawat,AshwiniMore
SonakshiDongre,AshwiniMore
SonalAgrawal6,AshwiniMore
DivyaGor,AshwiniMore
NitikaRamani,AshwiniMore
anisharaut,AshwiniMore
PrachiDeshmukh3,AshwiniMore
SanaBindra,AshwiniMore
KaushikAush,AshwiniMore
ApoorvaChichghare,AshwiniMore
ShivaniShastri,AshwiniMore
EswaraSai,DheerajKumar
SaumyaJain,DheerajKumar
ChanduParimi,DheerajKumar
HarshaAechuri,DheerajKumar
AnoopKarnik,DheerajKumar
SwetabhKumar,DheerajKumar
MukherjeeAbhinav,DheerajKumar
ananthkotti,DheerajKumar
AntarikshaYelkawar,DheerajKumar
PrasanthAkki,DheerajKumar
SuryaPabbisetty,DheerajKumar
GaneshAshwin,DheerajKumar
SrikantBharadwaj,DheerajKumar
DeepthiMeduri,DheerajKumar
PraneethSmk,DheerajKumar
DivyaPravallika,DheerajKumar
SatyaJulakanti,DheerajKumar
VaibhavKumar44,DheerajKumar
SanchitMishra,DheerajKumar
VikasKotha,DheerajKumar
RaunakSinghal,DheerajKumar
LAdithya,DheerajKumar
SuryaKlsv,DheerajKumar
PavanKate,DheerajKumar
SidharthSai,DheerajKumar
ChandraSandeep1,DheerajKumar
HridyeshTewani,DheerajKumar
SaitejaPasula,DheerajKumar
PrashantLalwani,DheerajKumar
ApurvaVerma2,DheerajKumar
AdityaKumar,DheerajKumar
AnilTalari,DheerajKumar
SomyaAgarwal,DheerajKumar
AkshayBhat,DheerajKumar
KartheekManavarthi,DheerajKumar
AkhilCh,DheerajKumar
ShankarVenkatraman,DheerajKumar
JeevanRomee,DheerajKumar
SuryaPrathap,DheerajKumar
AbhijeetMulugu,DheerajKumar
AlbertJames,DheerajKumar
EbenezerGangmei,DheerajKumar
GuptaChavi,DheerajKumar
DivyaAnnavajjula,DheerajKumar
AdityaKhandelwal1,DheerajKumar
KaurManjyot,DheerajKumar
ShashanthRV,DheerajKumar
AkashAchanta,DheerajKumar
SrinijaVobugari,DheerajKumar
SiddheyShinde,DheerajKumar
PratyushSharan,DheerajKumar
DheerajVarmaManthena,DheerajKumar
AbhinavBagri,DheerajKumar
AkashSingh66,DheerajKumar
MahithaTammineedi,DheerajKumar
CGarimella,DheerajKumar
VaibhavGupta47,DheerajKumar
NaikPushkar,DheerajKumar
DivyaKanikala,DheerajKumar
SMalayanur,DheerajKumar
mohammedabdu,ycelsahilliolu
TmmobElektrikMhendisleriOdas,ycelsahilliolu
MeliksahOzakturk,ycelsahilliolu
MritSnmez,ycelsahilliolu
BurakTevfikDogan,ycelsahilliolu
MemetGZBYK,ycelsahilliolu
IlayIlter,ycelsahilliolu
Faruketinkaya,ycelsahilliolu
ChristosTsegkis,ycelsahilliolu
ThienNgoc,ycelsahilliolu
KenanOrhan,ycelsahilliolu
,ycelsahilliolu
AmrTabari,ycelsahilliolu
TouqeerJumani,ycelsahilliolu
ThureshaKothawala,ycelsahilliolu
NaderKhodarahmi,ycelsahilliolu
OnurTrkolu,ycelsahilliolu
SoorajNarayan,ycelsahilliolu
ErkanYldz,ycelsahilliolu
RanjithkumarMatheswaran,ycelsahilliolu
KarabulutSezer,ycelsahilliolu
MertSongel,ycelsahilliolu
NourKobi,ycelsahilliolu
RimvydasBrezgys,ycelsahilliolu
JeanPaulIradukunda,ycelsahilliolu
GrhanKLAHLI,ycelsahilliolu
RamiOthman,ycelsahilliolu
BhaveshVyas,ycelsahilliolu
adityavalabhoju,ycelsahilliolu
zagsdude,ycelsahilliolu
joytimudi,ycelsahilliolu
SenthilKumar121,ycelsahilliolu
VeliYenil,ycelsahilliolu
uroojurooj,ycelsahilliolu
OmellorGonzalez,ycelsahilliolu
soniyasen,ycelsahilliolu
hassanimani,ycelsahilliolu
RenukaTK,ycelsahilliolu
mahmoudmosad,ycelsahilliolu
PDiamandis,ycelsahilliolu
YadollahKheyraee,ycelsahilliolu
VianneySinga,ycelsahilliolu
,ycelsahilliolu
ankurmundhra,ycelsahilliolu
dwivedikritika,ycelsahilliolu
dwivedikritika,ycelsahilliolu
VianneySinga,ycelsahilliolu
SandeepMehta2,ycelsahilliolu
KarthiKeyan133,ycelsahilliolu
SaadAisha,ycelsahilliolu
StamatiosChondrogiannis,ycelsahilliolu
iyadmuslih,ycelsahilliolu
RuigenNiu,ycelsahilliolu
CarlosRamirez,ycelsahilliolu
ankurmundhra,ycelsahilliolu
,ycelsahilliolu
mahmoudmosad,ycelsahilliolu
ShardulJoshi,ycelsahilliolu
PDiamandis,ycelsahilliolu
YadollahKheyraee,ycelsahilliolu
GarvMalik,VamsiMohan3
EswaraSai,VamsiMohan3
SaumyaJain,VamsiMohan3
SrikanthSuresh,VamsiMohan3
AniketRoy,VamsiMohan3
ananthkotti,VamsiMohan3
KalyanPingali,VamsiMohan3
AntarikshaYelkawar,VamsiMohan3
RAHULBASU,VamsiMohan3
RaiHimanshu,VamsiMohan3
PrasanthAkki,VamsiMohan3
MitulGirotra,VamsiMohan3
SrikantBharadwaj,VamsiMohan3
AurghoBhattacharjee,VamsiMohan3
VaibhavKumar44,VamsiMohan3
AbhilashMirji,VamsiMohan3
UtkarshDubey,VamsiMohan3
RaunakSinghal,VamsiMohan3
HarshaDutta,VamsiMohan3
RomeoMalik,VamsiMohan3
SiddharthDash1,VamsiMohan3
NelakuduruVineeth,VamsiMohan3
NamanBafna,VamsiMohan3
rishabhsaraswat,VamsiMohan3
PratikJayaswal,VamsiMohan3
GunjeshSingh,VamsiMohan3
AdityaKumar,VamsiMohan3
VinodhReddyChennu,VamsiMohan3
VisishtaKarasani,VamsiMohan3
ArchitaSharma,VamsiMohan3
SrivatsVenkateswaran,VamsiMohan3
SalabhGoyal,VamsiMohan3
ArvindSunder,VamsiMohan3
SuryaPrathap,VamsiMohan3
VenkateshMundada,VamsiMohan3
PraddyumanRungta,VamsiMohan3
SaumyaVerma4,VamsiMohan3
akashraj,VamsiMohan3
AbhiramChavali,VamsiMohan3
RameshAdithya,VamsiMohan3
ShivamMittal4,VamsiMohan3
AkshithAnand,VamsiMohan3
PKorada,VamsiMohan3
VineelKambala,VamsiMohan3
AishwaryaReddy,VamsiMohan3
DheerajPeri,VamsiMohan3
KasiVarri,VamsiMohan3
vaishnavisriram,VamsiMohan3
AshutoshSarda,VamsiMohan3
YaswanthYadlapalli,VamsiMohan3
AmandeepSingh,VamsiMohan3
SudarshanGhonge,VamsiMohan3
HarishMahadasu,VamsiMohan3
RahulMallipudi,VamsiMohan3
VikashChiriki,VamsiMohan3
RahulRochlani,VamsiMohan3
SyedRaziuddin,VamsiMohan3
HasithSagi,VamsiMohan3
VamsiMithun,VamsiMohan3
SuchitaPati,VamsiMohan3
EswaraSai,likithnadella
ChinmayaPatnayak,likithnadella
SaumyaJain,likithnadella
SrikanthSuresh,likithnadella
HarshaAechuri,likithnadella
AnoopKarnik,likithnadella
ananthkotti,likithnadella
NavadeepPodapati,likithnadella
SudheerVazrapu,likithnadella
RaiHimanshu,likithnadella
MitulGirotra,likithnadella
SuryaPabbisetty,likithnadella
ShailajaAkella,likithnadella
GaneshAshwin,likithnadella
SrikantBharadwaj,likithnadella
ManikantaRaju,likithnadella
DeepthiMeduri,likithnadella
AurghoBhattacharjee,likithnadella
AmrithaJayadev,likithnadella
PraneethSmk,likithnadella
SatyaMandava,likithnadella
VaibhavKumar44,likithnadella
SatyaJulakanti,likithnadella
AbhilashMirji,likithnadella
UtkarshDubey,likithnadella
VikasKotha,likithnadella
RaunakSinghal,likithnadella
LAdithya,likithnadella
ChandraSandeep1,likithnadella
KrishnaSravanth,likithnadella
PrashantLalwani,likithnadella
SaitejaPasula,likithnadella
PrasanthAbraham,likithnadella
BhaVenna,likithnadella
VinodhReddyChennu,likithnadella
PrudhviReddy3,likithnadella
SamhithaGomatam,likithnadella
NitinMythreya,likithnadella
VijayGutta,likithnadella
AkhilCh,likithnadella
SalabhGoyal,likithnadella
VenkateshMundada,likithnadella
DivyaAnnavajjula,likithnadella
akashraj,likithnadella
PandiyanNitt,likithnadella
SowmyaChittireddy,likithnadella
AkshithAnand,likithnadella
AkhileshKambhampati,likithnadella
SatyaNarayanDas,likithnadella
GaneshSanka,likithnadella
PavanSandeep,likithnadella
ChaitanyaSanikommu,likithnadella
VishakaThekkedath,likithnadella
MSombansh,likithnadella
CGarimella,likithnadella
ManiSubramanian,likithnadella
charanlakkaraju,likithnadella
VenkatanarayanaNerella,likithnadella
SameerBethanabhotla,likithnadella
ShivaKumar,likithnadella
EswaraSai,ShivaReisende
KalyanPingali,ShivaReisende
SudheerVazrapu,ShivaReisende
ShantanuKallakuri,ShivaReisende
PrasanthAkki,ShivaReisende
SrikantBharadwaj,ShivaReisende
PraneethSmk,ShivaReisende
SaiPadmanabhuni,ShivaReisende
SuhrudhReddy,ShivaReisende
NelakuduruVineeth,ShivaReisende
ShrutiRao1,ShivaReisende
GunjeshSingh,ShivaReisende
krishnakarthick,ShivaReisende
CvSankar,ShivaReisende
PrudhviReddy3,ShivaReisende
VisishtaKarasani,ShivaReisende
SandeepGoli,ShivaReisende
JeevanRomee,ShivaReisende
ArvindSunder,ShivaReisende
SuryaPrathap,ShivaReisende
RohitRao,ShivaReisende
SriHarsha,ShivaReisende
sharathchandra,ShivaReisende
SaiRaghuVamsi,ShivaReisende
RakeshSaripalli,ShivaReisende
SharathJ,ShivaReisende
VarunChappidi,ShivaReisende
SnehaChemarla,ShivaReisende
SivakumarSurendra,ShivaReisende
AnilParsi,ShivaReisende
BabithaMachireddy,ShivaReisende
KasiVarri,ShivaReisende
AshokNaren,ShivaReisende
plaharireddy,ShivaReisende
SrikanthRacharla,ShivaReisende
MohanVinay,ShivaReisende
RukaiyyaKhan,ShivaReisende
KaushikThommandra,ShivaReisende
ShruthinP,ShivaReisende
RanjithNori,ShivaReisende
SridevMohapatra,ShivaReisende
SameerParuchuri,ShivaReisende
VenkateshBirada,ShivaReisende
TejasRavi,ShivaReisende
UmeshReddyMuli,ShivaReisende
ShivaTejMedichelmala,ShivaReisende
UmeshReddyMuli,ShivaReisende
PotluriSachin,ShivaReisende
BrindhaParthiban,ShivaReisende
bharatreddy5,ShivaReisende
NavyaVandanapu,ShivaReisende
NarasimhaSaiSangapu,ShivaReisende
SudhamshuSekhar,ShivaReisende
SuryaTejSrinivas,ShivaReisende
HarikaSai1,ShivaReisende
ShyamPv,ShivaReisende
ShantiModi,ShivaReisende
AdityaSuripeddi,ShivaReisende
SoumithKumar,ShivaReisende
harishathuru,ShivaReisende
VaibhavJain,MadhuriBhavana
MinalJain,MadhuriBhavana
AnkitKhemka,MadhuriBhavana
YennamRajesh,MadhuriBhavana
AniketRoy,MadhuriBhavana
ChiragMaheshwari,MadhuriBhavana
ArvindLodaya,MadhuriBhavana
SidhantGoyal,MadhuriBhavana
AnkitMandil,MadhuriBhavana
DivyaNandwana,MadhuriBhavana
KeyurSorathia,MadhuriBhavana
alokbajpai,MadhuriBhavana
SaiKrishna,MadhuriBhavana
AshishNayak,MadhuriBhavana
SDawar,MadhuriBhavana
DivyaPravallika,MadhuriBhavana
ShambhaviDeshpande,MadhuriBhavana
ShriyaPallerla,MadhuriBhavana
AditiMakhija,MadhuriBhavana
SafinahAli,MadhuriBhavana
TarunJain6,MadhuriBhavana
AnuragJhaver,MadhuriBhavana
ShimonaNiharikaDSouza,MadhuriBhavana
UtkarshMishra2,MadhuriBhavana
MannuAmrit,MadhuriBhavana
AbhinavAgarwal,MadhuriBhavana
AbhishekSharma,MadhuriBhavana
SoumyaPatro,MadhuriBhavana
ParthSabharwal,MadhuriBhavana
JayantaBorah,MadhuriBhavana
AAnjali,MadhuriBhavana
jothsnap,MadhuriBhavana
AshrisChoudhury,MadhuriBhavana
SintuRongpipi,MadhuriBhavana
PratikRaj,MadhuriBhavana
HarshitAgrawal,MadhuriBhavana
ShilpaSambabu,MadhuriBhavana
VijaySadashivaiah,MadhuriBhavana
MehulGarg2,MadhuriBhavana
MoupiyaUkil,MadhuriBhavana
SamadritaDas,MadhuriBhavana
DhvanilPatel,MadhuriBhavana
TigmanshuBhatnagar,MadhuriBhavana
SameerAshraf,MadhuriBhavana
ArushiSingh,MadhuriBhavana
GuptaApurva,MadhuriBhavana
RuhikaDarbare,MadhuriBhavana
RanjeetGakhare,MadhuriBhavana
SharathKazipeta,MadhuriBhavana
AvisekBhattacharya,MadhuriBhavana
PradeepPJ,MadhuriBhavana
SouryaDonkada,MadhuriBhavana
KavyaSuma,MadhuriBhavana
NeetaKhanuja,MadhuriBhavana
SharmisthaBanerjee,MadhuriBhavana
JatinBajaj,MadhuriBhavana
VysakAs,MadhuriBhavana
AditiPadhi,MadhuriBhavana
YashodhanMandke,MadhuriBhavana
YamunaSBhaskar,MadhuriBhavana
SouryenduDas,VishwangBhaskar
AbhshkGhosh,VishwangBhaskar
ShailajaAkella,VishwangBhaskar
KaustuvMohanty,VishwangBhaskar
NikhilJones,VishwangBhaskar
DivyaPravallika,VishwangBhaskar
TanmayDeshmukh,VishwangBhaskar
SamyuktaRamnath,VishwangBhaskar
RamchandranMuthukumar,VishwangBhaskar
LakshmiSaradhiReddy,VishwangBhaskar
SamadritaDas,VishwangBhaskar
GarvitAggarwal,VishwangBhaskar
DevprakashSatpathy,VishwangBhaskar
DivyaYadav,VishwangBhaskar
ShiladityaLaskar,VishwangBhaskar
RohitGupta,VishwangBhaskar
ShahnawazAhmed,VishwangBhaskar
RuturajZadbuke,VishwangBhaskar
AbhiJain,VishwangBhaskar
KunalBajpai,VishwangBhaskar
AniketSawant1,VishwangBhaskar
NehaJawalkar,VishwangBhaskar
ProdyumnaMohanta,VishwangBhaskar
SanmeetSingh,VishwangBhaskar
MohitKashyap4,VishwangBhaskar
TaroshRao,VishwangBhaskar
NavjotPanesar,VishwangBhaskar
AksharGupta,VishwangBhaskar
PrabhavMehra,VishwangBhaskar
PramadaJagtap,VishwangBhaskar
PraveenAkella,VishwangBhaskar
ParitoshGupta,VishwangBhaskar
ShobhitPatoria,VishwangBhaskar
AnirudhKanisetti,VishwangBhaskar
RRKrishna,VishwangBhaskar
AnishChattaraj,VishwangBhaskar
PratikDand,VishwangBhaskar
ZenithKarri,VishwangBhaskar
KhannaSarthak,VishwangBhaskar
RiyaSaxena,VishwangBhaskar
VishakhaManakBhandari,VishwangBhaskar
GoutamChapalamadugu,VishwangBhaskar
PavanReddy18,VishwangBhaskar
RahulArora,VishwangBhaskar
JaipalRathore,VishwangBhaskar
EejyaSingh,VishwangBhaskar
ShivamGupta,VishwangBhaskar
SrinivasKrishnaswamy,VishwangBhaskar
MythriUdayshankar,VishwangBhaskar
KaranChawla,VishwangBhaskar
PearlPrakash,VishwangBhaskar
ShuklaPratiksha,VishwangBhaskar
VarunPerla,VishwangBhaskar
VishalGupta,VishwangBhaskar
tushargupta,VishwangBhaskar
AbhishekDesai3,VishwangBhaskar
NKovale,VishwangBhaskar
ChandrasekarAnanthanarayanan,VishwangBhaskar
SudhanshuMishra8,VishwangBhaskar
AnuragMalik,VishwangBhaskar
GarvMalik,SidharthSai
ChinmayaPatnayak,SidharthSai
HarshaAechuri,SidharthSai
AnoopKarnik,SidharthSai
BhanuSrivatsav,SidharthSai
KalyanPingali,SidharthSai
GaneshAshwin,SidharthSai
NarenKrishnaMadhurakavi,SidharthSai
DeepthiMeduri,SidharthSai
VinayakVR,SidharthSai
DivyaPravallika,SidharthSai
ShriyaPallerla,SidharthSai
AbhilashMirji,SidharthSai
SuhrudhReddy,SidharthSai
VivekhPrabakaran,SidharthSai
SiddarthYerram,SidharthSai
ChandraSandeep1,SidharthSai
NelakuduruVineeth,SidharthSai
GokulNathSridhar,SidharthSai
ManojMadabhushi,SidharthSai
AnilTalari,SidharthSai
SomyaAgarwal,SidharthSai
SandeepGoli,SidharthSai
ReddyAvinash,SidharthSai
KaranGarg,SidharthSai
NitinMythreya,SidharthSai
RaghavenderSahdev,SidharthSai
AkhilCh,SidharthSai
PraveenVelicheti,SidharthSai
AlbertJames,SidharthSai
MuditJain,SidharthSai
SakshamPhul,SidharthSai
VarunJain,SidharthSai
SankethVedula,SidharthSai
RameshAdithya,SidharthSai
ShivamMittal4,SidharthSai
NarayananAnanth,SidharthSai
DheerajKumar,SidharthSai
ShashanthRV,SidharthSai
AnshikBansal,SidharthSai
ProdyumnaMohanta,SidharthSai
AakashJain2,SidharthSai
BadriNarayana,SidharthSai
ManitejaNandana,SidharthSai
SnehaChemarla,SidharthSai
VasundharaKoppisetty,SidharthSai
AbhinavBagri,SidharthSai
SreesankaranNamboothiri,SidharthSai
ReddyCharith,SidharthSai
GunjitKandpal,SidharthSai
GayatriSivaraman,SidharthSai
CGarimella,SidharthSai
MohitArora8,SidharthSai
YeswanthKotha,SidharthSai
KasiVarri,SidharthSai
AkankSha,SidharthSai
VamsiNarne,SidharthSai
DahagamSaketh,SidharthSai
AmitSharma,SidharthSai
MeghanaNidadavolu,SidharthSai
AntarikshBothale,AshrisChoudhury
MruthyunjayaRaoPadamata,AshrisChoudhury
AnimeshChoudhary,AshrisChoudhury
AchillesSaxby,AshrisChoudhury
SubhomoyBakshi,AshrisChoudhury
SomnathMeher,AshrisChoudhury
AkankshaShrivastava,AshrisChoudhury
SabuFrancis,AshrisChoudhury
HarikaNelli,AshrisChoudhury
PujaGorai,AshrisChoudhury
SahilJalan,AshrisChoudhury
DivyaSappa,AshrisChoudhury
AnandAbhishek2,AshrisChoudhury
VipulNanda,AshrisChoudhury
BhupenderSingh,AshrisChoudhury
RiteshJindal,AshrisChoudhury
SouradeepPaul,AshrisChoudhury
TriyanshaVijay,AshrisChoudhury
NikhilKhaitan,AshrisChoudhury
RaviShankar161,AshrisChoudhury
JainAbhas,AshrisChoudhury
AaronMendonca,AshrisChoudhury
KrishnanUnni,AshrisChoudhury
PriyankaRaju,AshrisChoudhury
KaushikMahato,AshrisChoudhury
ApoorvaReddy,AshrisChoudhury
VisheshGupta,AshrisChoudhury
AmandeepChanyal,AshrisChoudhury
ManavGarg,AshrisChoudhury
ShilpaSinha,AshrisChoudhury
RavikanthPamidimukkala,AshrisChoudhury
SumanRajat,AshrisChoudhury
MadhuriBhavana,AshrisChoudhury
RiteshSaraogi,AshrisChoudhury
SudhanshuBahety,AshrisChoudhury
TaraknathMazumder,AshrisChoudhury
ArnabMahanty,AshrisChoudhury
VivekRai1,AshrisChoudhury
HarsheelSoin,AshrisChoudhury
DivyaPravallika,AshrisChoudhury
PalaashBhargava,AshrisChoudhury
RathangJoshi,AshrisChoudhury
UtkarshJaiswal,AshrisChoudhury
VibhasJaiswal,AshrisChoudhury
ApurvaGajwani,AshrisChoudhury
AnkurAmbastha,AshrisChoudhury
DebmalyaSinha,AshrisChoudhury
MSingh,AshrisChoudhury
YashLundia,AshrisChoudhury
BhaskerLahiri,AshrisChoudhury
SamarthMahajan,AshrisChoudhury
ParvinBaishkiyar,AshrisChoudhury
VikramMohanty,AshrisChoudhury
AnirudhLekhi,AshrisChoudhury
KeerthanaGopalakrishnan,AshrisChoudhury
LakshyaGupta,AshrisChoudhury
GunjanHans,AshrisChoudhury
RuhikaDarbare,AshrisChoudhury
MurtazaPhalasiya,AshrisChoudhury
VarshitDusad,AshrisChoudhury
ChinmayaPatnayak,AdityaKumar
SaumyaJain,AdityaKumar
SrikanthSuresh,AdityaKumar
HarshaAechuri,AdityaKumar
SuryaPabbisetty,AdityaKumar
GaneshAshwin,AdityaKumar
PraneethSmk,AdityaKumar
DivyaPravallika,AdityaKumar
SatyaJulakanti,AdityaKumar
SanchitMishra,AdityaKumar
MeijJournal,AdityaKumar
UtkarshDubey,AdityaKumar
VikasKotha,AdityaKumar
SuhrudhReddy,AdityaKumar
VivekhPrabakaran,AdityaKumar
SiddarthYerram,AdityaKumar
ChandraSandeep1,AdityaKumar
SiddharthDash1,AdityaKumar
HridyeshTewani,AdityaKumar
ApurvaVerma2,AdityaKumar
rishabhsaraswat,AdityaKumar
KomalAgrawal,AdityaKumar
GunjeshSingh,AdityaKumar
SaiTripathy,AdityaKumar
ManojMadabhushi,AdityaKumar
rajatsaxena,AdityaKumar
AkshayBhat,AdityaKumar
KaranGarg,AdityaKumar
ChiragGarg3,AdityaKumar
MohitJain,AdityaKumar
ArvindSunder,AdityaKumar
AbhijeetMulugu,AdityaKumar
AlbertJames,AdityaKumar
DeepshikaGilbile,AdityaKumar
MuditJain,AdityaKumar
SakshamPhul,AdityaKumar
VenkateshHarisyam,AdityaKumar
RakeshSaripalli,AdityaKumar
SiddharthMishra,AdityaKumar
KaurManjyot,AdityaKumar
ShivamMittal4,AdityaKumar
NarayananAnanth,AdityaKumar
DheerajKumar,AdityaKumar
VamsiMohan3,AdityaKumar
PushkarPrasun,AdityaKumar
AakashJain2,AdityaKumar
RaunakSharma,AdityaKumar
BadriNarayana,AdityaKumar
PrachiChandak,AdityaKumar
JiteshVarandani,AdityaKumar
ManitejaNandana,AdityaKumar
AbhinavBagri,AdityaKumar
SnehaChemarla,AdityaKumar
DivyaSanghi,AdityaKumar
SreesankaranNamboothiri,AdityaKumar
AnirudhRamesh,AdityaKumar
ReddyCharith,AdityaKumar
GunjitKandpal,AdityaKumar
KunalGupta14,AdityaKumar
AnanthKrishna3,AdityaKumar
GarvMalik,AnilTalari
EswaraSai,AnilTalari
ChinmayaPatnayak,AnilTalari
SaumyaJain,AnilTalari
HarshaAechuri,AnilTalari
KalyanPingali,AnilTalari
ThiruvikramanKandhadai,AnilTalari
SuryaPabbisetty,AnilTalari
NarenKrishnaMadhurakavi,AnilTalari
DeepthiMeduri,AnilTalari
AmrithaJayadev,AnilTalari
DivyaPravallika,AnilTalari
ShriyaPallerla,AnilTalari
VikasKotha,AnilTalari
LAdithya,AnilTalari
SuhrudhReddy,AnilTalari
DineshReddy38,AnilTalari
SidharthSai,AnilTalari
SiddharthDash1,AnilTalari
NelakuduruVineeth,AnilTalari
PrashantLalwani,AnilTalari
SaitejaPasula,AnilTalari
ApurvaVerma2,AnilTalari
KomalAgrawal,AnilTalari
VarshiniBandaru,AnilTalari
saitejakarnati,AnilTalari
VisishtaKarasani,AnilTalari
rajatsaxena,AnilTalari
AkshayBhat,AnilTalari
KartheekManavarthi,AnilTalari
RaviRajaGanta,AnilTalari
GuptaChavi,AnilTalari
DivyaAnnavajjula,AnilTalari
KavyaSuma,AnilTalari
SrimanthChaudari,AnilTalari
SankethVedula,AnilTalari
HariPriyaRachakonda,AnilTalari
AdityaKhandelwal1,AnilTalari
DheerajKumar,AnilTalari
AnshikBansal,AnilTalari
SwarnaSaiGopiNihal,AnilTalari
SrinijaVobugari,AnilTalari
RaunakSharma,AnilTalari
VinayDevulapalli,AnilTalari
PrachiChandak,AnilTalari
SriKailashGandebathula,AnilTalari
ShivanReddy,AnilTalari
VasundharaKoppisetty,AnilTalari
DheerajVarmaManthena,AnilTalari
DeepshaJain,AnilTalari
DivyaSanghi,AnilTalari
MahithaTammineedi,AnilTalari
ChaitanyaJRk,AnilTalari
HemanthaChowdary,AnilTalari
HemaVenusha,AnilTalari
SreeharipriyaGarikipati,AnilTalari
VivekYadav9,AnilTalari
BabithaMachireddy,AnilTalari
AnchalBhalotia,AnilTalari
PradeepChandra6,AnilTalari
GarvMalik,SomyaAgarwal
ChinmayaPatnayak,SomyaAgarwal
SaumyaJain,SomyaAgarwal
AnoopKarnik,SomyaAgarwal
BhanuSrivatsav,SomyaAgarwal
KalyanPingali,SomyaAgarwal
DeepthiMeduri,SomyaAgarwal
AmrithaJayadev,SomyaAgarwal
DivyaPravallika,SomyaAgarwal
SatyaJulakanti,SomyaAgarwal
SanchitMishra,SomyaAgarwal
ShriyaPallerla,SomyaAgarwal
SidharthSai,SomyaAgarwal
NelakuduruVineeth,SomyaAgarwal
MohnaaShrivastava,SomyaAgarwal
PrashantLalwani,SomyaAgarwal
ApurvaVerma2,SomyaAgarwal
KomalAgrawal,SomyaAgarwal
ManojMadabhushi,SomyaAgarwal
VisishtaKarasani,SomyaAgarwal
SandeepGoli,SomyaAgarwal
AkshayBhat,SomyaAgarwal
RaghavenderSahdev,SomyaAgarwal
ARCHITASAHU,SomyaAgarwal
RohitGupta,SomyaAgarwal
AlbertJames,SomyaAgarwal
GuptaChavi,SomyaAgarwal
DivyaAnnavajjula,SomyaAgarwal
MuditJain,SomyaAgarwal
KeerthanaJetty,SomyaAgarwal
SrimanthChaudari,SomyaAgarwal
HariPriyaRachakonda,SomyaAgarwal
SiddharthMishra,SomyaAgarwal
ShivamMittal4,SomyaAgarwal
KaurManjyot,SomyaAgarwal
BibhaNayak,SomyaAgarwal
NarayananAnanth,SomyaAgarwal
ShashanthRV,SomyaAgarwal
DheerajKumar,SomyaAgarwal
SrinijaVobugari,SomyaAgarwal
PrachiChandak,SomyaAgarwal
ShubiAgarwal,SomyaAgarwal
SnehaChemarla,SomyaAgarwal
AditiShrivastava,SomyaAgarwal
VasundharaKoppisetty,SomyaAgarwal
DivyaSanghi,SomyaAgarwal
SurabhiMaheshwari,SomyaAgarwal
MahithaTammineedi,SomyaAgarwal
AishwaryaReddy,SomyaAgarwal
SaumyaPatnaik,SomyaAgarwal
KavyaMohan,SomyaAgarwal
CGarimella,SomyaAgarwal
BalaVignesh,SomyaAgarwal
AnchalBhalotia,SomyaAgarwal
SamrinJalal,SomyaAgarwal
EejyaSingh,SomyaAgarwal
HarshitaDang,SomyaAgarwal
PriyanshiRajput,SomyaAgarwal
DivijaGogineni,SomyaAgarwal
RameyGirdhar,SomyaAgarwal
GarvMalik,ArchitaSharma
EswaraSai,ArchitaSharma
HarikaNelli,ArchitaSharma
ChanduParimi,ArchitaSharma
SrikanthSuresh,ArchitaSharma
AnoopKarnik,ArchitaSharma
BhanuSrivatsav,ArchitaSharma
ananthkotti,ArchitaSharma
KalyanPingali,ArchitaSharma
AntarikshaYelkawar,ArchitaSharma
RAHULBASU,ArchitaSharma
RaiHimanshu,ArchitaSharma
DeepthiMeduri,ArchitaSharma
AurghoBhattacharjee,ArchitaSharma
PraneethSmk,ArchitaSharma
DivyaPravallika,ArchitaSharma
SatyaJulakanti,ArchitaSharma
ShriyaPallerla,ArchitaSharma
AbhilashMirji,ArchitaSharma
HarshaDutta,ArchitaSharma
RahulDubey22,ArchitaSharma
AishwaryaVisweswaran,ArchitaSharma
ApoorvaMusunuri,ArchitaSharma
AlbertJames,ArchitaSharma
DeepshikaGilbile,ArchitaSharma
DivyaAnnavajjula,ArchitaSharma
AbhiramChavali,ArchitaSharma
KeerthanaJetty,ArchitaSharma
ChowdharySaiPriya,ArchitaSharma
RameshAdithya,ArchitaSharma
BibhaNayak,ArchitaSharma
AkshithAnand,ArchitaSharma
MsejJournal,ArchitaSharma
VamsiMohan3,ArchitaSharma
kadiriyeshu,ArchitaSharma
ShubiAgarwal,ArchitaSharma
PrachiChandak,ArchitaSharma
DasSrishti,ArchitaSharma
VasundharaKoppisetty,ArchitaSharma
SaurabhJain,ArchitaSharma
RamyaTenneti,ArchitaSharma
AishwaryaReddy,ArchitaSharma
TejaBhagawati,ArchitaSharma
VishakaThekkedath,ArchitaSharma
SandeepBhargav,ArchitaSharma
KavyaMohan,ArchitaSharma
SoureeshGhosh,ArchitaSharma
RohitKumar315,ArchitaSharma
SMalayanur,ArchitaSharma
KinneraPaladugu,ArchitaSharma
LahariReddy3,ArchitaSharma
SameerReddy,ArchitaSharma
GaneshMahidhar,ArchitaSharma
KaushikThommandra,ArchitaSharma
AnveshPatloori,ArchitaSharma
RanjithNori,ArchitaSharma
SriharshaVavilala,ArchitaSharma
BhanuPrakash113,ArchitaSharma
VVenkateswaraReddy,ArchitaSharma
ShishirChannagiri,ArchitaSharma
EswaraSai,ReddyAvinash
SrikanthSuresh,ReddyAvinash
HarshaAechuri,ReddyAvinash
ananthkotti,ReddyAvinash
AntarikshaYelkawar,ReddyAvinash
ShantanuKallakuri,ReddyAvinash
RaiHimanshu,ReddyAvinash
PrasanthAkki,ReddyAvinash
SuryaPabbisetty,ReddyAvinash
DeepthiMeduri,ReddyAvinash
PraneethSmk,ReddyAvinash
DivyaPravallika,ReddyAvinash
SatyaJulakanti,ReddyAvinash
AbhilashMirji,ReddyAvinash
UtkarshDubey,ReddyAvinash
AbhishekArijit,ReddyAvinash
VikasKotha,ReddyAvinash
RaunakSinghal,ReddyAvinash
LAdithya,ReddyAvinash
RahulDubey22,ReddyAvinash
ChandraSandeep1,ReddyAvinash
SidharthSai,ReddyAvinash
SaiRam,ReddyAvinash
PrashantLalwani,ReddyAvinash
VarshaRV,ReddyAvinash
VinodhReddyChennu,ReddyAvinash
Kalyankarthik,ReddyAvinash
MedaTeja,ReddyAvinash
KartheekManavarthi,ReddyAvinash
SuryaPrathap,ReddyAvinash
AkshanIsh,ReddyAvinash
AbhijeetMulugu,ReddyAvinash
VenkateshMundada,ReddyAvinash
DeepshikaGilbile,ReddyAvinash
DivyaAnnavajjula,ReddyAvinash
akashraj,ReddyAvinash
SriHarsha,ReddyAvinash
SwagatReddy,ReddyAvinash
SaiRaghuVamsi,ReddyAvinash
RakeshSaripalli,ReddyAvinash
HemaangKotta,ReddyAvinash
SwarnaSaiGopiNihal,ReddyAvinash
PratyushSharan,ReddyAvinash
VinayDevulapalli,ReddyAvinash
VigneshSitaraman,ReddyAvinash
VinayKumar103,ReddyAvinash
MSombansh,ReddyAvinash
HemaVenusha,ReddyAvinash
SreeharipriyaGarikipati,ReddyAvinash
ReddyCharith,ReddyAvinash
CGarimella,ReddyAvinash
DheerajPeri,ReddyAvinash
KarthikBuddha,ReddyAvinash
VinayKumar,ReddyAvinash
NidhiSri,ReddyAvinash
DahagamSaketh,ReddyAvinash
JahnaviParni,ReddyAvinash
DivyaKanikala,ReddyAvinash
SnehithBudime,ReddyAvinash
NagarjunaNag,ReddyAvinash
EswaraSai,VishwanthkumarVankadari
SaumyaJain,VishwanthkumarVankadari
AnoopKarnik,VishwanthkumarVankadari
BhanuSrivatsav,VishwanthkumarVankadari
KalyanPingali,VishwanthkumarVankadari
ananthkotti,VishwanthkumarVankadari
ThiruvikramanKandhadai,VishwanthkumarVankadari
AntarikshaYelkawar,VishwanthkumarVankadari
PrasanthAkki,VishwanthkumarVankadari
AurghoBhattacharjee,VishwanthkumarVankadari
VinayakVR,VishwanthkumarVankadari
SaiPadmanabhuni,VishwanthkumarVankadari
DivyaPravallika,VishwanthkumarVankadari
ShriyaPallerla,VishwanthkumarVankadari
AbhilashMirji,VishwanthkumarVankadari
HarshaDutta,VishwanthkumarVankadari
SuhrudhReddy,VishwanthkumarVankadari
VivekhPrabakaran,VishwanthkumarVankadari
ChandraSandeep1,VishwanthkumarVankadari
SiddharthDash1,VishwanthkumarVankadari
NelakuduruVineeth,VishwanthkumarVankadari
ArundhatiRamesh,VishwanthkumarVankadari
PranavRamarao,VishwanthkumarVankadari
VinodhReddyChennu,VishwanthkumarVankadari
RahmanAbdur,VishwanthkumarVankadari
NitinMythreya,VishwanthkumarVankadari
VenkateshMundada,VishwanthkumarVankadari
PraddyumanRungta,VishwanthkumarVankadari
AbhiramChavali,VishwanthkumarVankadari
SaitejaMalyala,VishwanthkumarVankadari
ChowdharySaiPriya,VishwanthkumarVankadari
RakeshSaripalli,VishwanthkumarVankadari
ShivamMittal4,VishwanthkumarVankadari
AkshithAnand,VishwanthkumarVankadari
VinayDevulapalli,VishwanthkumarVankadari
PrachiChandak,VishwanthkumarVankadari
GauravAbburi,VishwanthkumarVankadari
ShivanReddy,VishwanthkumarVankadari
VasundharaKoppisetty,VishwanthkumarVankadari
AvinashAman,VishwanthkumarVankadari
AashishVyas,VishwanthkumarVankadari
plaharireddy,VishwanthkumarVankadari
JahnaviParni,VishwanthkumarVankadari
RiteshRai,VishwanthkumarVankadari
SameerReddy,VishwanthkumarVankadari
SameerReddy,VishwanthkumarVankadari
AvinashSoni,VishwanthkumarVankadari
KaushikThommandra,VishwanthkumarVankadari
MuskanMittal,VishwanthkumarVankadari
RasmiKapuganti,VishwanthkumarVankadari
VVenkateswaraReddy,VishwanthkumarVankadari
ReballyAditya,VishwanthkumarVankadari
LikhithaChaganti,VishwanthkumarVankadari
AmiteshSoni,VishwanthkumarVankadari
KrishnanMadhav,VishwanthkumarVankadari
RahulRochlani,VishwanthkumarVankadari
SyedRaziuddin,VishwanthkumarVankadari
PranshuSharma5,VishwanthkumarVankadari
AnandKallakuri,VishwanthkumarVankadari
NithinGuptha,VishwanthkumarVankadari
GarvMalik,DivyaAnnavajjula
EswaraSai,DivyaAnnavajjula
ChinmayaPatnayak,DivyaAnnavajjula
SaumyaJain,DivyaAnnavajjula
HarshaAechuri,DivyaAnnavajjula
VasanArunachalam,DivyaAnnavajjula
BhanuSrivatsav,DivyaAnnavajjula
MukherjeeAbhinav,DivyaAnnavajjula
ananthkotti,DivyaAnnavajjula
KalyanPingali,DivyaAnnavajjula
ThiruvikramanKandhadai,DivyaAnnavajjula
ShantanuKallakuri,DivyaAnnavajjula
PrasanthAkki,DivyaAnnavajjula
NarenKrishnaMadhurakavi,DivyaAnnavajjula
VinayakVR,DivyaAnnavajjula
AmrithaJayadev,DivyaAnnavajjula
DivyaPravallika,DivyaAnnavajjula
SatyaJulakanti,DivyaAnnavajjula
ShriyaPallerla,DivyaAnnavajjula
LAdithya,DivyaAnnavajjula
SuhrudhReddy,DivyaAnnavajjula
PriyaChowdhary,DivyaAnnavajjula
VivekhPrabakaran,DivyaAnnavajjula
SiddarthYerram,DivyaAnnavajjula
NelakuduruVineeth,DivyaAnnavajjula
SaitejaPasula,DivyaAnnavajjula
saitejakarnati,DivyaAnnavajjula
AnilTalari,DivyaAnnavajjula
SomyaAgarwal,DivyaAnnavajjula
VisishtaKarasani,DivyaAnnavajjula
ArchitaSharma,DivyaAnnavajjula
SandeepGoli,DivyaAnnavajjula
ReddyAvinash,DivyaAnnavajjula
ChiragGarg3,DivyaAnnavajjula
AkhilCh,DivyaAnnavajjula
KartheekManavarthi,DivyaAnnavajjula
PraveenVelicheti,DivyaAnnavajjula
DeepshikaGilbile,DivyaAnnavajjula
SakshamPhul,DivyaAnnavajjula
KeerthanaJetty,DivyaAnnavajjula
RameshAdithya,DivyaAnnavajjula
sharathchandra,DivyaAnnavajjula
HariPriyaRachakonda,DivyaAnnavajjula
KaurManjyot,DivyaAnnavajjula
BibhaNayak,DivyaAnnavajjula
NarayananAnanth,DivyaAnnavajjula
DheerajKumar,DivyaAnnavajjula
AkashAchanta,DivyaAnnavajjula
SrinijaVobugari,DivyaAnnavajjula
likithnadella,DivyaAnnavajjula
VasundharaKoppisetty,DivyaAnnavajjula
SnehaChemarla,DivyaAnnavajjula
MahithaTammineedi,DivyaAnnavajjula
VinayKumar103,DivyaAnnavajjula
HemanthaChowdary,DivyaAnnavajjula
AishwaryaReddy,DivyaAnnavajjula
SaumyaPatnaik,DivyaAnnavajjula
KavyaMohan,DivyaAnnavajjula
ReddyCharith,DivyaAnnavajjula
BabithaMachireddy,DivyaAnnavajjula
GarvMalik,MuditJain
EswaraSai,MuditJain
ChinmayaPatnayak,MuditJain
SaumyaJain,MuditJain
SrikanthSuresh,MuditJain
HarshaAechuri,MuditJain
MukherjeeAbhinav,MuditJain
KalyanPingali,MuditJain
PrasanthAkki,MuditJain
GaneshAshwin,MuditJain
VinayakVR,MuditJain
DivyaPravallika,MuditJain
SatyaJulakanti,MuditJain
SanchitMishra,MuditJain
ShriyaPallerla,MuditJain
LAdithya,MuditJain
SuhrudhReddy,MuditJain
SidharthSai,MuditJain
HridyeshTewani,MuditJain
SaitejaPasula,MuditJain
BobPenielInapanuri,MuditJain
ApurvaVerma2,MuditJain
PranavRamarao,MuditJain
AdityaKumar,MuditJain
saitejakarnati,MuditJain
SomyaAgarwal,MuditJain
AkshayBhat,MuditJain
AkhilCh,MuditJain
AlbertJames,MuditJain
DeepshikaGilbile,MuditJain
KavyaSuma,MuditJain
KaurManjyot,MuditJain
YamunaSBhaskar,MuditJain
WaliaShubham,MuditJain
ShashanthRV,MuditJain
AnshikBansal,MuditJain
ShubiAgarwal,MuditJain
AnirudhKanisetti,MuditJain
DheerajVarmaManthena,MuditJain
AbhinavBagri,MuditJain
SnehaChemarla,MuditJain
DivyaSanghi,MuditJain
KavyaMohan,MuditJain
AnirudhRamesh,MuditJain
CGarimella,MuditJain
AmitSharma,MuditJain
ShahelaShaik,MuditJain
KaushikThommandra,MuditJain
MuskanMittal,MuditJain
SaumyaGupta,MuditJain
UjwalKohad,MuditJain
SaiRamTangirala,MuditJain
NishantPani,MuditJain
BharadwajSwarna,MuditJain
BharathKaravathula,MuditJain
ManeelReddy,MuditJain
UditKotnis,MuditJain
PrafulGupta1,MuditJain
AnuragAnand,MuditJain
SriKrishna,MuditJain
GarvMalik,KavyaSuma
EswaraSai,KavyaSuma
ChinmayaPatnayak,KavyaSuma
SaumyaJain,KavyaSuma
BhanuSrivatsav,KavyaSuma
KalyanPingali,KavyaSuma
MadhuriBhavana,KavyaSuma
SuryaPabbisetty,KavyaSuma
DeepthiMeduri,KavyaSuma
AmrithaJayadev,KavyaSuma
DivyaPravallika,KavyaSuma
ShriyaPallerla,KavyaSuma
SanchitMishra,KavyaSuma
VivekhPrabakaran,KavyaSuma
SiddarthYerram,KavyaSuma
SiddharthDash1,KavyaSuma
SaitejaPasula,KavyaSuma
AshrisChoudhury,KavyaSuma
KomalAgrawal,KavyaSuma
saitejakarnati,KavyaSuma
AnilTalari,KavyaSuma
rajatsaxena,KavyaSuma
ApoorvaMusunuri,KavyaSuma
RaghavenderSahdev,KavyaSuma
GuptaChavi,KavyaSuma
MuditJain,KavyaSuma
SrimanthChaudari,KavyaSuma
SankethVedula,KavyaSuma
ShivamMittal4,KavyaSuma
NarayananAnanth,KavyaSuma
AravindKarthik,KavyaSuma
PrajuktaPradhan,KavyaSuma
VinayDevulapalli,KavyaSuma
MadhureetaDasGupta,KavyaSuma
DeepshaJain,KavyaSuma
DivyaSanghi,KavyaSuma
PrasandthShankar,KavyaSuma
MahithaTammineedi,KavyaSuma
HemanthaChowdary,KavyaSuma
VinayKumar103,KavyaSuma
KavyaMohan,KavyaSuma
AlekhyaAdabala,KavyaSuma
VivekYadav9,KavyaSuma
SreeharipriyaGarikipati,KavyaSuma
HemaVenusha,KavyaSuma
PrathikshaaRangarajan,KavyaSuma
SanjogPanda,KavyaSuma
AnchalBhalotia,KavyaSuma
yasaswinioruganti,KavyaSuma
VaibhavGupta47,KavyaSuma
SrvRaju,KavyaSuma
SaadKatrawala,KavyaSuma
RakshikaBagavathy,KavyaSuma
KinjalJain,KavyaSuma
MuskanMittal,KavyaSuma
SandeepParupudi,KavyaSuma
SaumyaGupta,KavyaSuma
SmritiShah,KavyaSuma
NishantPani,KavyaSuma
SharmilaAppini,KavyaSuma
ChinmayaPatnayak,KeerthanaJetty
SaumyaJain,KeerthanaJetty
HarshaAechuri,KeerthanaJetty
AnoopKarnik,KeerthanaJetty
ananthkotti,KeerthanaJetty
DivyaPravallika,KeerthanaJetty
ShriyaPallerla,KeerthanaJetty
MeenakshiSaranga,KeerthanaJetty
PawanSplv,KeerthanaJetty
PriyaChowdhary,KeerthanaJetty
VivekhPrabakaran,KeerthanaJetty
SiddarthYerram,KeerthanaJetty
ChandraSandeep1,KeerthanaJetty
PrudhviReddy3,KeerthanaJetty
SomyaAgarwal,KeerthanaJetty
VisishtaKarasani,KeerthanaJetty
ArchitaSharma,KeerthanaJetty
AkhilCh,KeerthanaJetty
DeepshikaGilbile,KeerthanaJetty
SnehansuPradhan,KeerthanaJetty
BharadwajRallabandi,KeerthanaJetty
DivyaAnnavajjula,KeerthanaJetty
SrimanthChaudari,KeerthanaJetty
HariPriyaRachakonda,KeerthanaJetty
CharithaReddy,KeerthanaJetty
SravanBabuBodapati,KeerthanaJetty
KaurManjyot,KeerthanaJetty
BibhaNayak,KeerthanaJetty
NarayananAnanth,KeerthanaJetty
SrinijaVobugari,KeerthanaJetty
BadriNarayana,KeerthanaJetty
SreejaReddy1,KeerthanaJetty
ShubiAgarwal,KeerthanaJetty
ManitejaNandana,KeerthanaJetty
ParnilSingh,KeerthanaJetty
SnehaChemarla,KeerthanaJetty
DivyaSanghi,KeerthanaJetty
MahithaTammineedi,KeerthanaJetty
AishwaryaReddy,KeerthanaJetty
SaumyaPatnaik,KeerthanaJetty
KavyaMohan,KeerthanaJetty
ReddyCharith,KeerthanaJetty
SanthoshGuduguntla,KeerthanaJetty
AiswaryaYeduguri,KeerthanaJetty
SamrinJalal,KeerthanaJetty
PranaviReddy1,KeerthanaJetty
AravindAnchala,KeerthanaJetty
AkhilNekkanti,KeerthanaJetty
SumanthBonthu,KeerthanaJetty
PriyanshiRajput,KeerthanaJetty
DivijaGogineni,KeerthanaJetty
RamyaKota1,KeerthanaJetty
SnehithBudime,KeerthanaJetty
ShahelaShaik,KeerthanaJetty
MounicaMaddi,KeerthanaJetty
PadmajaReddy1,KeerthanaJetty
MythriBoggarapu,KeerthanaJetty
STalluri,KeerthanaJetty
TanyaShrivastava,KeerthanaJetty
AbhishekSure,KeerthanaJetty
EswaraSai,HariPriyaRachakonda
SaumyaJain,HariPriyaRachakonda
SrikanthSuresh,HariPriyaRachakonda
AnoopKarnik,HariPriyaRachakonda
ananthkotti,HariPriyaRachakonda
AntarikshaYelkawar,HariPriyaRachakonda
RAHULBASU,HariPriyaRachakonda
ShantanuKallakuri,HariPriyaRachakonda
RaiHimanshu,HariPriyaRachakonda
SuryaPabbisetty,HariPriyaRachakonda
GaneshAshwin,HariPriyaRachakonda
DeepthiMeduri,HariPriyaRachakonda
VinayakVR,HariPriyaRachakonda
AmrithaJayadev,HariPriyaRachakonda
SaiPadmanabhuni,HariPriyaRachakonda
DivyaPravallika,HariPriyaRachakonda
SatyaJulakanti,HariPriyaRachakonda
SanchitMishra,HariPriyaRachakonda
SriPrakyathIyyapu,HariPriyaRachakonda
AbhilashMirji,HariPriyaRachakonda
VikasKotha,HariPriyaRachakonda
RahulDubey22,HariPriyaRachakonda
ShubhamJain85,HariPriyaRachakonda
SaitejaPasula,HariPriyaRachakonda
PrashantLalwani,HariPriyaRachakonda
KomalAgrawal,HariPriyaRachakonda
PrudhviReddy3,HariPriyaRachakonda
AnilTalari,HariPriyaRachakonda
SomyaAgarwal,HariPriyaRachakonda
SalabhGoyal,HariPriyaRachakonda
ARCHITASAHU,HariPriyaRachakonda
TrRamesh,HariPriyaRachakonda
SnehaBajaj,HariPriyaRachakonda
AlbertJames,HariPriyaRachakonda
GuptaChavi,HariPriyaRachakonda
AnvithaAdhikarla,HariPriyaRachakonda
DivyaAnnavajjula,HariPriyaRachakonda
akashraj,HariPriyaRachakonda
PandiyanNitt,HariPriyaRachakonda
ChowdharySaiPriya,HariPriyaRachakonda
KeerthanaJetty,HariPriyaRachakonda
ShashanthRV,HariPriyaRachakonda
SrinijaVobugari,HariPriyaRachakonda
PratyushSharan,HariPriyaRachakonda
SreejaReddy1,HariPriyaRachakonda
AbhinavBagri,HariPriyaRachakonda
MahithaTammineedi,HariPriyaRachakonda
VishakaThekkedath,HariPriyaRachakonda
SreeharipriyaGarikipati,HariPriyaRachakonda
PoojaVivacious,HariPriyaRachakonda
SamrinJalal,HariPriyaRachakonda
PriyanshiRajput,HariPriyaRachakonda
KinneraPaladugu,HariPriyaRachakonda
SMalayanur,HariPriyaRachakonda
sridharpratapa,HariPriyaRachakonda
PadmajaReddy1,HariPriyaRachakonda
MounicaMaddi,HariPriyaRachakonda
charanlakkaraju,HariPriyaRachakonda
VenkatanarayanaNerella,HariPriyaRachakonda
VaishnaviTadakamalla,HariPriyaRachakonda
GarvMalik,ShivamMittal4
ChinmayaPatnayak,ShivamMittal4
SaumyaJain,ShivamMittal4
HarshaAechuri,ShivamMittal4
AnoopKarnik,ShivamMittal4
SwetabhKumar,ShivamMittal4
SatyendraTripathi,ShivamMittal4
ananthkotti,ShivamMittal4
AntarikshaYelkawar,ShivamMittal4
RAHULBASU,ShivamMittal4
RaiHimanshu,ShivamMittal4
MitulGirotra,ShivamMittal4
SuryaPabbisetty,ShivamMittal4
AurghoBhattacharjee,ShivamMittal4
DeepthiMeduri,ShivamMittal4
PraneethSmk,ShivamMittal4
DivyaPravallika,ShivamMittal4
SatyaJulakanti,ShivamMittal4
ShriyaPallerla,ShivamMittal4
SanchitMishra,ShivamMittal4
VikasKotha,ShivamMittal4
RaunakSinghal,ShivamMittal4
LAdithya,ShivamMittal4
RahulDubey22,ShivamMittal4
ChandraSandeep1,ShivamMittal4
SidharthSai,ShivamMittal4
HridyeshTewani,ShivamMittal4
PrashantLalwani,ShivamMittal4
ApurvaVerma2,ShivamMittal4
PrasanthAbraham,ShivamMittal4
rishabhsaraswat,ShivamMittal4
NamanBafna,ShivamMittal4
KomalAgrawal,ShivamMittal4
GunjeshSingh,ShivamMittal4
AdityaKumar,ShivamMittal4
ShaileshSolanki,ShivamMittal4
SomyaAgarwal,ShivamMittal4
AkshayBhat,ShivamMittal4
KartheekManavarthi,ShivamMittal4
RaghavenderSahdev,ShivamMittal4
MohitJain,ShivamMittal4
AlbertJames,ShivamMittal4
AbhijeetMulugu,ShivamMittal4
VishwanthkumarVankadari,ShivamMittal4
DeepshikaGilbile,ShivamMittal4
GuptaChavi,ShivamMittal4
KavyaSuma,ShivamMittal4
RameshAdithya,ShivamMittal4
KaurManjyot,ShivamMittal4
WaliaShubham,ShivamMittal4
ShashanthRV,ShivamMittal4
VamsiMohan3,ShivamMittal4
SrinijaVobugari,ShivamMittal4
RaunakSharma,ShivamMittal4
PratyushSharan,ShivamMittal4
SreejaReddy1,ShivamMittal4
AbhinavBagri,ShivamMittal4
DeepshaJain,ShivamMittal4
DheerajVarmaManthena,ShivamMittal4
AkashSingh66,ShivamMittal4
GarvMalik,BibhaNayak
EswaraSai,BibhaNayak
SaumyaJain,BibhaNayak
AnoopKarnik,BibhaNayak
ananthkotti,BibhaNayak
KalyanPingali,BibhaNayak
AntarikshaYelkawar,BibhaNayak
RAHULBASU,BibhaNayak
ShantanuKallakuri,BibhaNayak
RaiHimanshu,BibhaNayak
PrasanthAkki,BibhaNayak
MitulGirotra,BibhaNayak
AurghoBhattacharjee,BibhaNayak
AmrithaJayadev,BibhaNayak
DivyaPravallika,BibhaNayak
AnuragKorlakunta,BibhaNayak
ShriyaPallerla,BibhaNayak
SanchitMishra,BibhaNayak
UtkarshDubey,BibhaNayak
RaunakSinghal,BibhaNayak
SmaranikaNath,BibhaNayak
PriyaChowdhary,BibhaNayak
RahulDubey22,BibhaNayak
VivekhPrabakaran,BibhaNayak
SiddharthDash1,BibhaNayak
PrashantLalwani,BibhaNayak
rishabhsaraswat,BibhaNayak
PratikJayaswal,BibhaNayak
SujataKhandare,BibhaNayak
SomyaAgarwal,BibhaNayak
RahmanAbdur,BibhaNayak
ArchitaSharma,BibhaNayak
RaghavenderSahdev,BibhaNayak
ARCHITASAHU,BibhaNayak
DeepshikaGilbile,BibhaNayak
SnehansuPradhan,BibhaNayak
SaumyaVerma4,BibhaNayak
DivyaAnnavajjula,BibhaNayak
akashraj,BibhaNayak
VDwivedi,BibhaNayak
SakshamPhul,BibhaNayak
SriHarsha,BibhaNayak
KeerthanaJetty,BibhaNayak
ChowdharySaiPriya,BibhaNayak
SatyaNarayanDas,BibhaNayak
MahithaTammineedi,BibhaNayak
MushtaqMohammad,BibhaNayak
VishakaThekkedath,BibhaNayak
KavyaMohan,BibhaNayak
RojaVani,BibhaNayak
SamrinJalal,BibhaNayak
SnehaKhaitan,BibhaNayak
KinneraPaladugu,BibhaNayak
ShrutiChowdhary,BibhaNayak
DeepakCholasamudram,BibhaNayak
SPrakash,BibhaNayak
SandeepNanduri,BibhaNayak
SusanPedditi,BibhaNayak
ManognaKuchimanchi,BibhaNayak
KalyanYasaswi,BibhaNayak
SaumyaJain,KaurManjyot
AntarikshaYelkawar,KaurManjyot
MitulGirotra,KaurManjyot
DeepthiMeduri,KaurManjyot
VinayakVR,KaurManjyot
DivyaPravallika,KaurManjyot
SatyaJulakanti,KaurManjyot
SanchitMishra,KaurManjyot
ShriyaPallerla,KaurManjyot
SiddarthYerram,KaurManjyot
NamanBafna,KaurManjyot
AdityaKumar,KaurManjyot
SaiTripathy,KaurManjyot
ManojMadabhushi,KaurManjyot
SomyaAgarwal,KaurManjyot
rajatsaxena,KaurManjyot
VisishtaKarasani,KaurManjyot
SandeepGoli,KaurManjyot
ChiragGarg3,KaurManjyot
ARCHITASAHU,KaurManjyot
ArvindSunder,KaurManjyot
DivyaAnnavajjula,KaurManjyot
MuditJain,KaurManjyot
SakshamPhul,KaurManjyot
KeerthanaJetty,KaurManjyot
SiddharthMishra,KaurManjyot
ShivamMittal4,KaurManjyot
TejeshwarSingh,KaurManjyot
NarayananAnanth,KaurManjyot
DheerajKumar,KaurManjyot
SrinijaVobugari,KaurManjyot
SreejaReddy1,KaurManjyot
ShubiAgarwal,KaurManjyot
PrachiChandak,KaurManjyot
AditiShrivastava,KaurManjyot
SnehaChemarla,KaurManjyot
SreesankaranNamboothiri,KaurManjyot
DivyaSanghi,KaurManjyot
MahithaTammineedi,KaurManjyot
VinayKumar103,KaurManjyot
KavyaMohan,KaurManjyot
SaumyaPatnaik,KaurManjyot
ReddyCharith,KaurManjyot
SamrinJalal,KaurManjyot
ArjunVijayvargiya,KaurManjyot
PriyanshiRajput,KaurManjyot
DivijaGogineni,KaurManjyot
SaumitraTiwari,KaurManjyot
RamyaKota1,KaurManjyot
NagarjunaNag,KaurManjyot
AmandeepSingh,KaurManjyot
ShahelaShaik,KaurManjyot
PadmajaReddy1,KaurManjyot
ManasiMudaliyar,KaurManjyot
ArshdeepSingh11,KaurManjyot
STalluri,KaurManjyot
ShravyaMylavarapu,KaurManjyot
LikhithaChaganti,KaurManjyot
AsmithaVanaparthi,KaurManjyot
JoshiSurabhi,KaurManjyot
SaumyaJain,SrinijaVobugari
ChanduParimi,SrinijaVobugari
SrikanthSuresh,SrinijaVobugari
AnoopKarnik,SrinijaVobugari
VinayakVR,SrinijaVobugari
DivyaPravallika,SrinijaVobugari
SatyaJulakanti,SrinijaVobugari
ShriyaPallerla,SrinijaVobugari
PriyaChowdhary,SrinijaVobugari
SiddarthYerram,SrinijaVobugari
NelakuduruVineeth,SrinijaVobugari
saitejakarnati,SrinijaVobugari
AnilTalari,SrinijaVobugari
SomyaAgarwal,SrinijaVobugari
VisishtaKarasani,SrinijaVobugari
SandeepGoli,SrinijaVobugari
KaranGarg,SrinijaVobugari
ChiragGarg3,SrinijaVobugari
ApoorvaMusunuri,SrinijaVobugari
DeepshikaGilbile,SrinijaVobugari
DivyaAnnavajjula,SrinijaVobugari
KeerthanaJetty,SrinijaVobugari
SrimanthChaudari,SrinijaVobugari
HariPriyaRachakonda,SrinijaVobugari
KaurManjyot,SrinijaVobugari
ShivamMittal4,SrinijaVobugari
DheerajKumar,SrinijaVobugari
SwarnaSaiGopiNihal,SrinijaVobugari
HemaangKotta,SrinijaVobugari
AakashJain2,SrinijaVobugari
SreejaReddy1,SrinijaVobugari
PrachiChandak,SrinijaVobugari
ShubiAgarwal,SrinijaVobugari
SnehaChemarla,SrinijaVobugari
AditiShrivastava,SrinijaVobugari
MahithaTammineedi,SrinijaVobugari
AishwaryaReddy,SrinijaVobugari
KavyaMohan,SrinijaVobugari
SaumyaPatnaik,SrinijaVobugari
RiyaSaxena,SrinijaVobugari
SamrinJalal,SrinijaVobugari
DahagamSaketh,SrinijaVobugari
PriyanshiRajput,SrinijaVobugari
RakshikaBagavathy,SrinijaVobugari
ShahelaShaik,SrinijaVobugari
PadmajaReddy1,SrinijaVobugari
BharathReddyRondla,SrinijaVobugari
YesaswiniKarumanchi,SrinijaVobugari
STalluri,SrinijaVobugari
MounishRaja,SrinijaVobugari
TanyaShrivastava,SrinijaVobugari
ShravyaMylavarapu,SrinijaVobugari
LikhithaChaganti,SrinijaVobugari
AsmithaVanaparthi,SrinijaVobugari
JoshiSurabhi,SrinijaVobugari
ReddyApoorva,SrinijaVobugari
KrishnaChaitanya2,SrinijaVobugari
HarikaSai1,SrinijaVobugari
HimasreeMustyala,SrinijaVobugari
PadmashreeKalvagadda,SrinijaVobugari
GarvMalik,PratyushSharan
EswaraSai,PratyushSharan
ChinmayaPatnayak,PratyushSharan
SiddharthDangi,PratyushSharan
SaumyaJain,PratyushSharan
ThiruvikramanKandhadai,PratyushSharan
SuryaPabbisetty,PratyushSharan
NarenKrishnaMadhurakavi,PratyushSharan
DeepthiMeduri,PratyushSharan
VinayakVR,PratyushSharan
DivyaPravallika,PratyushSharan
VikasKotha,PratyushSharan
RaunakSinghal,PratyushSharan
HarshaDutta,PratyushSharan
NelakuduruVineeth,PratyushSharan
HridyeshTewani,PratyushSharan
PrashantLalwani,PratyushSharan
KomalAgrawal,PratyushSharan
ManojMadabhushi,PratyushSharan
AditiShrivastava,PratyushSharan
VisishtaKarasani,PratyushSharan
rajatsaxena,PratyushSharan
ReddyAvinash,PratyushSharan
ChiragGarg3,PratyushSharan
KartheekManavarthi,PratyushSharan
MohitJain,PratyushSharan
ArvindSunder,PratyushSharan
ArundhatiAkhouri,PratyushSharan
SrimanthChaudari,PratyushSharan
SankethVedula,PratyushSharan
HariPriyaRachakonda,PratyushSharan
AdityaKhandelwal1,PratyushSharan
ShivamMittal4,PratyushSharan
DheerajKumar,PratyushSharan
PushkarPrasun,PratyushSharan
SiddhantDangi,PratyushSharan
PrachiChandak,PratyushSharan
swayampragnyamishra,PratyushSharan
DheerajVarmaManthena,PratyushSharan
VigneshSitaraman,PratyushSharan
RoshniSharma2,PratyushSharan
SreeharipriyaGarikipati,PratyushSharan
VivekYadav9,PratyushSharan
GunjitKandpal,PratyushSharan
PriyadarshiniSundar,PratyushSharan
PriyadarshiniSundar,PratyushSharan
AnchalBhalotia,PratyushSharan
SaadKatrawala,PratyushSharan
NagarjunaNag,PratyushSharan
KinjalJain,PratyushSharan
SudhanshuKansal,PratyushSharan
AshishRastogi,PratyushSharan
AshutoshKaneriya,PratyushSharan
SushanthSai,PratyushSharan
SaumyaGupta,PratyushSharan
SmritiShah,PratyushSharan
VinaySaxena,PratyushSharan
PrernaManian,PratyushSharan
JainPrasuk,PratyushSharan
GoralAgrawal,PratyushSharan
SabareeshNikhilC,SreejaReddy1
ChinmayaPatnayak,SreejaReddy1
SaumyaJain,SreejaReddy1
HarshaAechuri,SreejaReddy1
BhanuSrivatsav,SreejaReddy1
ananthkotti,SreejaReddy1
DivyaPravallika,SreejaReddy1
SatyaJulakanti,SreejaReddy1
ShriyaPallerla,SreejaReddy1
MeenakshiSaranga,SreejaReddy1
PawanSplv,SreejaReddy1
JainShubham,SreejaReddy1
rishabhsaraswat,SreejaReddy1
VisishtaKarasani,SreejaReddy1
SandeepGoli,SreejaReddy1
AkhilCh,SreejaReddy1
SriKrishnaPriyaD,SreejaReddy1
SaiSaurab,SreejaReddy1
SnehansuPradhan,SreejaReddy1
BharadwajRallabandi,SreejaReddy1
AshishSV,SreejaReddy1
JournalIJCSES,SreejaReddy1
KeerthanaJetty,SreejaReddy1
HariPriyaRachakonda,SreejaReddy1
CharithaReddy,SreejaReddy1
ShivamMittal4,SreejaReddy1
KaurManjyot,SreejaReddy1
NarayananAnanth,SreejaReddy1
SrinijaVobugari,SreejaReddy1
AakashJain2,SreejaReddy1
GouthamVaraprasadNaik,SreejaReddy1
PrachiChandak,SreejaReddy1
ChakilamSrikarraj,SreejaReddy1
ParnilSingh,SreejaReddy1
RohitKyasa,SreejaReddy1
MahithaTammineedi,SreejaReddy1
PavanHebbar,SreejaReddy1
SaumyaPatnaik,SreejaReddy1
SanthoshGuduguntla,SreejaReddy1
seetharamarajuMidathala,SreejaReddy1
AiswaryaYeduguri,SreejaReddy1
SamrinJalal,SreejaReddy1
AravindAnchala,SreejaReddy1
AkhilNekkanti,SreejaReddy1
SumanthBonthu,SreejaReddy1
DheerajManchukonda,SreejaReddy1
ShahelaShaik,SreejaReddy1
MounicaMaddi,SreejaReddy1
PadmajaReddy1,SreejaReddy1
AshwiniMuthineni,SreejaReddy1
UjwalKohad,SreejaReddy1
RohitKumar,SreejaReddy1
MythriBoggarapu,SreejaReddy1
AbhinayChetla,SreejaReddy1
SaiNaveen,SreejaReddy1
AlekhyaKaki,SreejaReddy1
DedeepyaGuduguntla,SreejaReddy1
STalluri,SreejaReddy1
TanyaShrivastava,SreejaReddy1
ShravyaMylavarapu,SreejaReddy1
GarvMalik,ShubiAgarwal
SaumyaJain,ShubiAgarwal
ApoorvaReddy,ShubiAgarwal
DeepthiMeduri,ShubiAgarwal
PraneethSmk,ShubiAgarwal
DivyaPravallika,ShubiAgarwal
SatyaJulakanti,ShubiAgarwal
SanchitMishra,ShubiAgarwal
ShriyaPallerla,ShubiAgarwal
SarthakGhosh,ShubiAgarwal
PriyaChowdhary,ShubiAgarwal
VivekhPrabakaran,ShubiAgarwal
HridyeshTewani,ShubiAgarwal
ApurvaVerma2,ShubiAgarwal
SomyaAgarwal,ShubiAgarwal
PrannoyPilligundla,ShubiAgarwal
ArchitaSharma,ShubiAgarwal
KartheekManavarthi,ShubiAgarwal
PraveenVelicheti,ShubiAgarwal
DeepshikaGilbile,ShubiAgarwal
MuditJain,ShubiAgarwal
KeerthanaJetty,ShubiAgarwal
KapilSubramaniam,ShubiAgarwal
KaurManjyot,ShubiAgarwal
SiddharthMishra,ShubiAgarwal
SrinijaVobugari,ShubiAgarwal
AakashJain2,ShubiAgarwal
AditiShrivastava,ShubiAgarwal
MahithaTammineedi,ShubiAgarwal
RamyaTenneti,ShubiAgarwal
AishwaryaReddy,ShubiAgarwal
SandeepBhargav,ShubiAgarwal
KavyaMohan,ShubiAgarwal
SamrinJalal,ShubiAgarwal
AnchalBhalotia,ShubiAgarwal
SnehaKhaitan,ShubiAgarwal
PriyanshiRajput,ShubiAgarwal
DivijaGogineni,ShubiAgarwal
YashAgarwal14,ShubiAgarwal
GaneshMahidhar,ShubiAgarwal
KinjalJain,ShubiAgarwal
ShahelaShaik,ShubiAgarwal
TanyaShrivastava,ShubiAgarwal
yesaswinikkatragadda,ShubiAgarwal
AsmithaVanaparthi,ShubiAgarwal
LavanyaSekharamahanti,ShubiAgarwal
ShashankTripathi16,ShubiAgarwal
TushitThakkar,ShubiAgarwal
SweekruthiMane,ShubiAgarwal
SravanthiPoonganam,ShubiAgarwal
HimasreeMustyala,ShubiAgarwal
HarikaSai1,ShubiAgarwal
SushmithaRao2,ShubiAgarwal
IVyas,ShubiAgarwal
SusheelKrishna,ShubiAgarwal
ShantiModi,ShubiAgarwal
VatsalAsawa,ShubiAgarwal
DarshanChauhan,ShubiAgarwal
SpoorthiNedunoori,ShubiAgarwal
soumyanema,ShubiAgarwal
GarvMalik,PrachiChandak
EswaraSai,PrachiChandak
ChinmayaPatnayak,PrachiChandak
SaumyaJain,PrachiChandak
SrikanthSuresh,PrachiChandak
AnoopKarnik,PrachiChandak
SwetabhKumar,PrachiChandak
BhanuSrivatsav,PrachiChandak
MukherjeeAbhinav,PrachiChandak
KalyanPingali,PrachiChandak
ananthkotti,PrachiChandak
AntarikshaYelkawar,PrachiChandak
MitulGirotra,PrachiChandak
SuryaPabbisetty,PrachiChandak
GaneshAshwin,PrachiChandak
SrikantBharadwaj,PrachiChandak
AurghoBhattacharjee,PrachiChandak
AmrithaJayadev,PrachiChandak
SaiPadmanabhuni,PrachiChandak
DivyaPravallika,PrachiChandak
SatyaJulakanti,PrachiChandak
SanchitMishra,PrachiChandak
ShriyaPallerla,PrachiChandak
VikasKotha,PrachiChandak
HarshaDutta,PrachiChandak
RahulDubey22,PrachiChandak
SiddharthDash1,PrachiChandak
PrashantLalwani,PrachiChandak
ApurvaVerma2,PrachiChandak
NamanBafna,PrachiChandak
PratikJayaswal,PrachiChandak
KomalAgrawal,PrachiChandak
GunjeshSingh,PrachiChandak
PranavRamarao,PrachiChandak
AdityaKumar,PrachiChandak
HemantArora2,PrachiChandak
AnilTalari,PrachiChandak
SomyaAgarwal,PrachiChandak
ArchitaSharma,PrachiChandak
AkshayBhat,PrachiChandak
KaranGarg,PrachiChandak
RaghavenderSahdev,PrachiChandak
ARCHITASAHU,PrachiChandak
PraddyumanRungta,PrachiChandak
VishwanthkumarVankadari,PrachiChandak
DeepshikaGilbile,PrachiChandak
GuptaChavi,PrachiChandak
ChowdharySaiPriya,PrachiChandak
KaurManjyot,PrachiChandak
AbhishekMate,PrachiChandak
SrinijaVobugari,PrachiChandak
PratyushSharan,PrachiChandak
SreejaReddy1,PrachiChandak
AbhinavBagri,PrachiChandak
JainAkshansh,PrachiChandak
MahithaTammineedi,PrachiChandak
VishakaThekkedath,PrachiChandak
SamrinJalal,PrachiChandak
ArjunVijayvargiya,PrachiChandak
ShrutiChowdhary,PrachiChandak
EswaraSai,SnehaChemarla
SaumyaJain,SnehaChemarla
ChanduParimi,SnehaChemarla
HarshaAechuri,SnehaChemarla
AnoopKarnik,SnehaChemarla
ananthkotti,SnehaChemarla
SuryaPabbisetty,SnehaChemarla
DeepthiMeduri,SnehaChemarla
PraneethSmk,SnehaChemarla
DivyaPravallika,SnehaChemarla
SatyaJulakanti,SnehaChemarla
ShriyaPallerla,SnehaChemarla
SanchitMishra,SnehaChemarla
LAdithya,SnehaChemarla
VivekhPrabakaran,SnehaChemarla
ChandraSandeep1,SnehaChemarla
SidharthSai,SnehaChemarla
SaitejaPasula,SnehaChemarla
ApurvaVerma2,SnehaChemarla
AdityaKumar,SnehaChemarla
VinodhReddyChennu,SnehaChemarla
PrudhviReddy3,SnehaChemarla
SomyaAgarwal,SnehaChemarla
SandeepGoli,SnehaChemarla
NitinMythreya,SnehaChemarla
KartheekManavarthi,SnehaChemarla
AlbertJames,SnehaChemarla
DeepshikaGilbile,SnehaChemarla
GuptaChavi,SnehaChemarla
MuditJain,SnehaChemarla
DivyaAnnavajjula,SnehaChemarla
JaidiJeevan,SnehaChemarla
ChowdharySaiPriya,SnehaChemarla
SwagatReddy,SnehaChemarla
KapilSubramaniam,SnehaChemarla
KeerthanaJetty,SnehaChemarla
KaurManjyot,SnehaChemarla
ShashanthRV,SnehaChemarla
AkshithAnand,SnehaChemarla
SrinijaVobugari,SnehaChemarla
ShivaReisende,SnehaChemarla
AakashJain2,SnehaChemarla
GauravAbburi,SnehaChemarla
GovindarajaKomanduri,SnehaChemarla
DeepshaJain,SnehaChemarla
MahithaTammineedi,SnehaChemarla
VishakaThekkedath,SnehaChemarla
SreeharipriyaGarikipati,SnehaChemarla
SamrinJalal,SnehaChemarla
DivyaKanikala,SnehaChemarla
KinneraPaladugu,SnehaChemarla
ShahelaShaik,SnehaChemarla
SaiKrishnaKoushik,SnehaChemarla
STalluri,SnehaChemarla
NandiniBUSIREDDY,SnehaChemarla
PadmashreeKalvagadda,SnehaChemarla
HemanthReddy12,SnehaChemarla
YogyaChintalapati,SnehaChemarla
chiragmistry,SnehaChemarla
PrayagBiswal,MadhureetaDasGupta
HarikaNelli,MadhureetaDasGupta
TriyanshaVijay,MadhureetaDasGupta
RajaAmbrish,MadhureetaDasGupta
RishitaDas,MadhureetaDasGupta
KhushbooYadav,MadhureetaDasGupta
MadhuriBhavana,MadhureetaDasGupta
NiharikaTomar,MadhureetaDasGupta
HaarshDubey,MadhureetaDasGupta
DivyaPravallika,MadhureetaDasGupta
ShriyaPallerla,MadhureetaDasGupta
ArnabDutta10,MadhureetaDasGupta
RaunakChitlangia,MadhureetaDasGupta
YashLundia,MadhureetaDasGupta
SanjanaMaraboina,MadhureetaDasGupta
AkankshaKumari8,MadhureetaDasGupta
MayankRoy,MadhureetaDasGupta
KeerthanaGopalakrishnan,MadhureetaDasGupta
RuhikaDarbare,MadhureetaDasGupta
SmrutiRanjanSwain,MadhureetaDasGupta
MurtazaPhalasiya,MadhureetaDasGupta
VarshitDusad,MadhureetaDasGupta
KavyaSuma,MadhureetaDasGupta
SarasijaGaddameedi,MadhureetaDasGupta
AtchutaSrinivasDuddu,MadhureetaDasGupta
VyomShrivastava,MadhureetaDasGupta
ShraddhaMehta,MadhureetaDasGupta
GokulBabu,MadhureetaDasGupta
MuditBachhawat,MadhureetaDasGupta
TusharGupta,MadhureetaDasGupta
AbhijeetPasumarthy,MadhureetaDasGupta
SrvRaju,MadhureetaDasGupta
DibyaRoy,MadhureetaDasGupta
AnumRaza,MadhureetaDasGupta
SandeepParupudi,MadhureetaDasGupta
meghagarg,MadhureetaDasGupta
YatharthGupta3,MadhureetaDasGupta
GargBhavesh,MadhureetaDasGupta
AnkurBiswas,MadhureetaDasGupta
DiptarunSarkar,MadhureetaDasGupta
SidhuRobin,MadhureetaDasGupta
MayankSinha,MadhureetaDasGupta
AbhignaRevuru,MadhureetaDasGupta
MandarKamalaskar,MadhureetaDasGupta
SampathKolachana,MadhureetaDasGupta
KumarSaini,MadhureetaDasGupta
PreetomSorkor,MadhureetaDasGupta
SonikaPiridi,MadhureetaDasGupta
AhindrilaSaha,MadhureetaDasGupta
GauravSoni24,MadhureetaDasGupta
AbhishekBala,MadhureetaDasGupta
YogyaChintalapati,MadhureetaDasGupta
NarendraChukka,MadhureetaDasGupta
VineethChinmay,MadhureetaDasGupta
RajAnand,MadhureetaDasGupta
SwetaRathi,MadhureetaDasGupta
BhukyaLavanya,MadhureetaDasGupta
KandulaManasaReddy,MadhureetaDasGupta
SoumyaMandol,MadhureetaDasGupta
DrNatarajanBR,AmritPal
KrishnaVijay,AmritPal
GamzeSart,AmritPal
OsamaManzar,AmritPal
FedericoBucchi,AmritPal
SaiDeo,AmritPal
ShrenikKhot,AmritPal
RishabhKaul,AmritPal
ShreyGoyal,AmritPal
RamnarayanShreyas,AmritPal
KshitijGarg,AmritPal
SuvonilChatterjee,AmritPal
ATIFWAHAB,AmritPal
DoraiThodla,AmritPal
AditiGupta,AmritPal
AkhileshKumar,AmritPal
MukherjeeAbhinav,AmritPal
ajuonline,AmritPal
SainathGupta,AmritPal
KartikMandaville,AmritPal
HemantSahal,AmritPal
KushagraNigam,AmritPal
AnirudhWodeyar,AmritPal
AbhishekAgrawal35,AmritPal
NijuMohan,AmritPal
NitinSamuel,AmritPal
LucieArgelies,AmritPal
AjachiChakrabarti,AmritPal
ArunKumarWaghchoure,AmritPal
AnindyaMaiti,AmritPal
RenukaPai,AmritPal
PratishBala,AmritPal
saileshkondraganti,AmritPal
SuryaKlsv,AmritPal
JAVEDALAM,AmritPal
niteshkumar,AmritPal
RadhikaGaonkar,AmritPal
PrateikPothuneedi,AmritPal
varunkumarreddygoli,AmritPal
TallulahDsilva,AmritPal
ShashankShekhar,AmritPal
DevendraDidwaniya,AmritPal
SouravPoddar,AmritPal
GokulNathSridhar,AmritPal
ShivanshSrivastava,AmritPal
ParagGupta,AmritPal
FrancisJames,AmritPal
RishabhMakharia,AmritPal
AJain,AmritPal
KrisNair,AmritPal
Nishchayisaac,AmritPal
rohitraj,AmritPal
TanayVora,AmritPal
ShivranjanaRathore,AmritPal
VaibhavNasery,AmritPal
BalakrishnanRaghavan,AmritPal
HariKrishnaUpadhyayula,AmritPal
VinayIyer,AmritPal
KanchanAgrawal,AmritPal
FionaYang,AmritPal
TuhinMondal1,SriPrakyathIyyapu
ShravyaLahari,SriPrakyathIyyapu
AnoopKarnik,SriPrakyathIyyapu
KabirKaushal,SriPrakyathIyyapu
RahulMadadi,SriPrakyathIyyapu
PrasanthAkki,SriPrakyathIyyapu
VinayakVR,SriPrakyathIyyapu
TanveetSaluja,SriPrakyathIyyapu
NikhilJones,SriPrakyathIyyapu
chavaliaditya,SriPrakyathIyyapu
SwethaNimmagadda,SriPrakyathIyyapu
SaiPadmanabhuni,SriPrakyathIyyapu
RishiJain,SriPrakyathIyyapu
FaisalAhmad3,SriPrakyathIyyapu
JaydevSarkar,SriPrakyathIyyapu
AbhishekMurarka,SriPrakyathIyyapu
SuryaKlsv,SriPrakyathIyyapu
MadhulekhaTallapudi,SriPrakyathIyyapu
MridulManna,SriPrakyathIyyapu
SiddarthYerram,SriPrakyathIyyapu
ShubhamJain85,SriPrakyathIyyapu
NelakuduruVineeth,SriPrakyathIyyapu
varunkumarreddygoli,SriPrakyathIyyapu
MurthyPendyala,SriPrakyathIyyapu
GokulNathSridhar,SriPrakyathIyyapu
BiswaPrasannaMishra,SriPrakyathIyyapu
GunjeshSingh,SriPrakyathIyyapu
nabeelahmed,SriPrakyathIyyapu
ManojMadabhushi,SriPrakyathIyyapu
SwamyIdln,SriPrakyathIyyapu
MandarachalamAruchamy,SriPrakyathIyyapu
balakoteshwar,SriPrakyathIyyapu
YatinBhardwaj,SriPrakyathIyyapu
SandeepGoli,SriPrakyathIyyapu
RahulPathrabe,SriPrakyathIyyapu
RathishArumugam,SriPrakyathIyyapu
KaranGarg,SriPrakyathIyyapu
ArvindSunder,SriPrakyathIyyapu
viveknimbarmunde,SriPrakyathIyyapu
HariKrishnaUpadhyayula,SriPrakyathIyyapu
PriteshDindor,SriPrakyathIyyapu
SashankaPaladugu,SriPrakyathIyyapu
GarimaAstha,SriPrakyathIyyapu
AnvithaAdhikarla,SriPrakyathIyyapu
ShivangiSingh,SriPrakyathIyyapu
AgarwalArushi,SriPrakyathIyyapu
HariPriyaRachakonda,SriPrakyathIyyapu
pallerakesh,SriPrakyathIyyapu
TejeshwarSingh,SriPrakyathIyyapu
MukeshPatel10,SriPrakyathIyyapu
RohitaMaddipati,SriPrakyathIyyapu
SiddardhGouri,SriPrakyathIyyapu
YaminiSandeep,SriPrakyathIyyapu
ChandraVikas,SriPrakyathIyyapu
KatragaddaAvinash,SriPrakyathIyyapu
KodakandlaAvinash,SriPrakyathIyyapu
AkshayAnanthakrishnan,SriPrakyathIyyapu
VenkataSriramaKrishnaTejaKonduri,SriPrakyathIyyapu
DineshKumarDasari,SriPrakyathIyyapu
AkhileshSharma1,SriPrakyathIyyapu
IJSETIN,ShubhamJain85
ShravyaLahari,ShubhamJain85
SaumyaJain,ShubhamJain85
TanveetSaluja,ShubhamJain85
NikhilJones,ShubhamJain85
SaiPadmanabhuni,ShubhamJain85
SriPrakyathIyyapu,ShubhamJain85
FaisalAhmad3,ShubhamJain85
SuryaKlsv,ShubhamJain85
DuttaNamrata,ShubhamJain85
RahulDubey22,ShubhamJain85
SiddarthYerram,ShubhamJain85
NelakuduruVineeth,ShubhamJain85
AnkurAgrawal1,ShubhamJain85
GokulNathSridhar,ShubhamJain85
BiswaPrasannaMishra,ShubhamJain85
GunjeshSingh,ShubhamJain85
krishnakarthick,ShubhamJain85
SwamyIdln,ShubhamJain85
ManojMadabhushi,ShubhamJain85
nabeelahmed,ShubhamJain85
rajatsaxena,ShubhamJain85
SandeepGoli,ShubhamJain85
viveknimbarmunde,ShubhamJain85
HariKrishnaUpadhyayula,ShubhamJain85
SnehansuPradhan,ShubhamJain85
SaumyaVerma4,ShubhamJain85
SashankaPaladugu,ShubhamJain85
AnvithaAdhikarla,ShubhamJain85
JaidiJeevan,ShubhamJain85
HariPriyaRachakonda,ShubhamJain85
RakeshSaripalli,ShubhamJain85
TejeshwarSingh,ShubhamJain85
IKhanna,ShubhamJain85
RishabhGupta1,ShubhamJain85
AkshayAnanthakrishnan,ShubhamJain85
JainShashank,ShubhamJain85
AshishSingh41,ShubhamJain85
ShashankPandey,ShubhamJain85
AkhileshSharma1,ShubhamJain85
SudharsanVeeravalli,ShubhamJain85
RahulThakur28,ShubhamJain85
RaghavSinha,ShubhamJain85
SriramKrishnaswamy,ShubhamJain85
RishiPatel,ShubhamJain85
RavitejaBhagi,ShubhamJain85
DeepamJaiswal,ShubhamJain85
ashishshukla,ShubhamJain85
GunjitKandpal,ShubhamJain85
ShrutiMishra,ShubhamJain85
AbhinavChoudhury,ShubhamJain85
AshishPingulkar,ShubhamJain85
,ShubhamJain85
AbhijeetPendyala,ShubhamJain85
SumanthGottipati,ShubhamJain85
NishantNayak,ShubhamJain85
AbhinavRai1,ShubhamJain85
SaumitraTiwari,ShubhamJain85
VarunSoni,ShubhamJain85
RaunakSharan,ShubhamJain85
EswaraSai,SuryaPrathap
SrikanthSuresh,SuryaPrathap
AnoopKarnik,SuryaPrathap
RakshitVinnakota,SuryaPrathap
SriVenkatPoolla,SuryaPrathap
ShantanuKallakuri,SuryaPrathap
RaiHimanshu,SuryaPrathap
MitulGirotra,SuryaPrathap
AmrithaJayadev,SuryaPrathap
PraneethSmk,SuryaPrathap
VaibhavKumar44,SuryaPrathap
AbhilashMirji,SuryaPrathap
RaunakSinghal,SuryaPrathap
SuryaKlsv,SuryaPrathap
SuhrudhReddy,SuryaPrathap
PurneshSairam,SuryaPrathap
RahulDubey22,SuryaPrathap
HridyeshTewani,SuryaPrathap
HemantArora2,SuryaPrathap
VinodhReddyChennu,SuryaPrathap
Kalyankarthik,SuryaPrathap
PrudhviReddy3,SuryaPrathap
NymishaMunnangi,SuryaPrathap
DakojuNataraj,SuryaPrathap
ReddyAvinash,SuryaPrathap
NitinMythreya,SuryaPrathap
SalabhGoyal,SuryaPrathap
AkhilCh,SuryaPrathap
ARCHITASAHU,SuryaPrathap
PraveenVelicheti,SuryaPrathap
VenkateshMundada,SuryaPrathap
akashraj,SuryaPrathap
SakshamPhul,SuryaPrathap
SankethVedula,SuryaPrathap
WaliaShubham,SuryaPrathap
AkshithAnand,SuryaPrathap
DheerajKumar,SuryaPrathap
AnuragSai,SuryaPrathap
SwarnaSaiGopiNihal,SuryaPrathap
VamsiMohan3,SuryaPrathap
ShivaReisende,SuryaPrathap
PushkarPrasun,SuryaPrathap
AkhileshSharma1,SuryaPrathap
AditiShrivastava,SuryaPrathap
VasundharaKoppisetty,SuryaPrathap
SumirKapur,SuryaPrathap
LakshmiNarayanaG,SuryaPrathap
AishwaryaReddy,SuryaPrathap
VinayKumar103,SuryaPrathap
AashishVyas,SuryaPrathap
RohithMulugu,SuryaPrathap
DheerajPeri,SuryaPrathap
KasiVarri,SuryaPrathap
AshutoshSarda,SuryaPrathap
DahagamSaketh,SuryaPrathap
VamsiNarne,SuryaPrathap
NidhiSri,SuryaPrathap
VishnuKiran,SuryaPrathap
PriyanshiRajput,SuryaPrathap
HarshaNidhi,SuryaPrathap
DrNatarajanBR,viveknimbarmunde
GarvMalik,viveknimbarmunde
AdityaGupta,viveknimbarmunde
VasanArunachalam,viveknimbarmunde
ArnabNandy,viveknimbarmunde
ThiruvikramanKandhadai,viveknimbarmunde
ShantanuKallakuri,viveknimbarmunde
VinayakVR,viveknimbarmunde
SaiPadmanabhuni,viveknimbarmunde
SriPrakyathIyyapu,viveknimbarmunde
FaisalAhmad3,viveknimbarmunde
SuryaKlsv,viveknimbarmunde
ShubhamJain85,viveknimbarmunde
NelakuduruVineeth,viveknimbarmunde
GokulNathSridhar,viveknimbarmunde
krishnakarthick,viveknimbarmunde
GunjeshSingh,viveknimbarmunde
ManojMadabhushi,viveknimbarmunde
SwamyIdln,viveknimbarmunde
nabeelahmed,viveknimbarmunde
SandeepGoli,viveknimbarmunde
RathishArumugam,viveknimbarmunde
HariKrishnaUpadhyayula,viveknimbarmunde
VijeshBhute,viveknimbarmunde
SashankaPaladugu,viveknimbarmunde
TejeshwarSingh,viveknimbarmunde
AkshayAnanthakrishnan,viveknimbarmunde
ParthNarielwala,viveknimbarmunde
DineshKumarDasari,viveknimbarmunde
AkhileshSharma1,viveknimbarmunde
UmairAkhtar,viveknimbarmunde
SudharsanVeeravalli,viveknimbarmunde
RishiPatel,viveknimbarmunde
SriramKrishnaswamy,viveknimbarmunde
DeepamJaiswal,viveknimbarmunde
RavitejaBhagi,viveknimbarmunde
KarthikKrishna,viveknimbarmunde
ashishshukla,viveknimbarmunde
AMohanty,viveknimbarmunde
AbhinavChoudhury,viveknimbarmunde
TusharTurumella,viveknimbarmunde
,viveknimbarmunde
AbhijeetPendyala,viveknimbarmunde
AbhinavRai1,viveknimbarmunde
MehtaRahul,viveknimbarmunde
MithilRaut,viveknimbarmunde
SnehaThangaraja,viveknimbarmunde
AdityaSingh97,viveknimbarmunde
KhareSudeep,viveknimbarmunde
HarmanSomal,viveknimbarmunde
ManishSoni,viveknimbarmunde
NikithaBollipalli,viveknimbarmunde
DivyaA,viveknimbarmunde
ArshdeepSingh11,viveknimbarmunde
ShashankArora,viveknimbarmunde
KrishnaChaitanya,viveknimbarmunde
BhargavPonnapalli,viveknimbarmunde
JVamaraju,viveknimbarmunde
MohapatraAsish,viveknimbarmunde
ShruthiAyloo,viveknimbarmunde
EswaraSai,akashraj
RutujaChhajed,akashraj
SaumyaJain,akashraj
SrikanthSuresh,akashraj
VasanArunachalam,akashraj
MukherjeeAbhinav,akashraj
ananthkotti,akashraj
KalyanPingali,akashraj
VaibhavKumar44,akashraj
VennelaMiryala,akashraj
HarshaDutta,akashraj
SuryaKlsv,akashraj
RahulDubey22,akashraj
VivekhPrabakaran,akashraj
PavanKate,akashraj
NamanBafna,akashraj
PratikJayaswal,akashraj
BharaniVlsvss,akashraj
VinodhReddyChennu,akashraj
HemantArora2,akashraj
VirinchiChilukuri,akashraj
RahmanAbdur,akashraj
ReddyAvinash,akashraj
NitinMythreya,akashraj
SuryaPrathap,akashraj
VenkateshMundada,akashraj
SaumyaVerma4,akashraj
HariPriyaRachakonda,akashraj
AbhinavRajvanshi,akashraj
BibhaNayak,akashraj
AkshithAnand,akashraj
AiyapaBachettira,akashraj
VamsiMohan3,akashraj
likithnadella,akashraj
JayaShankar1,akashraj
SampathVelaga,akashraj
AditiShrivastava,akashraj
AishwaryaReddy,akashraj
VinayKumar103,akashraj
AvinashAman,akashraj
AashishVyas,akashraj
VishakaThekkedath,akashraj
RohithMulugu,akashraj
MayankGarg5,akashraj
DheerajPeri,akashraj
KarthikBuddha,akashraj
KasiVarri,akashraj
PranaviReddy1,akashraj
VishnuSubramanian,akashraj
VihariGaddikoppula,akashraj
NidhiSri,akashraj
AmanKumar,akashraj
ShrutiChowdhary,akashraj
DivijaGogineni,akashraj
HarshaNidhi,akashraj
AnupamChugh,akashraj
AmandeepSingh,akashraj
AgrawalSarthak,akashraj
AshutoshKaneriya,akashraj
DspRahul,akashraj
DheerajGurugubelli,RavitejaTelugunta
SuryaKlsv,RavitejaTelugunta
SriramBandaru,RavitejaTelugunta
AjinkyaKale,RavitejaTelugunta
HimaniUpadhyay,RavitejaTelugunta
PrachiDoshi,RavitejaTelugunta
RiteshKhodaskar,RavitejaTelugunta
SaiTeja,RavitejaTelugunta
ManishNarani,RavitejaTelugunta
DevaDath,RavitejaTelugunta
AnkurJaiswal1,RavitejaTelugunta
AvinashGandi,RavitejaTelugunta
HitaVerma,RavitejaTelugunta
GauravSingh,RavitejaTelugunta
MilindTalati,RavitejaTelugunta
geekypunk,RavitejaTelugunta
ChandravadanCv,RavitejaTelugunta
ChakrabortyMayukh,RavitejaTelugunta
PavanPatchigolla,RavitejaTelugunta
PuneetGirdhar,RavitejaTelugunta
PankajDevulapalli,RavitejaTelugunta
SaiKiran86,RavitejaTelugunta
ShuvraSaha,RavitejaTelugunta
HariPrasad4,RavitejaTelugunta
SriharshaDumpala,RavitejaTelugunta
LakshmanBhyrapaneni,RavitejaTelugunta
AlokKanyadani,RavitejaTelugunta
AntyakulaRamesh,RavitejaTelugunta
kalyanraju,RavitejaTelugunta
RajeshMbm,RavitejaTelugunta
AbhiramKrishna,RavitejaTelugunta
SubashChandra,RavitejaTelugunta
RajeshMbm,RavitejaTelugunta
ChandanKumarBehera,RavitejaTelugunta
saigeethaseri,RavitejaTelugunta
MukulKumarJha,RavitejaTelugunta
VenuMadhav,RavitejaTelugunta
RohitashchandraBhensle,RavitejaTelugunta
RiteshChakravarthiPyapali,RavitejaTelugunta
anjnasianikumarashishvaranasi,RavitejaTelugunta
VizayKumar,RavitejaTelugunta
MurthyUpadhyayula,RavitejaTelugunta
AkkidasVikranth,RavitejaTelugunta
JagadeeshArya,RavitejaTelugunta
KiranS,RavitejaTelugunta
SivaramkrishnaUndavalli,RavitejaTelugunta
KiranS,RavitejaTelugunta
MajjiVenkatesh,RavitejaTelugunta
ShivaPrashanthKasina,RavitejaTelugunta
PavanKumar1,RavitejaTelugunta
PraveenM3,RavitejaTelugunta
SindhushaYalamati,RavitejaTelugunta
DIneshKUmar669,RavitejaTelugunta
CherryDileep,RavitejaTelugunta
DeepakPullaguram,RavitejaTelugunta
BiswajitBehera,RavitejaTelugunta
PujaSurisetti,RavitejaTelugunta
LachireddySurya,RavitejaTelugunta
PawanDoddi,RavitejaTelugunta
vasudevareddy,RavitejaTelugunta
EswaraSai,JaidiJeevan
ChanduParimi,JaidiJeevan
VasanArunachalam,JaidiJeevan
ManjunathmechNITD,JaidiJeevan
VinayakVR,JaidiJeevan
SwethaNimmagadda,JaidiJeevan
PraneethSmk,JaidiJeevan
SaiPadmanabhuni,JaidiJeevan
SuryaKlsv,JaidiJeevan
VivekhPrabakaran,JaidiJeevan
SiddarthYerram,JaidiJeevan
ShubhamJain85,JaidiJeevan
NelakuduruVineeth,JaidiJeevan
VeenaLahari,JaidiJeevan
GokulNathSridhar,JaidiJeevan
krishnakarthick,JaidiJeevan
MurariVarma,JaidiJeevan
ManojMadabhushi,JaidiJeevan
VinodhReddyChennu,JaidiJeevan
VisishtaKarasani,JaidiJeevan
SandeepGoli,JaidiJeevan
ChiragGarg3,JaidiJeevan
VikramsimhareddyKallam,JaidiJeevan
SethuKalidhasan,JaidiJeevan
PraneethMaganti,JaidiJeevan
sharathchandra,JaidiJeevan
RakeshSaripalli,JaidiJeevan
SashankKurella,JaidiJeevan
VenkataSriramaKrishnaTejaKonduri,JaidiJeevan
DineshKumarDasari,JaidiJeevan
SowmyaKatragadda,JaidiJeevan
SnehaChemarla,JaidiJeevan
SreesankaranNamboothiri,JaidiJeevan
KalyanaRamaS,JaidiJeevan
KsAditya,JaidiJeevan
DamacharlaSnehankita,JaidiJeevan
BarnikSahaRoy,JaidiJeevan
CGarimella,JaidiJeevan
SajunPrasad,JaidiJeevan
BalaVignesh,JaidiJeevan
NitinKotkunde,JaidiJeevan
VimarshSrivastava,JaidiJeevan
plaharireddy,JaidiJeevan
AnupPampari,JaidiJeevan
KarthikTejaMummareddi,JaidiJeevan
GopikrishnaK,JaidiJeevan
RiteshRai,JaidiJeevan
PavanKumarThota,JaidiJeevan
RajeswariGs,JaidiJeevan
AmandeepSingh,JaidiJeevan
SharathKoundinya,JaidiJeevan
KhareSudeep,JaidiJeevan
ShruthinP,JaidiJeevan
SindhuraNadella,JaidiJeevan
MdMujahedAli,JaidiJeevan
RajeevBaditha,JaidiJeevan
JagadeeshAnmala,JaidiJeevan
SrinivasaPrakashRegalla,JaidiJeevan
ReballyAditya,JaidiJeevan
MalagavelliVenu,JaidiJeevan
ShravyaLahari,TejeshwarSingh
VasanArunachalam,TejeshwarSingh
SwetabhKumar,TejeshwarSingh
ananthkotti,TejeshwarSingh
SudheerVazrapu,TejeshwarSingh
MitulGirotra,TejeshwarSingh
NikhilJones,TejeshwarSingh
SaiPadmanabhuni,TejeshwarSingh
VaibhavKumar44,TejeshwarSingh
SriPrakyathIyyapu,TejeshwarSingh
RaunakSinghal,TejeshwarSingh
SuryaKlsv,TejeshwarSingh
ShubhamJain85,TejeshwarSingh
rishabhsaraswat,TejeshwarSingh
SwamyIdln,TejeshwarSingh
PrudhviReddy3,TejeshwarSingh
rajatsaxena,TejeshwarSingh
JeevanRomee,TejeshwarSingh
viveknimbarmunde,TejeshwarSingh
HariKrishnaUpadhyayula,TejeshwarSingh
VenkateshMundada,TejeshwarSingh
JatinJani,TejeshwarSingh
SashankaPaladugu,TejeshwarSingh
SowmyaChittireddy,TejeshwarSingh
SiddharthMishra,TejeshwarSingh
KaurManjyot,TejeshwarSingh
PushkarPrasun,TejeshwarSingh
ChandraVikas,TejeshwarSingh
AkshayAnanthakrishnan,TejeshwarSingh
AmanGupta,TejeshwarSingh
RaghavNyati,TejeshwarSingh
DineshKumarDasari,TejeshwarSingh
PareshVerma,TejeshwarSingh
SampathVelaga,TejeshwarSingh
SavyasacheeJha,TejeshwarSingh
RishiPatel,TejeshwarSingh
KsAditya,TejeshwarSingh
AishwaryaReddy,TejeshwarSingh
RavitejaBhagi,TejeshwarSingh
AashishVyas,TejeshwarSingh
AMohanty,TejeshwarSingh
AbhijeetPendyala,TejeshwarSingh
VarunSoni,TejeshwarSingh
MAyurShanbhag,TejeshwarSingh
PavanKumarThota,TejeshwarSingh
SnehaThangaraja,TejeshwarSingh
AmandeepSingh,TejeshwarSingh
MounicaJonnalagadda,TejeshwarSingh
ManasaReddy,TejeshwarSingh
SindhuraNadella,TejeshwarSingh
ShashankArora,TejeshwarSingh
AnkitPatodiya,TejeshwarSingh
GayatriVeerapaneni,TejeshwarSingh
PiyushKontu,TejeshwarSingh
ParthKalyani,TejeshwarSingh
shriyanshvaishya,TejeshwarSingh
ParthPaik,TejeshwarSingh
AnushaKankanala,TejeshwarSingh
JasmineKaur,TejeshwarSingh
VanshKhurana,TejeshwarSingh
akasina9,SiddardhGouri
IngoValgma,SiddardhGouri
ShravyaLahari,SiddardhGouri
RamaKrishnaRachakonda,SiddardhGouri
NitinSamuel,SiddardhGouri
SaiPadmanabhuni,SiddardhGouri
SriPrakyathIyyapu,SiddardhGouri
NareshShah,SiddardhGouri
saileshkondraganti,SiddardhGouri
SuryaKlsv,SiddardhGouri
SarthakGhosh,SiddardhGouri
varunkumarreddygoli,SiddardhGouri
raghavendrangurumurthy,SiddardhGouri
VeenaLahari,SiddardhGouri
BiswaPrasannaMishra,SiddardhGouri
krishnakarthick,SiddardhGouri
SwamyIdln,SiddardhGouri
nabeelahmed,SiddardhGouri
NavyaSahithi,SiddardhGouri
balakoteshwar,SiddardhGouri
RathishArumugam,SiddardhGouri
SashankaPaladugu,SiddardhGouri
DevyaniPatra,SiddardhGouri
AnvithaAdhikarla,SiddardhGouri
SukeerthReddy,SiddardhGouri
KoushikSai,SiddardhGouri
KodakandlaAvinash,SiddardhGouri
DineshKumarDasari,SiddardhGouri
RahulThakur28,SiddardhGouri
SampathVelaga,SiddardhGouri
AshiffShaik,SiddardhGouri
,SiddardhGouri
SumanthGottipati,SiddardhGouri
KaustubhaAmaravadi,SiddardhGouri
RajeswariGs,SiddardhGouri
MSidhant,SiddardhGouri
ArunBhaskar,SiddardhGouri
SudheeraValluri,SiddardhGouri
SureshAdarsh,SiddardhGouri
SharathKoundinya,SiddardhGouri
CharanMedisetty,SiddardhGouri
KrishnaChaitanya,SiddardhGouri
SanthoshAs,SiddardhGouri
HarshitJain,SiddardhGouri
chaitanyaarige,SiddardhGouri
chaitanyaarige,SiddardhGouri
RaviTeja,SiddardhGouri
TrangTran103,SiddardhGouri
AbhishekMukherjee,SiddardhGouri
SriRam3,SiddardhGouri
SowmyaNanguluri,SiddardhGouri
GouthamiBoinpally,SiddardhGouri
SatyaKiranDuggina,SiddardhGouri
BaswantDasari,SiddardhGouri
PrasannaVenkatEsh24,SiddardhGouri
SabarishChevendra,SiddardhGouri
SruthiGangapuram,SiddardhGouri
KarthikPavan,SiddardhGouri
GitaVatsalyaKajjam,SiddardhGouri
VishwanathRambhatla,SiddardhGouri
GarvMalik,PushkarPrasun
EswaraSai,PushkarPrasun
ChanduParimi,PushkarPrasun
SrikanthSuresh,PushkarPrasun
SwetabhKumar,PushkarPrasun
MukherjeeAbhinav,PushkarPrasun
ananthkotti,PushkarPrasun
ThiruvikramanKandhadai,PushkarPrasun
AntarikshaYelkawar,PushkarPrasun
RAHULBASU,PushkarPrasun
RaiHimanshu,PushkarPrasun
ShantanuKallakuri,PushkarPrasun
MitulGirotra,PushkarPrasun
GaneshAshwin,PushkarPrasun
NarenKrishnaMadhurakavi,PushkarPrasun
AurghoBhattacharjee,PushkarPrasun
VinayakVR,PushkarPrasun
PraneethSmk,PushkarPrasun
VaibhavKumar44,PushkarPrasun
AbhilashMirji,PushkarPrasun
UtkarshDubey,PushkarPrasun
RaunakSinghal,PushkarPrasun
HarshaDutta,PushkarPrasun
SuryaKlsv,PushkarPrasun
RahulDubey22,PushkarPrasun
VivekhPrabakaran,PushkarPrasun
PavanKate,PushkarPrasun
AbhishekChandra4,PushkarPrasun
ApurvaVerma2,PushkarPrasun
NamanBafna,PushkarPrasun
PranavRamarao,PushkarPrasun
AdityaKumar,PushkarPrasun
HemantArora2,PushkarPrasun
KetanShahade,PushkarPrasun
SaketKumar21,PushkarPrasun
PrudhviReddy3,PushkarPrasun
RahmanAbdur,PushkarPrasun
KaranGarg,PushkarPrasun
SalabhGoyal,PushkarPrasun
SuryaPrathap,PushkarPrasun
VenkateshMundada,PushkarPrasun
HariKrishnaUpadhyayula,PushkarPrasun
PraddyumanRungta,PushkarPrasun
SnehansuPradhan,PushkarPrasun
SriHarsha,PushkarPrasun
TejeshwarSingh,PushkarPrasun
WaliaShubham,PushkarPrasun
AkshithAnand,PushkarPrasun
NParasher,PushkarPrasun
PratyushSharan,PushkarPrasun
SiddhantMalik,PushkarPrasun
SumirKapur,PushkarPrasun
ShantiKiranNayak,PushkarPrasun
AshutoshSarda,PushkarPrasun
AbhishekSingh72,PushkarPrasun
MAyurShanbhag,PushkarPrasun
PrasoonGupta2,PushkarPrasun
UtkarshKapoor,PushkarPrasun
KumarVivek,PushkarPrasun
SharatManda,PushkarPrasun
GauravRathi,ChandraVikas
TarunAyitham,ChandraVikas
RahulShinde1,ChandraVikas
ThiruvikramanKandhadai,ChandraVikas
RahulSeth,ChandraVikas
VinayakVR,ChandraVikas
SaiPadmanabhuni,ChandraVikas
SriPrakyathIyyapu,ChandraVikas
FaisalAhmad3,ChandraVikas
VidyaBhamidi,ChandraVikas
SuryaKlsv,ChandraVikas
GokulNathSridhar,ChandraVikas
TejaswiMonangi,ChandraVikas
SwamyIdln,ChandraVikas
lakkarajusaianurag,ChandraVikas
SandeepGoli,ChandraVikas
GaganjotSingh,ChandraVikas
HariKrishnaUpadhyayula,ChandraVikas
PurbaTripathy,ChandraVikas
RakeshSaripalli,ChandraVikas
TejeshwarSingh,ChandraVikas
ManojV,ChandraVikas
SaiSanthosh,ChandraVikas
KatragaddaAvinash,ChandraVikas
KarthikeyaChalla,ChandraVikas
AkshayAnanthakrishnan,ChandraVikas
DineshKumarDasari,ChandraVikas
SampathVelaga,ChandraVikas
RavitejaBhagi,ChandraVikas
ShyamSunder3,ChandraVikas
ashishshukla,ChandraVikas
KrishnaSripada,ChandraVikas
BharathBhushan,ChandraVikas
SravantiBadam,ChandraVikas
SaiKothuri,ChandraVikas
TejasMandekar,ChandraVikas
AbhitejReddy,ChandraVikas
AbhijeetPendyala,ChandraVikas
PhaneenderReddy,ChandraVikas
AbhinavRai1,ChandraVikas
BharathKalluri,ChandraVikas
KranthiAileni,ChandraVikas
SandeepParupudi,ChandraVikas
DachepallyAbhilash,ChandraVikas
UmiKhoerunnisa,ChandraVikas
NikhilAyyagari,ChandraVikas
BhargavPonnapalli,ChandraVikas
PrashantKrishna,ChandraVikas
MohapatraAsish,ChandraVikas
LohitVarma,ChandraVikas
VivekanandaReddyKovvuri,ChandraVikas
VenkateshBirada,ChandraVikas
UmeshReddyMuli,ChandraVikas
SairamMuttavarapu,ChandraVikas
bharatreddy5,ChandraVikas
SaitejaDamera,ChandraVikas
RohitMohan,ChandraVikas
AdithyaShourie,ChandraVikas
HarshaVardhanBabu,ChandraVikas
SivaramNimmakayala,ChandraVikas
NikhilGampa,KodakandlaAvinash
RadhaMadhuri,KodakandlaAvinash
SandeshMareddy,KodakandlaAvinash
NitinSamuel,KodakandlaAvinash
MeghanathRugada,KodakandlaAvinash
prudhvipotuganti,KodakandlaAvinash
SriPrakyathIyyapu,KodakandlaAvinash
NareshShah,KodakandlaAvinash
RajendraKolli,KodakandlaAvinash
saileshkondraganti,KodakandlaAvinash
SuryaKlsv,KodakandlaAvinash
ramanareddymaddirala,KodakandlaAvinash
mkchaitanya,KodakandlaAvinash
varunkumarreddygoli,KodakandlaAvinash
VeenaLahari,KodakandlaAvinash
BiswaPrasannaMishra,KodakandlaAvinash
RohitCh,KodakandlaAvinash
SureshVishwanath,KodakandlaAvinash
SwamyIdln,KodakandlaAvinash
nabeelahmed,KodakandlaAvinash
balakoteshwar,KodakandlaAvinash
RathishArumugam,KodakandlaAvinash
HariKrishnaUpadhyayula,KodakandlaAvinash
SashankaPaladugu,KodakandlaAvinash
AnandKarthik,KodakandlaAvinash
SiddardhGouri,KodakandlaAvinash
KoushikSai,KodakandlaAvinash
RajKiran31,KodakandlaAvinash
RahulThakur28,KodakandlaAvinash
AnshulTak,KodakandlaAvinash
SrinivasDasyam,KodakandlaAvinash
AshiffShaik,KodakandlaAvinash
AMohanty,KodakandlaAvinash
PridhviChilukuri,KodakandlaAvinash
GokulRaghuraman,KodakandlaAvinash
VishnukanthBusetty,KodakandlaAvinash
ShanmukhSai,KodakandlaAvinash
VijayNarayan,KodakandlaAvinash
DileeshAluri,KodakandlaAvinash
ReddyRahul,KodakandlaAvinash
rajasekharsirimamilla,KodakandlaAvinash
SainathYalakurthi,KodakandlaAvinash
ArnikJain,KodakandlaAvinash
ArunKumar,KodakandlaAvinash
DurgaPrasadGuntoju,KodakandlaAvinash
SharathKoundinya,KodakandlaAvinash
NavneethReddy,KodakandlaAvinash
siddhu,KodakandlaAvinash
ManishSoni,KodakandlaAvinash
KrishnaChaitanya,KodakandlaAvinash
ParthPaik,KodakandlaAvinash
SnMounika,KodakandlaAvinash
ParasKaushik,KodakandlaAvinash
RaviTeja,KodakandlaAvinash
AtharavGupta,KodakandlaAvinash
AnudeepReddy5,KodakandlaAvinash
AmanAgarwal,KodakandlaAvinash
AkashRajput8,KodakandlaAvinash
SatyaKiranDuggina,KodakandlaAvinash
harishathuru,KodakandlaAvinash
LohithMenchu,KatragaddaAvinash
BharathVeeravalli,KatragaddaAvinash
ThiruvikramanKandhadai,KatragaddaAvinash
NikhilJones,KatragaddaAvinash
SaiPadmanabhuni,KatragaddaAvinash
SriPrakyathIyyapu,KatragaddaAvinash
SuryaKlsv,KatragaddaAvinash
DheerajKakarla,KatragaddaAvinash
VasanthSai,KatragaddaAvinash
ShivaSai,KatragaddaAvinash
SwamyIdln,KatragaddaAvinash
NavyaSahithi,KatragaddaAvinash
SandeepGoli,KatragaddaAvinash
HariKrishnaUpadhyayula,KatragaddaAvinash
rgeesa,KatragaddaAvinash
BvSatish,KatragaddaAvinash
ChandraVikas,KatragaddaAvinash
MohankrishnaManchala,KatragaddaAvinash
SiddhantDangi,KatragaddaAvinash
AkshayAnanthakrishnan,KatragaddaAvinash
GurumohanReddy,KatragaddaAvinash
DineshKumarDasari,KatragaddaAvinash
AkhileshSharma1,KatragaddaAvinash
SampathVelaga,KatragaddaAvinash
VaibhavManchala,KatragaddaAvinash
KsAditya,KatragaddaAvinash
RavitejaBhagi,KatragaddaAvinash
AminAhsan3,KatragaddaAvinash
AchutaMuraliKarthikVankayala,KatragaddaAvinash
BabithaMachireddy,KatragaddaAvinash
SiddharthDixit,KatragaddaAvinash
MannavaSpandan,KatragaddaAvinash
AbhitejReddy,KatragaddaAvinash
AbhijeetPendyala,KatragaddaAvinash
SumanthGottipati,KatragaddaAvinash
AbhinavRai1,KatragaddaAvinash
ChaitanyaCharan,KatragaddaAvinash
RameshKottamasu,KatragaddaAvinash
KranthiAileni,KatragaddaAvinash
AmodhSaxena,KatragaddaAvinash
SwatiDeshmukh3,KatragaddaAvinash
BhargavPonnapalli,KatragaddaAvinash
VamshiKrishnaPadidela,KatragaddaAvinash
SnMounika,KatragaddaAvinash
AvinashKvs,KatragaddaAvinash
ShivaTejMedichelmala,KatragaddaAvinash
UmeshReddyMuli,KatragaddaAvinash
DeepakAbburi,KatragaddaAvinash
SairamMuttavarapu,KatragaddaAvinash
HarshaVardhanBabu,KatragaddaAvinash
SiddhantChourasia,KatragaddaAvinash
DeepakRajMaltumkar,KatragaddaAvinash
LeelarohitBalineni,KatragaddaAvinash
AkashGhosh,KatragaddaAvinash
SripadhuLakshman,KatragaddaAvinash
SurajKumar,KatragaddaAvinash
AnanthNarayan1,KatragaddaAvinash
SmritiMishra1,KatragaddaAvinash
GastoneAllain,KatragaddaAvinash
PriyanshuJimish,KatragaddaAvinash
DrNatarajanBR,VenkataSriramaKrishnaTejaKonduri
SabareeshNikhilC,VenkataSriramaKrishnaTejaKonduri
EswaraSai,VenkataSriramaKrishnaTejaKonduri
ShravyaLahari,VenkataSriramaKrishnaTejaKonduri
VasanArunachalam,VenkataSriramaKrishnaTejaKonduri
sorengoyal,VenkataSriramaKrishnaTejaKonduri
SwetabhKumar,VenkataSriramaKrishnaTejaKonduri
SudheerVazrapu,VenkataSriramaKrishnaTejaKonduri
ShantanuKallakuri,VenkataSriramaKrishnaTejaKonduri
MeghanaReddy,VenkataSriramaKrishnaTejaKonduri
JiteshDamani,VenkataSriramaKrishnaTejaKonduri
AmrithaJayadev,VenkataSriramaKrishnaTejaKonduri
SaiPadmanabhuni,VenkataSriramaKrishnaTejaKonduri
SriPrakyathIyyapu,VenkataSriramaKrishnaTejaKonduri
SuryaKlsv,VenkataSriramaKrishnaTejaKonduri
RatanRahul,VenkataSriramaKrishnaTejaKonduri
krishnakarthick,VenkataSriramaKrishnaTejaKonduri
SaiKrishnaKanthHari,VenkataSriramaKrishnaTejaKonduri
SatyaSamyukta,VenkataSriramaKrishnaTejaKonduri
SwamyIdln,VenkataSriramaKrishnaTejaKonduri
JeevanRomee,VenkataSriramaKrishnaTejaKonduri
HariKrishnaUpadhyayula,VenkataSriramaKrishnaTejaKonduri
JatinJani,VenkataSriramaKrishnaTejaKonduri
VenkateshHarisyam,VenkataSriramaKrishnaTejaKonduri
JaidiJeevan,VenkataSriramaKrishnaTejaKonduri
sharathchandra,VenkataSriramaKrishnaTejaKonduri
SaiRaghuVamsi,VenkataSriramaKrishnaTejaKonduri
ShashanthRV,VenkataSriramaKrishnaTejaKonduri
SathwikAkula,VenkataSriramaKrishnaTejaKonduri
MadhavKandukuri,VenkataSriramaKrishnaTejaKonduri
MadhavKandukuri,VenkataSriramaKrishnaTejaKonduri
SriharshaGajarla,VenkataSriramaKrishnaTejaKonduri
VarunChappidi,VenkataSriramaKrishnaTejaKonduri
SrivatsavaGsr,VenkataSriramaKrishnaTejaKonduri
SampathVelaga,VenkataSriramaKrishnaTejaKonduri
SoumyaGanguly,VenkataSriramaKrishnaTejaKonduri
SavyasacheeJha,VenkataSriramaKrishnaTejaKonduri
KsAditya,VenkataSriramaKrishnaTejaKonduri
SibiAbraham,VenkataSriramaKrishnaTejaKonduri
PruthviKumar,VenkataSriramaKrishnaTejaKonduri
AbhinavChoudhury,VenkataSriramaKrishnaTejaKonduri
VimarshSrivastava,VenkataSriramaKrishnaTejaKonduri
AshokNaren,VenkataSriramaKrishnaTejaKonduri
VishnuKiran,VenkataSriramaKrishnaTejaKonduri
VISHALGJ,VenkataSriramaKrishnaTejaKonduri
SharathKoundinya,VenkataSriramaKrishnaTejaKonduri
SiddarthChinda,VenkataSriramaKrishnaTejaKonduri
MdMujahedAli,VenkataSriramaKrishnaTejaKonduri
AdityaTibrewal,VenkataSriramaKrishnaTejaKonduri
AnkitPatodiya,VenkataSriramaKrishnaTejaKonduri
JagadeeshAnmala,VenkataSriramaKrishnaTejaKonduri
RahulReddy,VenkataSriramaKrishnaTejaKonduri
VanshKhurana,VenkataSriramaKrishnaTejaKonduri
GitaKajjam,VenkataSriramaKrishnaTejaKonduri
SatyaKarthik,VenkataSriramaKrishnaTejaKonduri
PavanKumarReddyMalgari,VenkataSriramaKrishnaTejaKonduri
AnirudhreddySafal,VenkataSriramaKrishnaTejaKonduri
KeshavParankusham,VenkataSriramaKrishnaTejaKonduri
PuvvadiMeghana,VenkataSriramaKrishnaTejaKonduri
GitaVatsalyaKajjam,VenkataSriramaKrishnaTejaKonduri
ShravyaLahari,AkshayAnanthakrishnan
SaumyaJain,AkshayAnanthakrishnan
ShantanuKallakuri,AkshayAnanthakrishnan
NikhilJones,AkshayAnanthakrishnan
NitinSamuel,AkshayAnanthakrishnan
SaiPadmanabhuni,AkshayAnanthakrishnan
SriPrakyathIyyapu,AkshayAnanthakrishnan
NareshShah,AkshayAnanthakrishnan
saileshkondraganti,AkshayAnanthakrishnan
SuryaKlsv,AkshayAnanthakrishnan
ShiladityaBagchi,AkshayAnanthakrishnan
ShubhamJain85,AkshayAnanthakrishnan
varunkumarreddygoli,AkshayAnanthakrishnan
VeenaLahari,AkshayAnanthakrishnan
BiswaPrasannaMishra,AkshayAnanthakrishnan
krishnakarthick,AkshayAnanthakrishnan
nabeelahmed,AkshayAnanthakrishnan
SwamyIdln,AkshayAnanthakrishnan
TanmaySrivastava,AkshayAnanthakrishnan
NavyaSahithi,AkshayAnanthakrishnan
RathishArumugam,AkshayAnanthakrishnan
ShankarVenkatraman,AkshayAnanthakrishnan
viveknimbarmunde,AkshayAnanthakrishnan
HariKrishnaUpadhyayula,AkshayAnanthakrishnan
SashankaPaladugu,AkshayAnanthakrishnan
AnvithaAdhikarla,AkshayAnanthakrishnan
TejeshwarSingh,AkshayAnanthakrishnan
akshayshetty,AkshayAnanthakrishnan
AkshayAgarwal,AkshayAnanthakrishnan
SanthanamKumar,AkshayAnanthakrishnan
ChandraVikas,AkshayAnanthakrishnan
KatragaddaAvinash,AkshayAnanthakrishnan
AmanGupta,AkshayAnanthakrishnan
DineshKumarDasari,AkshayAnanthakrishnan
AkhileshSharma1,AkshayAnanthakrishnan
SampathVelaga,AkshayAnanthakrishnan
RahulThakur28,AkshayAnanthakrishnan
SudharsanVeeravalli,AkshayAnanthakrishnan
RishiPatel,AkshayAnanthakrishnan
ShuchiAgrawal,AkshayAnanthakrishnan
SriramKrishnaswamy,AkshayAnanthakrishnan
RavitejaBhagi,AkshayAnanthakrishnan
ashishshukla,AkshayAnanthakrishnan
NinadKothari,AkshayAnanthakrishnan
GokulRaghuraman,AkshayAnanthakrishnan
AbhinavChoudhury,AkshayAnanthakrishnan
AbhijeetPendyala,AkshayAnanthakrishnan
,AkshayAnanthakrishnan
SumanthGottipati,AkshayAnanthakrishnan
SharathKoundinya,AkshayAnanthakrishnan
KranthiAileni,AkshayAnanthakrishnan
NikhilAyyagari,AkshayAnanthakrishnan
ShashankArora,AkshayAnanthakrishnan
AdityaSubramanyam,AkshayAnanthakrishnan
KrishnaChaitanya,AkshayAnanthakrishnan
SahilKothari1,AkshayAnanthakrishnan
ParthPaik,AkshayAnanthakrishnan
RanjanAditi,AkshayAnanthakrishnan
NitinGrover,AkshayAnanthakrishnan
bharatreddy5,AkshayAnanthakrishnan
nabihbawazir,DineshKumarDasari
AamerKhan5,DineshKumarDasari
BveshMthy,DineshKumarDasari
SudheerVazrapu,DineshKumarDasari
RaiHimanshu,DineshKumarDasari
ShantanuKallakuri,DineshKumarDasari
NikhilJones,DineshKumarDasari
SaiPadmanabhuni,DineshKumarDasari
SriPrakyathIyyapu,DineshKumarDasari
PrahladRayapu,DineshKumarDasari
saileshkondraganti,DineshKumarDasari
SuryaKlsv,DineshKumarDasari
VeenaLahari,DineshKumarDasari
KomalAgrawal,DineshKumarDasari
krishnakarthick,DineshKumarDasari
SwamyIdln,DineshKumarDasari
balakoteshwar,DineshKumarDasari
KumarNithin,DineshKumarDasari
SyedAsimHussaini,DineshKumarDasari
viveknimbarmunde,DineshKumarDasari
HariKrishnaUpadhyayula,DineshKumarDasari
JaidiJeevan,DineshKumarDasari
SowmitriReddyMaluchuru,DineshKumarDasari
TejeshwarSingh,DineshKumarDasari
SiddardhGouri,DineshKumarDasari
UdayPallam,DineshKumarDasari
ChandraVikas,DineshKumarDasari
KatragaddaAvinash,DineshKumarDasari
AkshayAnanthakrishnan,DineshKumarDasari
ReddappaReddy,DineshKumarDasari
ReddappaReddy,DineshKumarDasari
SampathVelaga,DineshKumarDasari
RishiPatel,DineshKumarDasari
RavitejaBhagi,DineshKumarDasari
ManishBabu,DineshKumarDasari
BabithaMachireddy,DineshKumarDasari
DineshKumar,DineshKumarDasari
VamsiNarne,DineshKumarDasari
AshokNaren,DineshKumarDasari
SumanthGottipati,DineshKumarDasari
AnupPampari,DineshKumarDasari
KrishnaJv,DineshKumarDasari
PavanKumarThota,DineshKumarDasari
NalamoluPurnaChandu,DineshKumarDasari
RukaiyyaKhan,DineshKumarDasari
kishoregajula,DineshKumarDasari
KranthiAileni,DineshKumarDasari
RaghavendraMallela,DineshKumarDasari
VenkatPrasad4,DineshKumarDasari
PatelNakul,DineshKumarDasari
SairamMuttavarapu,DineshKumarDasari
bharatreddy5,DineshKumarDasari
SatishKumar,DineshKumarDasari
HarshaVardhanBabu,DineshKumarDasari
VishnuAnna,DineshKumarDasari
NavyaVandanapu,DineshKumarDasari
ChakradharGavireddy,DineshKumarDasari
SatyaH,DineshKumarDasari
SindhurGN,DineshKumarDasari
VenkateshDasari,DineshKumarDasari
ShravyaLahari,AkhileshSharma1
ChanduParimi,AkhileshSharma1
VasanArunachalam,AkhileshSharma1
SaiPadmanabhuni,AkhileshSharma1
SriPrakyathIyyapu,AkhileshSharma1
SuryaKlsv,AkhileshSharma1
ShubhamJain85,AkhileshSharma1
GokulNathSridhar,AkhileshSharma1
VeenaLahari,AkhileshSharma1
SwamyIdln,AkhileshSharma1
Kalyankarthik,AkhileshSharma1
NavyaSahithi,AkhileshSharma1
SalabhGoyal,AkhileshSharma1
LonavathVamshi,AkhileshSharma1
viveknimbarmunde,AkhileshSharma1
SuryaPrathap,AkhileshSharma1
HariKrishnaUpadhyayula,AkhileshSharma1
SirishaGutti,AkhileshSharma1
SashankaPaladugu,AkhileshSharma1
sharathchandra,AkhileshSharma1
mightymanoah,AkhileshSharma1
VenkataMaheedhar,AkhileshSharma1
shivakumar,AkhileshSharma1
KatragaddaAvinash,AkhileshSharma1
AkshayAnanthakrishnan,AkhileshSharma1
DineshKumarDasari,AkhileshSharma1
SampathVelaga,AkhileshSharma1
SayeefLife,AkhileshSharma1
RishiPatel,AkhileshSharma1
RavitejaBhagi,AkhileshSharma1
AbhijeetPendyala,AkhileshSharma1
PavanKumarThota,AkhileshSharma1
PasumarthiSandeep,AkhileshSharma1
KranthiAileni,AkhileshSharma1
SwaroopAnsp,AkhileshSharma1
SumanthReddy6,AkhileshSharma1
BhandhavChiruguri,AkhileshSharma1
KrishnaChaitanya,AkhileshSharma1
ShivaTejMedichelmala,AkhileshSharma1
reshminambiar,AkhileshSharma1
VijethaVijaya,AkhileshSharma1
BalajiChiruvandhadu,AkhileshSharma1
SairamMuttavarapu,AkhileshSharma1
bharatreddy5,AkhileshSharma1
AdithyaShourie,AkhileshSharma1
MonishaReddy,AkhileshSharma1
RaviTeja,AkhileshSharma1
HarshaVardhanBabu,AkhileshSharma1
PramodKaneti,AkhileshSharma1
AdarshVenkat,AkhileshSharma1
SindhuChejerla,AkhileshSharma1
KiranKumar285,AkhileshSharma1
PrudhviRaj,AkhileshSharma1
SaiRam,AkhileshSharma1
mansoorshaik,AkhileshSharma1
AnnapureddyTejaReddy,AkhileshSharma1
MohitKhandelwal,AkhileshSharma1
surendrareddykancharla,AkhileshSharma1
MahithaSree,AkhileshSharma1
atmakuriavinash,AkhileshSharma1
ShravyaLahari,SoumyaGanguly
UtsavGudhaka,SoumyaGanguly
SwetabhKumar,SoumyaGanguly
ShantanuKallakuri,SoumyaGanguly
SrikantBharadwaj,SoumyaGanguly
AninditaMondal,SoumyaGanguly
SaiPadmanabhuni,SoumyaGanguly
SriPrakyathIyyapu,SoumyaGanguly
NareshShah,SoumyaGanguly
NidhiBharti,SoumyaGanguly
SuryaKlsv,SoumyaGanguly
SarthakGhosh,SoumyaGanguly
BiswaPrasannaMishra,SoumyaGanguly
ShankarVenkatraman,SoumyaGanguly
VikramsimhareddyKallam,SoumyaGanguly
SriHarsha,SoumyaGanguly
RoshanPiyush,SoumyaGanguly
SaiRaghuVamsi,SoumyaGanguly
SashankKurella,SoumyaGanguly
VenkataSriramaKrishnaTejaKonduri,SoumyaGanguly
VarunChappidi,SoumyaGanguly
AmanGupta,SoumyaGanguly
IJMEjournal,SoumyaGanguly
SavyasacheeJha,SoumyaGanguly
GowthamReddy,SoumyaGanguly
RonakHeliwal,SoumyaGanguly
KsAditya,SoumyaGanguly
GouthamMakkena,SoumyaGanguly
GokulRaghuraman,SoumyaGanguly
VimarshSrivastava,SoumyaGanguly
PasumarthiSandeep,SoumyaGanguly
AshishSarda,SoumyaGanguly
NaveenReddyYedla,SoumyaGanguly
SiddarthChinda,SoumyaGanguly
SridharAnupKumar,SoumyaGanguly
karunbhogadula,SoumyaGanguly
MdMujahedAli,SoumyaGanguly
HariKrishnan,SoumyaGanguly
NikhilAyyagari,SoumyaGanguly
AdityaTibrewal,SoumyaGanguly
AnkitPatodiya,SoumyaGanguly
AnthonyRaj3,SoumyaGanguly
ParthKalyani,SoumyaGanguly
VanshKhurana,SoumyaGanguly
TripathiKshitij,SoumyaGanguly
SatyaKarthik,SoumyaGanguly
ManishAgarwal3,SoumyaGanguly
PavanKumarReddyMalgari,SoumyaGanguly
AshishBodhankar,SoumyaGanguly
SumitSrivastava,SoumyaGanguly
RahulKumar559,SoumyaGanguly
NalinAggarwal,SoumyaGanguly
HarenderSingh,SoumyaGanguly
GourabDas,SoumyaGanguly
AdityaAnnangi,SoumyaGanguly
SubrataDasgupta,SoumyaGanguly
TauseefAkbar,SoumyaGanguly
ManiSingh1,SoumyaGanguly
VrashaliKalyani,SoumyaGanguly
ssn92,SoumyaGanguly
SrikanthSuresh,SudharsanVeeravalli
VasanArunachalam,SudharsanVeeravalli
ArunothiaMarappan,SudharsanVeeravalli
GokulRamanathan,SudharsanVeeravalli
GaneshAshwin,SudharsanVeeravalli
KumarAshwin,SudharsanVeeravalli
SaiPadmanabhuni,SudharsanVeeravalli
SriPrakyathIyyapu,SudharsanVeeravalli
PratishBala,SudharsanVeeravalli
SuryaKlsv,SudharsanVeeravalli
ShubhamJain85,SudharsanVeeravalli
GokulNathSridhar,SudharsanVeeravalli
krishnakarthick,SudharsanVeeravalli
SwamyIdln,SudharsanVeeravalli
KarthikSubramanian8,SudharsanVeeravalli
journalijcsity,SudharsanVeeravalli
RathishArumugam,SudharsanVeeravalli
VasantSridhar,SudharsanVeeravalli
viveknimbarmunde,SudharsanVeeravalli
RameshGautham,SudharsanVeeravalli
HariKrishnaUpadhyayula,SudharsanVeeravalli
SethuKalidhasan,SudharsanVeeravalli
VikramsimhareddyKallam,SudharsanVeeravalli
umashankar,SudharsanVeeravalli
ShrikrithikaNagarajan,SudharsanVeeravalli
AnvithaAdhikarla,SudharsanVeeravalli
VarunKrishnan,SudharsanVeeravalli
NarayananAnanth,SudharsanVeeravalli
RajgopalMarthandam,SudharsanVeeravalli
AravindKarthik,SudharsanVeeravalli
GokulEaswaran,SudharsanVeeravalli
SanthanamKumar,SudharsanVeeravalli
SriramRaghavan,SudharsanVeeravalli
AkshayAnanthakrishnan,SudharsanVeeravalli
SampathVelaga,SudharsanVeeravalli
AvinashKrishnanRavi,SudharsanVeeravalli
VigneshKrishnakumar,SudharsanVeeravalli
RishiPatel,SudharsanVeeravalli
SriramKrishnaswamy,SudharsanVeeravalli
ashishshukla,SudharsanVeeravalli
GokulRaghuraman,SudharsanVeeravalli
BalaVignesh,SudharsanVeeravalli
AbhinavChoudhury,SudharsanVeeravalli
FaizIqbalFaizSheikh,SudharsanVeeravalli
AshwathRamGopish,SudharsanVeeravalli
SabarishKarthik,SudharsanVeeravalli
ieijjournal,SudharsanVeeravalli
SnehaBalasubramanian,SudharsanVeeravalli
RanjaniSankar,SudharsanVeeravalli
ShashankArora,SudharsanVeeravalli
ShambaviKrishnamurthi,SudharsanVeeravalli
AmeyaLonkar,SudharsanVeeravalli
bharadwajnandakumar,SudharsanVeeravalli
AdithyaShourie,SudharsanVeeravalli
eeiejjournal,SudharsanVeeravalli
SiddharthSengar,SudharsanVeeravalli
GouthamStrikes,SudharsanVeeravalli
MadhuriAchu,SudharsanVeeravalli
SanjaySrivallabh,SudharsanVeeravalli
ssn92,SudharsanVeeravalli
ERPublication,SumirKapur
journal,SumirKapur
AlliedJournals,SumirKapur
EswaraSai,SumirKapur
ChanduParimi,SumirKapur
AbhijatSharma,SumirKapur
SwetabhKumar,SumirKapur
RaiHimanshu,SumirKapur
MitulGirotra,SumirKapur
SuryaPabbisetty,SumirKapur
AurghoBhattacharjee,SumirKapur
PraneethSmk,SumirKapur
UtkarshDubey,SumirKapur
RaunakSinghal,SumirKapur
SuryaKlsv,SumirKapur
HimanishGanjoo,SumirKapur
PankajMunjal,SumirKapur
NamanBafna,SumirKapur
VinodhReddyChennu,SumirKapur
Kalyankarthik,SumirKapur
SalabhGoyal,SumirKapur
SuryaPrathap,SumirKapur
VenkateshMundada,SumirKapur
PraddyumanRungta,SumirKapur
SaumyaVerma4,SumirKapur
SwarnaSaiGopiNihal,SumirKapur
PushkarPrasun,SumirKapur
VarunSingla,SumirKapur
VasundharaKoppisetty,SumirKapur
AvinashAman,SumirKapur
santoshnalamothu,SumirKapur
AshutoshSarda,SumirKapur
RiteshRai,SumirKapur
AnupamChugh,SumirKapur
AvinashSoni,SumirKapur
YashGupta1,SumirKapur
AniketGarg,SumirKapur
AjitSingh,SumirKapur
NikhilNaithani,SumirKapur
EditorAJCSIT,SumirKapur
ChhabiParmar,SumirKapur
AdityaDeshmukh7,SumirKapur
SweekruthiMane,SumirKapur
vikashtyagi,SumirKapur
RitkungSamartsiri,SumirKapur
GeetVaishnav,SumirKapur
HassanKumarG,SumirKapur
GauravTripathi4,SumirKapur
RubyDevi,SumirKapur
MahithaSree,SumirKapur
HarshanthhHara,SumirKapur
NainaSabherwal,SumirKapur
SwethaK4,SumirKapur
HasanHashemi,SumirKapur
WiktoriaCapik,SumirKapur
raghuchawan,SumirKapur
KVSRDilip,SumirKapur
premprasad5,SumirKapur
MradulYadav,SriramKrishnaswamy
ShantanuKallakuri,SriramKrishnaswamy
GaneshAshwin,SriramKrishnaswamy
KumarAshwin,SriramKrishnaswamy
SwethaNimmagadda,SriramKrishnaswamy
SaiPadmanabhuni,SriramKrishnaswamy
SriPrakyathIyyapu,SriramKrishnaswamy
SanchitMishra,SriramKrishnaswamy
ManaswiMishra,SriramKrishnaswamy
PratishBala,SriramKrishnaswamy
SiddharthaNambiar,SriramKrishnaswamy
SuryaKlsv,SriramKrishnaswamy
VikramRaju,SriramKrishnaswamy
ShubhamJain85,SriramKrishnaswamy
VeenaLahari,SriramKrishnaswamy
GokulNathSridhar,SriramKrishnaswamy
krishnakarthick,SriramKrishnaswamy
SwamyIdln,SriramKrishnaswamy
RathishArumugam,SriramKrishnaswamy
JeevanRomee,SriramKrishnaswamy
viveknimbarmunde,SriramKrishnaswamy
SethuKalidhasan,SriramKrishnaswamy
VikramsimhareddyKallam,SriramKrishnaswamy
umashankar,SriramKrishnaswamy
AnvithaAdhikarla,SriramKrishnaswamy
NarayananAnanth,SriramKrishnaswamy
AjayKhaitan,SriramKrishnaswamy
AravindKarthik,SriramKrishnaswamy
SanthanamKumar,SriramKrishnaswamy
ManikandanSankaran,SriramKrishnaswamy
AkshayAnanthakrishnan,SriramKrishnaswamy
SampathVelaga,SriramKrishnaswamy
SudharsanVeeravalli,SriramKrishnaswamy
ArunvenkateshAlagappan,SriramKrishnaswamy
RishiPatel,SriramKrishnaswamy
KiranChincholi,SriramKrishnaswamy
ShriramLaxman,SriramKrishnaswamy
ashishshukla,SriramKrishnaswamy
KowshickBoddu,SriramKrishnaswamy
AbhinavChoudhury,SriramKrishnaswamy
AbhijeetPendyala,SriramKrishnaswamy
AnupPampari,SriramKrishnaswamy
DspRahul,SriramKrishnaswamy
SmritiShah,SriramKrishnaswamy
AdityaSubramanyam,SriramKrishnaswamy
AdityaSubramanyam,SriramKrishnaswamy
ShashankArora,SriramKrishnaswamy
ParthKalyani,SriramKrishnaswamy
PriyanshuSharma2,SriramKrishnaswamy
IshwaryaSrinivasan,SriramKrishnaswamy
NiharikaTammara,SriramKrishnaswamy
SumitSrivastava,SriramKrishnaswamy
VadiRaj,SriramKrishnaswamy
MohitKhandelwal,SriramKrishnaswamy
AsifKhan,SriramKrishnaswamy
PoorvajanSekar,SriramKrishnaswamy
ssn92,SriramKrishnaswamy
ShravyaLahari,RishiPatel
SwetabhKumar,RishiPatel
NikhilJones,RishiPatel
SwethaNimmagadda,RishiPatel
SaiPadmanabhuni,RishiPatel
SriPrakyathIyyapu,RishiPatel
SuryaKlsv,RishiPatel
ShubhamJain85,RishiPatel
ShivanshSrivastava,RishiPatel
GokulNathSridhar,RishiPatel
VeenaLahari,RishiPatel
krishnakarthick,RishiPatel
SwamyIdln,RishiPatel
viveknimbarmunde,RishiPatel
HariKrishnaUpadhyayula,RishiPatel
JatinJani,RishiPatel
SashankaPaladugu,RishiPatel
AnvithaAdhikarla,RishiPatel
RakeshSaripalli,RishiPatel
TejeshwarSingh,RishiPatel
AnkitJain,RishiPatel
AkshayAnanthakrishnan,RishiPatel
AmanGupta,RishiPatel
DineshKumarDasari,RishiPatel
AkhileshSharma1,RishiPatel
SudharsanVeeravalli,RishiPatel
SampathVelaga,RishiPatel
SriramKrishnaswamy,RishiPatel
RavitejaBhagi,RishiPatel
AkshaySinghal,RishiPatel
AkshaySinghal,RishiPatel
AbhinavChoudhury,RishiPatel
AbhijeetPendyala,RishiPatel
SumanthGottipati,RishiPatel
AnupPampari,RishiPatel
AshishSarda,RishiPatel
AshutoshKaneriya,RishiPatel
KranthiAileni,RishiPatel
ArshdeepSingh11,RishiPatel
NikhilAyyagari,RishiPatel
ShashankArora,RishiPatel
AdityaTibrewal,RishiPatel
BhargavPonnapalli,RishiPatel
ParthKalyani,RishiPatel
UmeshReddyMuli,RishiPatel
bharatreddy5,RishiPatel
RohitMohan,RishiPatel
AmeyaLonkar,RishiPatel
AdithyaShourie,RishiPatel
BhaveshKakadiya,RishiPatel
MohitKhandelwal,RishiPatel
AnjaniNagaraju,RishiPatel
PriyanshSharma,RishiPatel
RamanjaneyaVenna,RishiPatel
RaviPatel40,RishiPatel
ssn92,RishiPatel
shivanthm,RishiPatel
EswaraSai,LakshmiNarayanaG
RutujaChhajed,LakshmiNarayanaG
SrikanthSuresh,LakshmiNarayanaG
AnoopKarnik,LakshmiNarayanaG
MukherjeeAbhinav,LakshmiNarayanaG
SriVenkatPoolla,LakshmiNarayanaG
ananthkotti,LakshmiNarayanaG
AntarikshaYelkawar,LakshmiNarayanaG
RaiHimanshu,LakshmiNarayanaG
PraneethSmk,LakshmiNarayanaG
AbhilashMirji,LakshmiNarayanaG
UtkarshDubey,LakshmiNarayanaG
RaunakSinghal,LakshmiNarayanaG
SuryaKlsv,LakshmiNarayanaG
RahulDubey22,LakshmiNarayanaG
PavanKate,LakshmiNarayanaG
AbdulRauf,LakshmiNarayanaG
VinodhReddyChennu,LakshmiNarayanaG
rajatsaxena,LakshmiNarayanaG
RahmanAbdur,LakshmiNarayanaG
NitinMythreya,LakshmiNarayanaG
SuryaPrathap,LakshmiNarayanaG
VenkateshMundada,LakshmiNarayanaG
VenkateshHarisyam,LakshmiNarayanaG
AravindKarthik,LakshmiNarayanaG
RaghuRam67,LakshmiNarayanaG
AshfaqRahaman,LakshmiNarayanaG
SatyaNarayanDas,LakshmiNarayanaG
JiteshVarandani,LakshmiNarayanaG
VinayKumar103,LakshmiNarayanaG
DheerajPeri,LakshmiNarayanaG
KarthikBuddha,LakshmiNarayanaG
NidhiSri,LakshmiNarayanaG
VamsiNarne,LakshmiNarayanaG
HarshaNidhi,LakshmiNarayanaG
DspRahul,LakshmiNarayanaG
KrishnaTeja12,LakshmiNarayanaG
NaniSmart,LakshmiNarayanaG
RajeevBaditha,LakshmiNarayanaG
ChakradharBotla,LakshmiNarayanaG
PrabhatSivasurya,LakshmiNarayanaG
SantoshKumar,LakshmiNarayanaG
ReddySantosh,LakshmiNarayanaG
PradeepR,LakshmiNarayanaG
AtchyutSreekar,LakshmiNarayanaG
AtchyutSreekar,LakshmiNarayanaG
SyedShirazAhmed,LakshmiNarayanaG
GirishSudan,LakshmiNarayanaG
UnithMallavaram,LakshmiNarayanaG
RedZerin,LakshmiNarayanaG
SreeramKandimalla,LakshmiNarayanaG
GeetVaishnav,LakshmiNarayanaG
KrithinPaturi,LakshmiNarayanaG
BinduMareedu,LakshmiNarayanaG
RajAkhil,LakshmiNarayanaG
KrishnaChaitanyaKR,LakshmiNarayanaG
SriRam41,LakshmiNarayanaG
EswaraSai,RavitejaBhagi
ShravyaLahari,RavitejaBhagi
AmritPal,RavitejaBhagi
AshwinKalkar,RavitejaBhagi
srivatsakandukuri,RavitejaBhagi
NikhilJones,RavitejaBhagi
SaiPadmanabhuni,RavitejaBhagi
SriPrakyathIyyapu,RavitejaBhagi
SuryaKlsv,RavitejaBhagi
ShubhamJain85,RavitejaBhagi
GokulNathSridhar,RavitejaBhagi
BiswaPrasannaMishra,RavitejaBhagi
SwamyIdln,RavitejaBhagi
MatthewCoutinho,RavitejaBhagi
SubodhKolhe,RavitejaBhagi
viveknimbarmunde,RavitejaBhagi
HariKrishnaUpadhyayula,RavitejaBhagi
SashankaPaladugu,RavitejaBhagi
AnvithaAdhikarla,RavitejaBhagi
LoveShah,RavitejaBhagi
TejeshwarSingh,RavitejaBhagi
AdityaSaripally,RavitejaBhagi
ChandraVikas,RavitejaBhagi
KatragaddaAvinash,RavitejaBhagi
SatyaTejaswi,RavitejaBhagi
AkshayAnanthakrishnan,RavitejaBhagi
DineshKumarDasari,RavitejaBhagi
AnujGadhave,RavitejaBhagi
AkhileshSharma1,RavitejaBhagi
SampathVelaga,RavitejaBhagi
RishiPatel,RavitejaBhagi
VenkatKarthikeya,RavitejaBhagi
SandeshChopade,RavitejaBhagi
AbhinavChoudhury,RavitejaBhagi
AbhijeetPendyala,RavitejaBhagi
VijayNarayan,RavitejaBhagi
NikhilAryan,RavitejaBhagi
SumanthGottipati,RavitejaBhagi
NehaKulkarni,RavitejaBhagi
KranthiAileni,RavitejaBhagi
AmodhSaxena,RavitejaBhagi
ShashankArora,RavitejaBhagi
AnirbanDatta,RavitejaBhagi
bharatreddy5,RavitejaBhagi
DipankarTripathy,RavitejaBhagi
AdithyaShourie,RavitejaBhagi
HarshaVardhanBabu,RavitejaBhagi
JagannathReddy,RavitejaBhagi
MohitKhandelwal,RavitejaBhagi
KrishnaAditya,RavitejaBhagi
Karthikvvs,RavitejaBhagi
RubyUniyal,RavitejaBhagi
ATiwari,RavitejaBhagi
csmi,RavitejaBhagi
JacksonNiki,RavitejaBhagi
EswaraSai,VinayKumar103
SrikanthSuresh,VinayKumar103
HarshaAechuri,VinayKumar103
VasanArunachalam,VinayKumar103
ananthkotti,VinayKumar103
SudheerVazrapu,VinayKumar103
AntarikshaYelkawar,VinayKumar103
ThiruvikramanKandhadai,VinayKumar103
PrasanthAkki,VinayKumar103
SuryaPabbisetty,VinayKumar103
AmrithaJayadev,VinayKumar103
PraneethSmk,VinayKumar103
SatyaJulakanti,VinayKumar103
VikasKotha,VinayKumar103
LAdithya,VinayKumar103
RahulRevu,VinayKumar103
SuryaKlsv,VinayKumar103
RahulDubey22,VinayKumar103
ChandraSandeep1,VinayKumar103
SaitejaPasula,VinayKumar103
VinodhReddyChennu,VinayKumar103
PrudhviReddy3,VinayKumar103
RahmanAbdur,VinayKumar103
ReddyAvinash,VinayKumar103
NitinMythreya,VinayKumar103
KartheekManavarthi,VinayKumar103
SuryaPrathap,VinayKumar103
PraveenVelicheti,VinayKumar103
akashraj,VinayKumar103
DivyaAnnavajjula,VinayKumar103
SriHarsha,VinayKumar103
KavyaSuma,VinayKumar103
SwagatReddy,VinayKumar103
ChowdharySaiPriya,VinayKumar103
sharathchandra,VinayKumar103
SherifEltahawy,VinayKumar103
KaurManjyot,VinayKumar103
AkshithAnand,VinayKumar103
AditiShrivastava,VinayKumar103
LakshmiNarayanaG,VinayKumar103
RohithMulugu,VinayKumar103
SreeharipriyaGarikipati,VinayKumar103
CGarimella,VinayKumar103
KinneraPaladugu,VinayKumar103
VarunSoni,VinayKumar103
BharathReddyRondla,VinayKumar103
SusanthiIdupuganti,VinayKumar103
VineelaYerukonda,VinayKumar103
AnjanSaiKumar,VinayKumar103
NikitaChawla,VinayKumar103
avinashgurugubelli,VinayKumar103
LaxmiKumar,VinayKumar103
DurgaPrasad107,VinayKumar103
ShwethaSrinivasYelluru,VinayKumar103
SrikanthrajeevMetta,VinayKumar103
RamBehara,VinayKumar103
PrasanthAbraham,AshiffShaik
ShrenikKhot,AshiffShaik
HarshitMalik,AshiffShaik
LeelaAnnam,AshiffShaik
ShravyaLahari,AshiffShaik
AnkitGoswami4,AshiffShaik
TusharBindal,AshiffShaik
SantoshReddy21,AshiffShaik
PrithwijitMukherjee,AshiffShaik
NeeleshTanwar,AshiffShaik
AnkitaVerma19,AshiffShaik
VasanArunachalam,AshiffShaik
HrishikeshNandakumarKulkarni,AshiffShaik
AdityaPrakash,AshiffShaik
RishabhBajaj,AshiffShaik
GurpreetSeehra,AshiffShaik
NitinSamuel,AshiffShaik
AninditaMondal,AshiffShaik
VaibhavKumar44,AshiffShaik
SuryaKlsv,AshiffShaik
AkashKatole,AshiffShaik
VeenaLahari,AshiffShaik
AjitPrabhakar,AshiffShaik
ShivaniYadav10,AshiffShaik
PrateekAgarwal12,AshiffShaik
RathishArumugam,AshiffShaik
PraveenKumar719,AshiffShaik
SashankaPaladugu,AshiffShaik
SiddardhGouri,AshiffShaik
KoushikSai,AshiffShaik
KodakandlaAvinash,AshiffShaik
RahulThakur28,AshiffShaik
ManindraKonda,AshiffShaik
,AshiffShaik
SumanthGottipati,AshiffShaik
SamadritaBhattacharyya,AshiffShaik
RukaiyyaKhan,AshiffShaik
HarshavardhanTumma,AshiffShaik
ParthPaik,AshiffShaik
AalpeshKachhadiya,AshiffShaik
MeghanaAvala,AshiffShaik
VivekSalwan,AshiffShaik
HarithaNangunoori,AshiffShaik
RangacharyuluPeesapati,AshiffShaik
AbhinavKurumaddali,AshiffShaik
SatyaKiranDuggina,AshiffShaik
MahmoodBTabatabai,AshiffShaik
PraneethShiva,AshiffShaik
ManasaReddy2,AshiffShaik
PrashanthKolepaka,AshiffShaik
JOeDirt,AshiffShaik
MuralidharanErumpala,AshiffShaik
EswaraSai,BabithaMachireddy
ShravyaLahari,BabithaMachireddy
AnoopKarnik,BabithaMachireddy
SwetabhKumar,BabithaMachireddy
AntarikshaYelkawar,BabithaMachireddy
PrasanthAkki,BabithaMachireddy
SuryaPabbisetty,BabithaMachireddy
NikhilJones,BabithaMachireddy
PraneethSmk,BabithaMachireddy
SwethaNimmagadda,BabithaMachireddy
SanchitMishra,BabithaMachireddy
LAdithya,BabithaMachireddy
SundarKumarJvs,BabithaMachireddy
SuryaKlsv,BabithaMachireddy
RahulDubey22,BabithaMachireddy
SaitejaPasula,BabithaMachireddy
PrashantLalwani,BabithaMachireddy
ManojMadabhushi,BabithaMachireddy
Kalyankarthik,BabithaMachireddy
NavyaSahithi,BabithaMachireddy
ManojBobba,BabithaMachireddy
AnilTalari,BabithaMachireddy
GuptaChavi,BabithaMachireddy
DivyaAnnavajjula,BabithaMachireddy
AkshithAnand,BabithaMachireddy
rgeesa,BabithaMachireddy
ShivaReisende,BabithaMachireddy
KatragaddaAvinash,BabithaMachireddy
DineshKumarDasari,BabithaMachireddy
SowmyaKatragadda,BabithaMachireddy
VishwanathNagallapati,BabithaMachireddy
DivyaSanghi,BabithaMachireddy
ChaitanyaJRk,BabithaMachireddy
HemanthaChowdary,BabithaMachireddy
VishakaThekkedath,BabithaMachireddy
DamacharlaSnehankita,BabithaMachireddy
PraharshaHarsh,BabithaMachireddy
TumuKumar,BabithaMachireddy
GayatriDhara,BabithaMachireddy
ManikantaTedlapu,BabithaMachireddy
DivyaKanikala,BabithaMachireddy
MounicaJonnalagadda,BabithaMachireddy
KritiChandra,BabithaMachireddy
RajulaHarishKumarReddy,BabithaMachireddy
JainPrasuk,BabithaMachireddy
VijayasimhaVellanki,BabithaMachireddy
JainPrasuk,BabithaMachireddy
AsmithaVanaparthi,BabithaMachireddy
SrinivasaKasarla,BabithaMachireddy
HariGarikipati,BabithaMachireddy
MohithDevathi,BabithaMachireddy
RamKoka,BabithaMachireddy
mathiiit,PrayagBiswal
ApoorvJain,PrayagBiswal
Subhendupanigrahi,PrayagBiswal
AnimeshChoudhary,PrayagBiswal
AyushUpadhyay,PrayagBiswal
AurkoChatterjee,PrayagBiswal
SubhomoyBakshi,PrayagBiswal
PPachori,PrayagBiswal
SomnathMeher,PrayagBiswal
SramanaMitra,PrayagBiswal
RakeshSarangi,PrayagBiswal
SumitMohanty,PrayagBiswal
PujaGorai,PrayagBiswal
DebasishKanhar,PrayagBiswal
PKaushal,PrayagBiswal
AyushGoel,PrayagBiswal
AnandAbhishek2,PrayagBiswal
SachinSharma,PrayagBiswal
ManisitDas,PrayagBiswal
BhupenderSingh,PrayagBiswal
AbhishekChandwani,PrayagBiswal
PankajMandal,PrayagBiswal
NeeleshShekhar,PrayagBiswal
NikhilKhaitan,PrayagBiswal
ABHISHEKRAJ,PrayagBiswal
AKannamwar,PrayagBiswal
ASingla,PrayagBiswal
RaviShankar161,PrayagBiswal
RaunakMukherjee,PrayagBiswal
ManishKumar390,PrayagBiswal
BhargavaExcalibur,PrayagBiswal
ArunJain,PrayagBiswal
JainAbhas,PrayagBiswal
IjassnJournal,PrayagBiswal
MaheshKS,PrayagBiswal
KrishnanUnni,PrayagBiswal
MohitChaukikar,PrayagBiswal
RajaAmbrish,PrayagBiswal
PratikSahoo,PrayagBiswal
AmulyaPalle,PrayagBiswal
KaushikMahato,PrayagBiswal
ApoorvaReddy,PrayagBiswal
AmandeepChanyal,PrayagBiswal
ManavGarg,PrayagBiswal
ArunTankha,PrayagBiswal
SharmaSharad,PrayagBiswal
AkshataMohanty,PrayagBiswal
PraneelJain,PrayagBiswal
AparajitaNath,PrayagBiswal
DebadritaDas,PrayagBiswal
SaurabhAgarwal,PrayagBiswal
VelpuriBhargava,PrayagBiswal
AkshayChalikwar,PrayagBiswal
KhushbooYadav,PrayagBiswal
venugopalnaik,PrayagBiswal
CGarg,PrayagBiswal
SumanRajat,PrayagBiswal
RiteshSaraogi,PrayagBiswal
rahuldeora,PrayagBiswal
SudhanshuBahety,PrayagBiswal
DeepitPurkayastha,MruthyunjayaRaoPadamata
ApoorvJain,MruthyunjayaRaoPadamata
AnimeshChoudhary,MruthyunjayaRaoPadamata
AyushUpadhyay,MruthyunjayaRaoPadamata
AchillesSaxby,MruthyunjayaRaoPadamata
AurkoChatterjee,MruthyunjayaRaoPadamata
PPachori,MruthyunjayaRaoPadamata
RakeshSarangi,MruthyunjayaRaoPadamata
SiddharthBala,MruthyunjayaRaoPadamata
PujaGorai,MruthyunjayaRaoPadamata
MayurRastogi,MruthyunjayaRaoPadamata
KiranReddy31,MruthyunjayaRaoPadamata
NIPUNKHEMKA,MruthyunjayaRaoPadamata
DebasishKanhar,MruthyunjayaRaoPadamata
vikashagarwal,MruthyunjayaRaoPadamata
PKaushal,MruthyunjayaRaoPadamata
AyushGoel,MruthyunjayaRaoPadamata
NishantVats,MruthyunjayaRaoPadamata
AnandAbhishek2,MruthyunjayaRaoPadamata
SayantanSarkar,MruthyunjayaRaoPadamata
ManisitDas,MruthyunjayaRaoPadamata
NilayBang,MruthyunjayaRaoPadamata
AbhishekChandwani,MruthyunjayaRaoPadamata
PankajMandal,MruthyunjayaRaoPadamata
RiteshJindal,MruthyunjayaRaoPadamata
SouradeepPaul,MruthyunjayaRaoPadamata
NeeleshShekhar,MruthyunjayaRaoPadamata
NikhilKhaitan,MruthyunjayaRaoPadamata
AKannamwar,MruthyunjayaRaoPadamata
ASingla,MruthyunjayaRaoPadamata
RaviShankar161,MruthyunjayaRaoPadamata
RaunakMukherjee,MruthyunjayaRaoPadamata
AjayKumarYadav,MruthyunjayaRaoPadamata
ManishKumar390,MruthyunjayaRaoPadamata
BhargavaExcalibur,MruthyunjayaRaoPadamata
ArjunWadhawan,MruthyunjayaRaoPadamata
monalisasethi,MruthyunjayaRaoPadamata
MohitChaukikar,MruthyunjayaRaoPadamata
RajaAmbrish,MruthyunjayaRaoPadamata
PriyankaRaju,MruthyunjayaRaoPadamata
DSharma,MruthyunjayaRaoPadamata
PratikSahoo,MruthyunjayaRaoPadamata
KaushikMahato,MruthyunjayaRaoPadamata
SmarakSikdar,MruthyunjayaRaoPadamata
SharmaShrey,MruthyunjayaRaoPadamata
ApoorvaReddy,MruthyunjayaRaoPadamata
JayanPrajapati,MruthyunjayaRaoPadamata
ArunTankha,MruthyunjayaRaoPadamata
NavadeepPodapati,MruthyunjayaRaoPadamata
PraneelJain,MruthyunjayaRaoPadamata
AkshataMohanty,MruthyunjayaRaoPadamata
AparajitaNath,MruthyunjayaRaoPadamata
SaurabhAgarwal,MruthyunjayaRaoPadamata
MeghanaReddy,MruthyunjayaRaoPadamata
SreeSudha1,MruthyunjayaRaoPadamata
KhushbooYadav,MruthyunjayaRaoPadamata
venugopalnaik,MruthyunjayaRaoPadamata
BShree,MruthyunjayaRaoPadamata
SnehaChilivery,MruthyunjayaRaoPadamata
CGarg,MruthyunjayaRaoPadamata
PaulineOliiveros,AchillesSaxby
AntonellaDAscoli,AchillesSaxby
ShoaibArif,AchillesSaxby
DeepitPurkayastha,AchillesSaxby
sumeetmeravi,AchillesSaxby
mathiiit,AchillesSaxby
NaveenRajput,AchillesSaxby
MruthyunjayaRaoPadamata,AchillesSaxby
SultanMuhammadRazzak,AchillesSaxby
SubhenduBhowal,AchillesSaxby
RaviKiran,AchillesSaxby
PiyushMayank,AchillesSaxby
ArnavKumar,AchillesSaxby
MallikarjunKarra,AchillesSaxby
AkankshaShrivastava,AchillesSaxby
SumitMohanty,AchillesSaxby
HarikaNelli,AchillesSaxby
SiddharthSharad,AchillesSaxby
ShreyGoyal,AchillesSaxby
AditiGupta,AchillesSaxby
KiranReddy31,AchillesSaxby
AhmedAslam,AchillesSaxby
wwwsacprosorg,AchillesSaxby
DivyaSappa,AchillesSaxby
SwastikSingh,AchillesSaxby
AnandAbhishek2,AchillesSaxby
SachinSharma,AchillesSaxby
SayantanSarkar,AchillesSaxby
HimenDoley,AchillesSaxby
PunyashlokaDebashis,AchillesSaxby
ArushiPratap,AchillesSaxby
KaustubhKashyap,AchillesSaxby
NeeleshShekhar,AchillesSaxby
VikramVoleti,AchillesSaxby
NikhilKhaitan,AchillesSaxby
AKannamwar,AchillesSaxby
ASingla,AchillesSaxby
VijayDevarapalli,AchillesSaxby
AjayKumarYadav,AchillesSaxby
BhargavaExcalibur,AchillesSaxby
LayakSingh,AchillesSaxby
ArunJain,AchillesSaxby
JainAbhas,AchillesSaxby
AaronMendonca,AchillesSaxby
NikitaMishra,AchillesSaxby
TtrthaKhan,AchillesSaxby
MohitChaukikar,AchillesSaxby
AbhishekNarain,AchillesSaxby
PriyankaRaju,AchillesSaxby
ShubhanshuMishra,AchillesSaxby
GayatriKumari,AchillesSaxby
ManojKumarSingh12,AchillesSaxby
eterbira,AchillesSaxby
UjjwalRaghuvanshi,AchillesSaxby
AnishShenoy,AchillesSaxby
VisheshGupta,AchillesSaxby
RahulMadadi,AchillesSaxby
NavadeepPodapati,AchillesSaxby
ASengupta,AchillesSaxby
AparajitaNath,AchillesSaxby
IjsrnetEditorial,PPachori
DeepitPurkayastha,PPachori
PrayagBiswal,PPachori
MruthyunjayaRaoPadamata,PPachori
Subhendupanigrahi,PPachori
gauravdahake,PPachori
AnimeshChoudhary,PPachori
AmitDatta,PPachori
AyushUpadhyay,PPachori
RaviKiran,PPachori
AakritiJain,PPachori
SomnathMeher,PPachori
ArnavKumar,PPachori
PiyushMayank,PPachori
MallikarjunKarra,PPachori
shayandev,PPachori
GauravRathi,PPachori
ShreyGoyal,PPachori
AditiGupta,PPachori
KiranReddy31,PPachori
MayurRastogi,PPachori
NIPUNKHEMKA,PPachori
vikashagarwal,PPachori
rupinder,PPachori
NilanjanaBhattacharya,PPachori
PKaushal,PPachori
SwastikSingh,PPachori
AnandAbhishek2,PPachori
SachinSharma,PPachori
SayantanSarkar,PPachori
ArijitMondal,PPachori
ManisitDas,PPachori
BhupenderSingh,PPachori
MadhurimaKumar,PPachori
ThulasiJNambiar,PPachori
PankajMandal,PPachori
PunyashlokaDebashis,PPachori
ArushiPratap,PPachori
RiteshJindal,PPachori
KaustubhKashyap,PPachori
NeeleshShekhar,PPachori
NikhilKhaitan,PPachori
ABHISHEKRAJ,PPachori
VijayDevarapalli,PPachori
RaviShankar161,PPachori
AjayKumarYadav,PPachori
ManishKumar390,PPachori
BhargavaExcalibur,PPachori
LayakSingh,PPachori
JainAbhas,PPachori
ShashankKumar1,PPachori
ArjunWadhawan,PPachori
monalisasethi,PPachori
parinayjain,PPachori
AarshPande,PPachori
ChilukapavanKumar,PPachori
TejalKamble,PPachori
AGupta,PPachori
PriyankaRaju,PPachori
AadityaRaut,PPachori
DeepitPurkayastha,UmeshU
RogerWoodman,UmeshU
AbdallahDaddiMoussaIder,UmeshU
AbdulAzizMousa,UmeshU
AnimeshChoudhary,UmeshU
VishalGupta,UmeshU
AyushUpadhyay,UmeshU
SnehaJain,UmeshU
MallikarjunKarra,UmeshU
GauravRathi,UmeshU
rupinder,UmeshU
NilanjanaBhattacharya,UmeshU
SwastikSingh,UmeshU
SachinSharma,UmeshU
SayantanSarkar,UmeshU
MadhurimaKumar,UmeshU
SouradeepPaul,UmeshU
KaustubhKashyap,UmeshU
NikhilKhaitan,UmeshU
AashayArora,UmeshU
AKannamwar,UmeshU
ASingla,UmeshU
AaronMendonca,UmeshU
KrishnanUnni,UmeshU
MohitChaukikar,UmeshU
AGupta,UmeshU
PriyankaRaju,UmeshU
TharunVVijayan,UmeshU
JayanPrajapati,UmeshU
AparajitaNath,UmeshU
AkshayChalikwar,UmeshU
RishitaDas,UmeshU
SnehaChilivery,UmeshU
SumanRajat,UmeshU
soumyaP,UmeshU
MrugankBhatt,UmeshU
TarunKumar,UmeshU
KumarAshwin,UmeshU
MeenaUppaluri,UmeshU
AGNikhil,UmeshU
PrachiBhoyar,UmeshU
AkankshaAgrawal,UmeshU
NehalSiroya,UmeshU
PraveenDas,UmeshU
prongs,UmeshU
MeijJournal,UmeshU
RajatPareek1,UmeshU
KalyaniNimbalkar,UmeshU
RatanRahul,UmeshU
dipayandipto,UmeshU
PushpamBhardwaj,UmeshU
AmbujTiwari,UmeshU
JigarSura,UmeshU
PranjalSahu,UmeshU
RayapureddyveeravenkataramalakshmiNarayanarao,UmeshU
AnirudhSurendran,UmeshU
SaiSrivatsan,UmeshU
AdilAzeem,UmeshU
MuchammadRochman,UmeshU
PrashanthGunasekaran,UmeshU
GeorgeGrigore,NaturalLanguageProcessing
AliKaraka,NaturalLanguageProcessing
GebhardJSelz,NaturalLanguageProcessing
SuerEker,NaturalLanguageProcessing
RahlfHansen,NaturalLanguageProcessing
FedericoDelGiorgioSolfa,NaturalLanguageProcessing
AMaeir,NaturalLanguageProcessing
RamayahThurasamy,NaturalLanguageProcessing
MicheleGuirguis,NaturalLanguageProcessing
LoutfyMadkour,NaturalLanguageProcessing
SattarBSadkhan,NaturalLanguageProcessing
DrShamenaz,NaturalLanguageProcessing
AlexKondakov,NaturalLanguageProcessing
IsabellaChiari,NaturalLanguageProcessing
SelimAdal,NaturalLanguageProcessing
KirkHazen,NaturalLanguageProcessing
NanangZubaidi,NaturalLanguageProcessing
Networkscommunication,NaturalLanguageProcessing
RashidAzizFaridi,NaturalLanguageProcessing
MiriamCubas,NaturalLanguageProcessing
MariaCGatto,NaturalLanguageProcessing
FedericoGiusfredi,NaturalLanguageProcessing
SusanneGrke,NaturalLanguageProcessing
MarcellaGiorgio,NaturalLanguageProcessing
VishalJain,NaturalLanguageProcessing
JosephSalmons,NaturalLanguageProcessing
BhimDhojShrestha,NaturalLanguageProcessing
BudiSusanto,NaturalLanguageProcessing
IjscJournal,NaturalLanguageProcessing
WirelessMobileNetworks,NaturalLanguageProcessing
WirelessMobileNetworks,NaturalLanguageProcessing
SanjayaDas,NaturalLanguageProcessing
IjseaJournal,NaturalLanguageProcessing
RatanSarkar,NaturalLanguageProcessing
ParthasarathiMukhopadhyay,NaturalLanguageProcessing
HapnesToba,NaturalLanguageProcessing
IjngnJournal,NaturalLanguageProcessing
JeanBaptisteCamps,NaturalLanguageProcessing
InternationalJournalonIntegratingTechnologyinEducationIJITEISSN23201886Online23203935Print,NaturalLanguageProcessing
RobbyKurniawan,NaturalLanguageProcessing
ComputerScienceInformationTechnologyCSIT,NaturalLanguageProcessing
InternationalJournalofChaosControlModellingandSimulationIJCCMSISSN23195398Online23198990Print,NaturalLanguageProcessing
DecioWeyBERTIJUNIOR,NaturalLanguageProcessing
CaijJournal,NaturalLanguageProcessing
YosriNegm,NaturalLanguageProcessing
IjbbJournal,NaturalLanguageProcessing
journalijwest,NaturalLanguageProcessing
royas,NaturalLanguageProcessing
LataDubey,NaturalLanguageProcessing
IjassnJournal,NaturalLanguageProcessing
FilipeBento,NaturalLanguageProcessing
SamsonOlatunji,NaturalLanguageProcessing
IjcseitJournal,NaturalLanguageProcessing
VJournal,NaturalLanguageProcessing
JNeelamegam,NaturalLanguageProcessing
HiijJournal,NaturalLanguageProcessing
TodRobbins,NaturalLanguageProcessing
journal,NaturalLanguageProcessing
IjnsaJournals,NaturalLanguageProcessing
IjdmsAircc,NaturalLanguageProcessing
DeepitPurkayastha,SumitMohanty
PrayagBiswal,SumitMohanty
gauravdahake,SumitMohanty
AyushUpadhyay,SumitMohanty
AchillesSaxby,SumitMohanty
AakritiJain,SumitMohanty
SubhomoyBakshi,SumitMohanty
SomnathMeher,SumitMohanty
ArnavKumar,SumitMohanty
AkankshaShrivastava,SumitMohanty
SiddharthBala,SumitMohanty
HarikaNelli,SumitMohanty
PujaGorai,SumitMohanty
AbhishekBhardwaj,SumitMohanty
PriyankJaini,SumitMohanty
DebasishKanhar,SumitMohanty
NIPUNKHEMKA,SumitMohanty
SahilJalan,SumitMohanty
NilanjanaBhattacharya,SumitMohanty
AyushGoel,SumitMohanty
SachinSharma,SumitMohanty
AnandAbhishek2,SumitMohanty
TusharBindal,SumitMohanty
AbhishekChandwani,SumitMohanty
MadhurimaKumar,SumitMohanty
SouradeepPaul,SumitMohanty
KaustubhKashyap,SumitMohanty
NeeleshShekhar,SumitMohanty
AKannamwar,SumitMohanty
SoumyoMitra,SumitMohanty
AaronMendonca,SumitMohanty
ArjunWadhawan,SumitMohanty
monalisasethi,SumitMohanty
ChilukapavanKumar,SumitMohanty
PratikSahoo,SumitMohanty
KaushikMahato,SumitMohanty
UjjwalRaghuvanshi,SumitMohanty
VisheshGupta,SumitMohanty
AnishShenoy,SumitMohanty
ArunTankha,SumitMohanty
NavadeepPodapati,SumitMohanty
ASengupta,SumitMohanty
AparajitaNath,SumitMohanty
AbhishekKumar439,SumitMohanty
SaurabhAgarwal,SumitMohanty
deepikabajaj,SumitMohanty
KhushbooYadav,SumitMohanty
venugopalnaik,SumitMohanty
shubhamgarg,SumitMohanty
AninditaGandhi,SumitMohanty
drreddy,SumitMohanty
BismayaSahoo,SumitMohanty
AnshulSinghle,SumitMohanty
SandeshMareddy,SumitMohanty
AngshumanMajumder,SumitMohanty
srivatsakandukuri,SumitMohanty
AmritaSukrity,SumitMohanty
AakashBhowmick,SumitMohanty
PalkushChawla,SumitMohanty
AadityaSalgarkar,SumitMohanty
DeepitPurkayastha,KiranReddy31
ApoorvJain,KiranReddy31
MruthyunjayaRaoPadamata,KiranReddy31
Subhendupanigrahi,KiranReddy31
AnimeshChoudhary,KiranReddy31
AchillesSaxby,KiranReddy31
RaviKiran,KiranReddy31
AakritiJain,KiranReddy31
PPachori,KiranReddy31
MallikarjunKarra,KiranReddy31
AkankshaShrivastava,KiranReddy31
SiddharthBala,KiranReddy31
pavankalyangts,KiranReddy31
AbhishekBhardwaj,KiranReddy31
NIPUNKHEMKA,KiranReddy31
vikashagarwal,KiranReddy31
NilanjanaBhattacharya,KiranReddy31
PKaushal,KiranReddy31
SayantanSarkar,KiranReddy31
ArijitMondal,KiranReddy31
ThulasiJNambiar,KiranReddy31
PankajMandal,KiranReddy31
RiteshJindal,KiranReddy31
AashayArora,KiranReddy31
ASingla,KiranReddy31
VijayDevarapalli,KiranReddy31
RahulGaikwad,KiranReddy31
BManikanta,KiranReddy31
AjayKumarYadav,KiranReddy31
SiddharthHembrom,KiranReddy31
KrishnanUnni,KiranReddy31
RajaAmbrish,KiranReddy31
PriyankaRaju,KiranReddy31
PratikSahoo,KiranReddy31
GayatriKumari,KiranReddy31
SmarakSikdar,KiranReddy31
SharmaShrey,KiranReddy31
ArunTankha,KiranReddy31
DebadritaDas,KiranReddy31
SreeSudha1,KiranReddy31
NiharikaSwaroop,KiranReddy31
SnehaChilivery,KiranReddy31
CGarg,KiranReddy31
SumanRajat,KiranReddy31
rahuldeora,KiranReddy31
ShishirKumar1,KiranReddy31
AnshulSinghle,KiranReddy31
RavikiranMaddali,KiranReddy31
KumarAshwin,KiranReddy31
kishorekommi,KiranReddy31
srirampotluri,KiranReddy31
KamalenduGhosh,KiranReddy31
AakashSaxena,KiranReddy31
AbhishekKumar,KiranReddy31
AkankshaAgrawal,KiranReddy31
TanayNigam,KiranReddy31
SruthiChekuri,KiranReddy31
SS,KiranReddy31
RajatPareek1,KiranReddy31
PrahladRayapu,KiranReddy31
RogerWoodman,NIPUNKHEMKA
MruthyunjayaRaoPadamata,NIPUNKHEMKA
Subhendupanigrahi,NIPUNKHEMKA
TarunGehlot,NIPUNKHEMKA
PPachori,NIPUNKHEMKA
AditiSinha10,NIPUNKHEMKA
ArnavKumar,NIPUNKHEMKA
PiyushMayank,NIPUNKHEMKA
RakeshSarangi,NIPUNKHEMKA
SiddharthBala,NIPUNKHEMKA
HarikaNelli,NIPUNKHEMKA
AbhishekBhardwaj,NIPUNKHEMKA
KiranReddy31,NIPUNKHEMKA
AyushGoel,NIPUNKHEMKA
AnandAbhishek2,NIPUNKHEMKA
AnandAbhishek2,NIPUNKHEMKA
SayantanSarkar,NIPUNKHEMKA
NilayBang,NIPUNKHEMKA
BhupenderSingh,NIPUNKHEMKA
PankajMandal,NIPUNKHEMKA
RiteshJindal,NIPUNKHEMKA
ArushiPratap,NIPUNKHEMKA
SouradeepPaul,NIPUNKHEMKA
NeeleshShekhar,NIPUNKHEMKA
TriyanshaVijay,NIPUNKHEMKA
AKannamwar,NIPUNKHEMKA
ASingla,NIPUNKHEMKA
RounakGulati,NIPUNKHEMKA
VijayDevarapalli,NIPUNKHEMKA
RaviShankar161,NIPUNKHEMKA
AjayKumarYadav,NIPUNKHEMKA
ManishKumar390,NIPUNKHEMKA
BhargavaExcalibur,NIPUNKHEMKA
JainAbhas,NIPUNKHEMKA
ArjunWadhawan,NIPUNKHEMKA
AarshPande,NIPUNKHEMKA
DSharma,NIPUNKHEMKA
PratikSahoo,NIPUNKHEMKA
ManojKumarSingh12,NIPUNKHEMKA
AmulyaPalle,NIPUNKHEMKA
UjjwalRaghuvanshi,NIPUNKHEMKA
ApoorvaReddy,NIPUNKHEMKA
AnishShenoy,NIPUNKHEMKA
VisheshGupta,NIPUNKHEMKA
AmandeepChanyal,NIPUNKHEMKA
ArunTankha,NIPUNKHEMKA
NavadeepPodapati,NIPUNKHEMKA
PraneelJain,NIPUNKHEMKA
SaurabhAgarwal,NIPUNKHEMKA
SreeSudha1,NIPUNKHEMKA
KhushbooYadav,NIPUNKHEMKA
CGarg,NIPUNKHEMKA
SumanRajat,NIPUNKHEMKA
RiteshSaraogi,NIPUNKHEMKA
DrPrabhakarHarkal,NIPUNKHEMKA
drreddy,NIPUNKHEMKA
ShishirKumar1,NIPUNKHEMKA
ArnabMahanty,NIPUNKHEMKA
SandeshMareddy,NIPUNKHEMKA
VivekRai1,NIPUNKHEMKA
PrayagBiswal,DebasishKanhar
MruthyunjayaRaoPadamata,DebasishKanhar
TarunGehlot,DebasishKanhar
AditiSinha10,DebasishKanhar
RakeshSarangi,DebasishKanhar
SiddharthBala,DebasishKanhar
PujaGorai,DebasishKanhar
SahilJalan,DebasishKanhar
AnandAbhishek2,DebasishKanhar
NeeleshShekhar,DebasishKanhar
RounakGulati,DebasishKanhar
RahulGaikwad,DebasishKanhar
RaviShankar161,DebasishKanhar
RaunakMukherjee,DebasishKanhar
ManishKumar390,DebasishKanhar
BhargavaExcalibur,DebasishKanhar
RahulDey,DebasishKanhar
ArjunWadhawan,DebasishKanhar
MaheshKS,DebasishKanhar
DSharma,DebasishKanhar
PratikSahoo,DebasishKanhar
GayatriKumari,DebasishKanhar
UjjwalRaghuvanshi,DebasishKanhar
ArunTankha,DebasishKanhar
PraneelJain,DebasishKanhar
AbhisekDatta,DebasishKanhar
SaurabhAgarwal,DebasishKanhar
SreeSudha1,DebasishKanhar
MeghanaReddy,DebasishKanhar
CGarg,DebasishKanhar
SAMBITSARANGI,DebasishKanhar
PrateekSehgal,DebasishKanhar
BismayaSahoo,DebasishKanhar
RavikiranMaddali,DebasishKanhar
srivatsakandukuri,DebasishKanhar
JayakrishnaAlwar,DebasishKanhar
AakashBhowmick,DebasishKanhar
AnkitaDas6,DebasishKanhar
AnkitKumarNandanwar,DebasishKanhar
AbhishekKapoor,DebasishKanhar
NehalSiroya,DebasishKanhar
KSaiRam,DebasishKanhar
MuditSinhal,DebasishKanhar
MilindTahalani,DebasishKanhar
AnshulSingh2,DebasishKanhar
ShivaniPanda,DebasishKanhar
MeijJournal,DebasishKanhar
SukumarMdv,DebasishKanhar
KalyaniNimbalkar,DebasishKanhar
DebanjanaChakraborty,DebasishKanhar
PrateekKishore,DebasishKanhar
SahuSaurav,DebasishKanhar
AbhishekJaiswal2,DebasishKanhar
HarmanGill4,DebasishKanhar
RatanRahul,DebasishKanhar
AnandMohan,DebasishKanhar
AnuragNarula,DebasishKanhar
SiddharthRath,DebasishKanhar
SanjayMeena,DebasishKanhar
AnirudhSurendran,DebasishKanhar
NaveenKumarPoddar,vikashagarwal
DeepitPurkayastha,vikashagarwal
MarcinPaprzycki,vikashagarwal
sumeetmeravi,vikashagarwal
mathiiit,vikashagarwal
uttamsikaria,vikashagarwal
KasunRangaWijeweera,vikashagarwal
GauravBansal,vikashagarwal
MruthyunjayaRaoPadamata,vikashagarwal
Subhendupanigrahi,vikashagarwal
BhuvneshGoyal,vikashagarwal
ARathi,vikashagarwal
MohammadShojafar,vikashagarwal
RaviTandon,vikashagarwal
AmitDatta,vikashagarwal
TianyouKou,vikashagarwal
RaviKiran,vikashagarwal
PPachori,vikashagarwal
ArnavKumar,vikashagarwal
PiyushMayank,vikashagarwal
AkhilTak,vikashagarwal
ShreyGoyal,vikashagarwal
KiranReddy31,vikashagarwal
ChiragSangani,vikashagarwal
nawalkishoragrawal,vikashagarwal
AnkushGoyal7,vikashagarwal
praveenkarri,vikashagarwal
SwastikSingh,vikashagarwal
SachinSharma,vikashagarwal
SayantanSarkar,vikashagarwal
ArijitMondal,vikashagarwal
HarshGupta,vikashagarwal
MaulikKamdar,vikashagarwal
SumitBhagwani,vikashagarwal
VisheshSaxena,vikashagarwal
KalyanBhattacharjee,vikashagarwal
AjayKumarYadav,vikashagarwal
arijitmukherjee,vikashagarwal
PradoshSahoo,vikashagarwal
ChilukapavanKumar,vikashagarwal
AadityaRaut,vikashagarwal
ShubhanshuMishra,vikashagarwal
TharunVVijayan,vikashagarwal
KaushikMahato,vikashagarwal
SharmaShrey,vikashagarwal
NamanAgarwal,vikashagarwal
ShilpaSinha,vikashagarwal
SaurabhAgarwal,vikashagarwal
AnurupDatta,vikashagarwal
deepikabajaj,vikashagarwal
SamyakJaroli,vikashagarwal
rahuldeora,vikashagarwal
TanmoySanyal,vikashagarwal
ShishirKumar1,vikashagarwal
AmitBhojane,vikashagarwal
NadeemAnjum1,vikashagarwal
AJain,vikashagarwal
arpitrungta,vikashagarwal
PreetamKumar,vikashagarwal
VishalVerma,vikashagarwal
PrayagBiswal,ManisitDas
MruthyunjayaRaoPadamata,ManisitDas
gauravdahake,ManisitDas
RanjonGhoshal,ManisitDas
PPachori,ManisitDas
AbhishekTiwari,ManisitDas
SandipSaha,ManisitDas
ArnabDutta,ManisitDas
PujaGorai,ManisitDas
ShreyGoyal,ManisitDas
CarolinaEdjam,ManisitDas
BodhisatwaDas,ManisitDas
HimenDoley,ManisitDas
PankajMandal,ManisitDas
NikhilKhaitan,ManisitDas
SudiptoMitra,ManisitDas
AbhinandaDatta,ManisitDas
BhargavaExcalibur,ManisitDas
KaushikMahato,ManisitDas
AvinashMudaliar,ManisitDas
AbhisekDatta,ManisitDas
AparajitaNath,ManisitDas
AnurupDatta,ManisitDas
SreeSudha1,ManisitDas
KrishnadulalDalapati,ManisitDas
CGarg,ManisitDas
soumyaP,ManisitDas
ShishirKumar1,ManisitDas
NadeemAnjum1,ManisitDas
JayakrishnaAlwar,ManisitDas
KamalenduGhosh,ManisitDas
AyanChatterjee,ManisitDas
MeenaUppaluri,ManisitDas
RudraprasadBhattacharyya,ManisitDas
NehalSiroya,ManisitDas
RudraneilSaha,ManisitDas
MilindTahalani,ManisitDas
abhismitasen,ManisitDas
KalyaniNimbalkar,ManisitDas
SaikatDutta,ManisitDas
DebanjanaChakraborty,ManisitDas
AnkanSengupta,ManisitDas
AnirbanMahajan,ManisitDas
ApurvaGajwani,ManisitDas
RatanRahul,ManisitDas
Jesshu22,ManisitDas
AmbujTiwari,ManisitDas
RAVIMALANI,ManisitDas
SiddharthRath,ManisitDas
,ManisitDas
SaiSrivatsan,ManisitDas
SaiRam,ManisitDas
HarshytGOel,ManisitDas
PraveenKavuri,ManisitDas
BASUDATTASARKAR,ManisitDas
EditorAJADD,ManisitDas
RimiBiswas,ManisitDas
HarshadaWadkar,ManisitDas
tarunhkothari,ManisitDas
SomasishGhosh,ManisitDas
PrayagBiswal,PankajMandal
MruthyunjayaRaoPadamata,PankajMandal
gauravdahake,PankajMandal
AnimeshChoudhary,PankajMandal
AmitDatta,PankajMandal
PPachori,PankajMandal
ShreyGoyal,PankajMandal
KiranReddy31,PankajMandal
NIPUNKHEMKA,PankajMandal
SahilJalan,PankajMandal
AnandAbhishek2,PankajMandal
ManisitDas,PankajMandal
SaheliDe1,PankajMandal
AbhishekChandwani,PankajMandal
TriyanshaVijay,PankajMandal
VijayDevarapalli,PankajMandal
AjayKumarYadav,PankajMandal
ManishKumar390,PankajMandal
BhargavaExcalibur,PankajMandal
parinayjain,PankajMandal
AarshPande,PankajMandal
ChilukapavanKumar,PankajMandal
PratikSahoo,PankajMandal
SonuSharma,PankajMandal
KaushikMahato,PankajMandal
AmandeepChanyal,PankajMandal
SiddharthMuthukumar,PankajMandal
SaurabhAgarwal,PankajMandal
MeghanaReddy,PankajMandal
RishitaDas,PankajMandal
KhushbooYadav,PankajMandal
CGarg,PankajMandal
SumanRajat,PankajMandal
rahuldeora,PankajMandal
TanmoySanyal,PankajMandal
MrugankBhatt,PankajMandal
ShishirKumar1,PankajMandal
drreddy,PankajMandal
VivekRai1,PankajMandal
KumarAshwin,PankajMandal
JayakrishnaAlwar,PankajMandal
HaarshDubey,PankajMandal
GopinathSoren,PankajMandal
NehalSiroya,PankajMandal
TanayNigam,PankajMandal
MilindTahalani,PankajMandal
TarunSinghal,PankajMandal
PrateekKishore,PankajMandal
RatanRahul,PankajMandal
ramanareddymaddirala,PankajMandal
AlishaSinha,PankajMandal
Jesshu22,PankajMandal
AnkurAmbastha,PankajMandal
SibhanshHastey,PankajMandal
PrashantJha1,PankajMandal
ShoaibShariff,PankajMandal
SiddharthaSatpathi,PankajMandal
VaibhavMissing,PankajMandal
SushilPatro,PankajMandal
YashneeilSingh,PankajMandal
DeepitPurkayastha,BhargavaExcalibur
PrayagBiswal,BhargavaExcalibur
MruthyunjayaRaoPadamata,BhargavaExcalibur
AnimeshChoudhary,BhargavaExcalibur
AmitDatta,BhargavaExcalibur
AchillesSaxby,BhargavaExcalibur
RaviKiran,BhargavaExcalibur
AurkoChatterjee,BhargavaExcalibur
PPachori,BhargavaExcalibur
RakeshSarangi,BhargavaExcalibur
RohitPandey,BhargavaExcalibur
SiddharthBala,BhargavaExcalibur
HarikaNelli,BhargavaExcalibur
PujaGorai,BhargavaExcalibur
DebasishKanhar,BhargavaExcalibur
NIPUNKHEMKA,BhargavaExcalibur
SahilJalan,BhargavaExcalibur
PKaushal,BhargavaExcalibur
AyushGoel,BhargavaExcalibur
AnandAbhishek2,BhargavaExcalibur
SayantanSarkar,BhargavaExcalibur
ManisitDas,BhargavaExcalibur
AbhishekChandwani,BhargavaExcalibur
PankajMandal,BhargavaExcalibur
NeeleshShekhar,BhargavaExcalibur
TriyanshaVijay,BhargavaExcalibur
ABHISHEKRAJ,BhargavaExcalibur
VisheshSaxena,BhargavaExcalibur
ManishKumar390,BhargavaExcalibur
AaronMendonca,BhargavaExcalibur
ArjunWadhawan,BhargavaExcalibur
parinayjain,BhargavaExcalibur
AarshPande,BhargavaExcalibur
ChilukapavanKumar,BhargavaExcalibur
DSharma,BhargavaExcalibur
PratikSahoo,BhargavaExcalibur
SonuSharma,BhargavaExcalibur
GayatriKumari,BhargavaExcalibur
AmulyaPalle,BhargavaExcalibur
KaushikMahato,BhargavaExcalibur
ArunTankha,BhargavaExcalibur
ShilpaSinha,BhargavaExcalibur
PraneelJain,BhargavaExcalibur
AkshataMohanty,BhargavaExcalibur
AbhisekDatta,BhargavaExcalibur
SaurabhAgarwal,BhargavaExcalibur
MeghanaReddy,BhargavaExcalibur
SreeSudha1,BhargavaExcalibur
venugopalnaik,BhargavaExcalibur
BShree,BhargavaExcalibur
KhushbooYadav,BhargavaExcalibur
CGarg,BhargavaExcalibur
MrugankBhatt,BhargavaExcalibur
NadeemAnjum1,BhargavaExcalibur
RavikiranMaddali,BhargavaExcalibur
KumarAshwin,BhargavaExcalibur
kishorekommi,BhargavaExcalibur
NandithaUppada,BhargavaExcalibur
RoopamAttree,BhargavaExcalibur
JayakrishnaAlwar,BhargavaExcalibur
RatanRahul,ChathraneeJayathilake
PathumChamikara,ChathraneeJayathilake
JackMcMillan,ChathraneeJayathilake
MahidMangontarum,ChathraneeJayathilake
RodrigoRomo,ChathraneeJayathilake
SumeghaGarg,ChathraneeJayathilake
SatyaNarayanShukla,ChathraneeJayathilake
YanenComarasawmy,ChathraneeJayathilake
FeezancFizan,ChathraneeJayathilake
PranavSwaminathan,ChathraneeJayathilake
RajatBansal2,ChathraneeJayathilake
MuhammadAkhlaq6,ChathraneeJayathilake
AshishSaraf1,ChathraneeJayathilake
IracemaBonomini,ChathraneeJayathilake
JamesNtaganda,ChathraneeJayathilake
MNareshKumar,ChathraneeJayathilake
ArthiRajadurai,ChathraneeJayathilake
RajKumarBD,ChathraneeJayathilake
PandaSibaKumar,ChathraneeJayathilake
DrMervatMahdy,ChathraneeJayathilake
DenisaToderean,ChathraneeJayathilake
JafarMuhammadi,ChathraneeJayathilake
AbdoH,ChathraneeJayathilake
NavidKhajehzadeh,ChathraneeJayathilake
MeghnaTiwari,ChathraneeJayathilake
SamanJayasekara,ChathraneeJayathilake
AsmamawGetu,ChathraneeJayathilake
LuisCosta,ChathraneeJayathilake
SheikhNomanBashir,ChathraneeJayathilake
ChaowatManyuen,ChathraneeJayathilake
JackChen17,ChathraneeJayathilake
SrikarAryan,ChathraneeJayathilake
RajYadav7,ChathraneeJayathilake
FouadMai,ChathraneeJayathilake
VaipunaRaass,ChathraneeJayathilake
RithuRamdass,ChathraneeJayathilake
RodneyRick,ChathraneeJayathilake
NehaMV,ChathraneeJayathilake
SangameshMudiraj,ChathraneeJayathilake
MatDbrava,ChathraneeJayathilake
ErolSeke,ChathraneeJayathilake
,ChathraneeJayathilake
AbhinavSingh8,ChathraneeJayathilake
HerilalaRamaroson,ChathraneeJayathilake
HengdaDing,ChathraneeJayathilake
KevinSmith33,ChathraneeJayathilake
,ChathraneeJayathilake
DuvalZephirin,ChathraneeJayathilake
SreelekhaG,ChathraneeJayathilake
YouriNantelHamel,ChathraneeJayathilake
RickLynch2,ChathraneeJayathilake
AmmarRaza,ChathraneeJayathilake
RonkeThompson,ChathraneeJayathilake
LovepreetSingh,ChathraneeJayathilake
ElsaJensdttir,ChathraneeJayathilake
OscarRomeu,ChathraneeJayathilake
MsVKAVITHAECEDepart,ChathraneeJayathilake
ravibagadi,ChathraneeJayathilake
RajeevChauhan,ChathraneeJayathilake
DrShrivastava,ChathraneeJayathilake
DeepitPurkayastha,ChilukapavanKumar
sumeetmeravi,ChilukapavanKumar
Subhendupanigrahi,ChilukapavanKumar
AmitDatta,ChilukapavanKumar
RaviKiran,ChilukapavanKumar
PPachori,ChilukapavanKumar
SomnathMeher,ChilukapavanKumar
ArnavKumar,ChilukapavanKumar
PiyushMayank,ChilukapavanKumar
MallikarjunKarra,ChilukapavanKumar
pavankalyangts,ChilukapavanKumar
SumitMohanty,ChilukapavanKumar
AbhishekBhardwaj,ChilukapavanKumar
ShreyGoyal,ChilukapavanKumar
NilanjanaBhattacharya,ChilukapavanKumar
SwastikSingh,ChilukapavanKumar
SayantanSarkar,ChilukapavanKumar
ArijitMondal,ChilukapavanKumar
HimenDoley,ChilukapavanKumar
PankajMandal,ChilukapavanKumar
NikhilKhaitan,ChilukapavanKumar
ABHISHEKRAJ,ChilukapavanKumar
AKannamwar,ChilukapavanKumar
ASingla,ChilukapavanKumar
VijayDevarapalli,ChilukapavanKumar
VisheshSaxena,ChilukapavanKumar
AjayKumarYadav,ChilukapavanKumar
BhargavaExcalibur,ChilukapavanKumar
MohitChaukikar,ChilukapavanKumar
AGupta,ChilukapavanKumar
PratikSahoo,ChilukapavanKumar
AadityaRaut,ChilukapavanKumar
KaushikMahato,ChilukapavanKumar
AnishShenoy,ChilukapavanKumar
ArunTankha,ChilukapavanKumar
ShilpaSinha,ChilukapavanKumar
AparajitaNath,ChilukapavanKumar
ManonitaDas,ChilukapavanKumar
AnurupDatta,ChilukapavanKumar
CGarg,ChilukapavanKumar
amolsawant,ChilukapavanKumar
SnehaSingh,ChilukapavanKumar
AnantParghi,ChilukapavanKumar
AmitBhojane,ChilukapavanKumar
RavikiranMaddali,ChilukapavanKumar
AJain,ChilukapavanKumar
AbhishekChourasiya,ChilukapavanKumar
NandithaUppada,ChilukapavanKumar
AmritaSukrity,ChilukapavanKumar
AakashSaxena,ChilukapavanKumar
PradeepRathore,ChilukapavanKumar
AbhishekKumar,ChilukapavanKumar
NehalSiroya,ChilukapavanKumar
KSaiRam,ChilukapavanKumar
PradhanAmit,ChilukapavanKumar
AnkitSethi,ChilukapavanKumar
YellaReddy,ChilukapavanKumar
SS,ChilukapavanKumar
VivekMishra,ChilukapavanKumar
MilindTahalani,ChilukapavanKumar
PrayagBiswal,AmulyaPalle
ApoorvJain,AmulyaPalle
AakritiJain,AmulyaPalle
AditiSinha10,AmulyaPalle
AkankshaShrivastava,AmulyaPalle
HarikaNelli,AmulyaPalle
PujaGorai,AmulyaPalle
NIPUNKHEMKA,AmulyaPalle
DivyaSappa,AmulyaPalle
MadhurimaKumar,AmulyaPalle
ArushiPratap,AmulyaPalle
TriyanshaVijay,AmulyaPalle
BhargavaExcalibur,AmulyaPalle
monalisasethi,AmulyaPalle
TejalKamble,AmulyaPalle
RajaAmbrish,AmulyaPalle
PriyankaRaju,AmulyaPalle
ManvithaJanagam,AmulyaPalle
GayatriKumari,AmulyaPalle
ApoorvaReddy,AmulyaPalle
ShilpaSinha,AmulyaPalle
AkshataMohanty,AmulyaPalle
AparajitaNath,AmulyaPalle
RishitaDas,AmulyaPalle
MeghanaReddy,AmulyaPalle
SreeSudha1,AmulyaPalle
BShree,AmulyaPalle
venugopalnaik,AmulyaPalle
AninditaGandhi,AmulyaPalle
MananMehta7,AmulyaPalle
NiharikaTomar,AmulyaPalle
RoopamAttree,AmulyaPalle
AnkitaDas6,AmulyaPalle
MeenaUppaluri,AmulyaPalle
AadityaSalgarkar,AmulyaPalle
PrachiBhoyar,AmulyaPalle
AkankshaAgrawal,AmulyaPalle
SaravanaKumar202,AmulyaPalle
SruthiChekuri,AmulyaPalle
ArpitaReddy,AmulyaPalle
VireshKumar,AmulyaPalle
SukumarMdv,AmulyaPalle
RajatPareek1,AmulyaPalle
KalyaniNimbalkar,AmulyaPalle
ShreyasPuttige,AmulyaPalle
AbhishekJaiswal2,AmulyaPalle
BedabrataPain,AmulyaPalle
RatanRahul,AmulyaPalle
sulagnaghosh,AmulyaPalle
VasudevaraoAllu,AmulyaPalle
KartikPal,AmulyaPalle
SoumyaPasumarthy,AmulyaPalle
HarishvarmaPakalapati,AmulyaPalle
RakeshKrishnaAndey,AmulyaPalle
ApurvaJain,AmulyaPalle
AditiSarkar1,AmulyaPalle
ChandrakantChanchal,AmulyaPalle
AgrawalHritika,AmulyaPalle
SashiSonkar,AmulyaPalle
priyamishra,AmulyaPalle
DeepitPurkayastha,KaushikMahato
PrayagBiswal,KaushikMahato
MruthyunjayaRaoPadamata,KaushikMahato
Subhendupanigrahi,KaushikMahato
AakritiJain,KaushikMahato
SubhomoyBakshi,KaushikMahato
PPachori,KaushikMahato
PiyushMayank,KaushikMahato
RakeshSarangi,KaushikMahato
SumitMohanty,KaushikMahato
vikashagarwal,KaushikMahato
SahilJalan,KaushikMahato
AyushGoel,KaushikMahato
SayantanSarkar,KaushikMahato
ManisitDas,KaushikMahato
PankajMandal,KaushikMahato
NeeleshShekhar,KaushikMahato
VijayDevarapalli,KaushikMahato
RaviShankar161,KaushikMahato
AgrawalAbinash,KaushikMahato
AjayKumarYadav,KaushikMahato
BhargavaExcalibur,KaushikMahato
AarshPande,KaushikMahato
ChilukapavanKumar,KaushikMahato
DSharma,KaushikMahato
AadityaRaut,KaushikMahato
PratikSahoo,KaushikMahato
GayatriKumari,KaushikMahato
SonuSharma,KaushikMahato
ArunTankha,KaushikMahato
SiddharthMuthukumar,KaushikMahato
SaurabhAgarwal,KaushikMahato
MeghanaReddy,KaushikMahato
CGarg,KaushikMahato
KhushbooYadav,KaushikMahato
SumanRajat,KaushikMahato
MrugankBhatt,KaushikMahato
ShishirKumar1,KaushikMahato
NadeemAnjum1,KaushikMahato
RavikiranMaddali,KaushikMahato
JayakrishnaAlwar,KaushikMahato
HaarshDubey,KaushikMahato
PrachiBhoyar,KaushikMahato
NehalSiroya,KaushikMahato
ArpitaReddy,KaushikMahato
TarunSinghal,KaushikMahato
MilindTahalani,KaushikMahato
RathangJoshi,KaushikMahato
AbhishekArijit,KaushikMahato
ArijitMitra,KaushikMahato
PrateekKishore,KaushikMahato
HarmanGill4,KaushikMahato
ApurvaGajwani,KaushikMahato
RatanRahul,KaushikMahato
ramanareddymaddirala,KaushikMahato
Jesshu22,KaushikMahato
RushabhSanghvi,KaushikMahato
PrashantJha1,KaushikMahato
SibhanshHastey,KaushikMahato
KeshavRatan,KaushikMahato
PrayagBiswal,ArunTankha
MruthyunjayaRaoPadamata,ArunTankha
gauravdahake,ArunTankha
AnimeshChoudhary,ArunTankha
AyushUpadhyay,ArunTankha
RaviKiran,ArunTankha
AurkoChatterjee,ArunTankha
PPachori,ArunTankha
ArnavKumar,ArunTankha
MallikarjunKarra,ArunTankha
SiddharthBala,ArunTankha
SumitMohanty,ArunTankha
GauravRathi,ArunTankha
MayurRastogi,ArunTankha
KiranReddy31,ArunTankha
NIPUNKHEMKA,ArunTankha
DebasishKanhar,ArunTankha
SahilJalan,ArunTankha
PKaushal,ArunTankha
AyushGoel,ArunTankha
AnandAbhishek2,ArunTankha
SayantanSarkar,ArunTankha
SaheliDe1,ArunTankha
AbhishekChandwani,ArunTankha
HimenDoley,ArunTankha
ArushiPratap,ArunTankha
NeeleshShekhar,ArunTankha
ABHISHEKRAJ,ArunTankha
AKannamwar,ArunTankha
ASingla,ArunTankha
RaviShankar161,ArunTankha
VisheshSaxena,ArunTankha
AjayKumarYadav,ArunTankha
BhargavaExcalibur,ArunTankha
AarshPande,ArunTankha
ChilukapavanKumar,ArunTankha
DSharma,ArunTankha
PratikSahoo,ArunTankha
SonuSharma,ArunTankha
KaushikMahato,ArunTankha
UjjwalRaghuvanshi,ArunTankha
PraneelJain,ArunTankha
AbhisekDatta,ArunTankha
venugopalnaik,ArunTankha
CGarg,ArunTankha
KrishnayanHaldar,ArunTankha
RiteshSaraogi,ArunTankha
MrugankBhatt,ArunTankha
ShishirKumar1,ArunTankha
RavikiranMaddali,ArunTankha
NadeemAnjum1,ArunTankha
srivatsakandukuri,ArunTankha
JayakrishnaAlwar,ArunTankha
GopinathSoren,ArunTankha
AGNikhil,ArunTankha
AadityaSalgarkar,ArunTankha
AnirbanMajumdar,ArunTankha
AnkitKumarNandanwar,ArunTankha
NehalSiroya,ArunTankha
MuditSinhal,ArunTankha
PrayagBiswal,SaurabhAgarwal
VIPULSINGH,SaurabhAgarwal
MruthyunjayaRaoPadamata,SaurabhAgarwal
AnimeshChoudhary,SaurabhAgarwal
AmitDatta,SaurabhAgarwal
PPachori,SaurabhAgarwal
PiyushMayank,SaurabhAgarwal
SumitMohanty,SaurabhAgarwal
NIPUNKHEMKA,SaurabhAgarwal
DebasishKanhar,SaurabhAgarwal
vikashagarwal,SaurabhAgarwal
PankajMandal,SaurabhAgarwal
NeeleshShekhar,SaurabhAgarwal
TriyanshaVijay,SaurabhAgarwal
RounakGulati,SaurabhAgarwal
VisheshSaxena,SaurabhAgarwal
ManishKumar390,SaurabhAgarwal
BhargavaExcalibur,SaurabhAgarwal
ArjunWadhawan,SaurabhAgarwal
PratikSahoo,SaurabhAgarwal
KaushikMahato,SaurabhAgarwal
AmandeepChanyal,SaurabhAgarwal
MeghanaReddy,SaurabhAgarwal
CGarg,SaurabhAgarwal
venugopalnaik,SaurabhAgarwal
ShishirKumar1,SaurabhAgarwal
TanmoySanyal,SaurabhAgarwal
BismayaSahoo,SaurabhAgarwal
NadeemAnjum1,SaurabhAgarwal
VivekRai1,SaurabhAgarwal
AbhishekChourasiya,SaurabhAgarwal
AJain,SaurabhAgarwal
JayakrishnaAlwar,SaurabhAgarwal
HaarshDubey,SaurabhAgarwal
KSaiRam,SaurabhAgarwal
ArpitaReddy,SaurabhAgarwal
UtkarshJaiswal,SaurabhAgarwal
PrateekKishore,SaurabhAgarwal
VipulJain,SaurabhAgarwal
HarmanGill4,SaurabhAgarwal
RatanRahul,SaurabhAgarwal
AbhinavJindal,SaurabhAgarwal
ParthapratimDas,SaurabhAgarwal
VARUNMISHRA,SaurabhAgarwal
PushpamBhardwaj,SaurabhAgarwal
PrashantJha1,SaurabhAgarwal
HarshytGOel,SaurabhAgarwal
PujariRajkumar,SaurabhAgarwal
RakeshKrishnaAndey,SaurabhAgarwal
RaviVerma22,SaurabhAgarwal
ShoaibShariff,SaurabhAgarwal
VishnuRajeev,SaurabhAgarwal
SushilPatro,SaurabhAgarwal
aravindreddy,SaurabhAgarwal
SaiKrishnaKanthHari,SaurabhAgarwal
AshishVasava,SaurabhAgarwal
MayankRoy,SaurabhAgarwal
YashShrivastava,SaurabhAgarwal
DeepankarPal,SaurabhAgarwal
IJSPTMJournal,SaurabhAgarwal
ApoorvJain,SreeSudha1
MruthyunjayaRaoPadamata,SreeSudha1
AakritiJain,SreeSudha1
AkankshaShrivastava,SreeSudha1
SiddharthBala,SreeSudha1
HarikaNelli,SreeSudha1
PujaGorai,SreeSudha1
KiranReddy31,SreeSudha1
DebasishKanhar,SreeSudha1
NIPUNKHEMKA,SreeSudha1
PKaushal,SreeSudha1
DivyaSappa,SreeSudha1
NilayBang,SreeSudha1
ManisitDas,SreeSudha1
MadhurimaKumar,SreeSudha1
HimenDoley,SreeSudha1
ThulasiJNambiar,SreeSudha1
ArushiPratap,SreeSudha1
ABHISHEKRAJ,SreeSudha1
AKannamwar,SreeSudha1
RounakGulati,SreeSudha1
BhargavaExcalibur,SreeSudha1
monalisasethi,SreeSudha1
TejalKamble,SreeSudha1
PriyankaRaju,SreeSudha1
ManvithaJanagam,SreeSudha1
GayatriKumari,SreeSudha1
AmulyaPalle,SreeSudha1
UjjwalRaghuvanshi,SreeSudha1
ApoorvaReddy,SreeSudha1
ShilpaSinha,SreeSudha1
AkshataMohanty,SreeSudha1
AparajitaNath,SreeSudha1
AnurupDatta,SreeSudha1
MeghanaReddy,SreeSudha1
deepikabajaj,SreeSudha1
BShree,SreeSudha1
SnehaChilivery,SreeSudha1
venugopalnaik,SreeSudha1
NiharikaTomar,SreeSudha1
kishorekommi,SreeSudha1
RoopamAttree,SreeSudha1
AmritaSukrity,SreeSudha1
AnkitaDas6,SreeSudha1
MeenaUppaluri,SreeSudha1
SumanaTalla,SreeSudha1
AkankshaAgrawal,SreeSudha1
SruthiChekuri,SreeSudha1
ArpitaReddy,SreeSudha1
SonamRaghuwanshi,SreeSudha1
PrahladRayapu,SreeSudha1
KalyaniNimbalkar,SreeSudha1
Kinshuk,SreeSudha1
VamseeSundar,SreeSudha1
ShankarBhukya,SreeSudha1
RatanRahul,SreeSudha1
SrikarSettur,SreeSudha1
ramanareddymaddirala,SreeSudha1
Jesshu22,SreeSudha1
SaiRam,SreeSudha1
DeepitPurkayastha,CGarg
PrayagBiswal,CGarg
MruthyunjayaRaoPadamata,CGarg
AyushUpadhyay,CGarg
AchillesSaxby,CGarg
RaviKiran,CGarg
AakritiJain,CGarg
SubhomoyBakshi,CGarg
PPachori,CGarg
MallikarjunKarra,CGarg
AkankshaShrivastava,CGarg
SiddharthBala,CGarg
HarikaNelli,CGarg
GauravRathi,CGarg
PujaGorai,CGarg
ShreyGoyal,CGarg
KiranReddy31,CGarg
NIPUNKHEMKA,CGarg
DebasishKanhar,CGarg
SahilJalan,CGarg
ManisitDas,CGarg
SaheliDe1,CGarg
AbhishekChandwani,CGarg
MadhurimaKumar,CGarg
PankajMandal,CGarg
ArushiPratap,CGarg
SouradeepPaul,CGarg
TriyanshaVijay,CGarg
NikhilKhaitan,CGarg
AKannamwar,CGarg
VijayDevarapalli,CGarg
RounakGulati,CGarg
AjayKumarYadav,CGarg
ManishKumar390,CGarg
BhargavaExcalibur,CGarg
JainAbhas,CGarg
ChilukapavanKumar,CGarg
DSharma,CGarg
ManvithaJanagam,CGarg
PratikSahoo,CGarg
GayatriKumari,CGarg
KaushikMahato,CGarg
ApoorvaReddy,CGarg
ArunTankha,CGarg
PraneelJain,CGarg
SaurabhAgarwal,CGarg
MeghanaReddy,CGarg
venugopalnaik,CGarg
SumanRajat,CGarg
rahuldeora,CGarg
ShishirKumar1,CGarg
VivekRai1,CGarg
RavikiranMaddali,CGarg
KumarAshwin,CGarg
RoopamAttree,CGarg
AbhishekPadmasale,CGarg
JayakrishnaAlwar,CGarg
RohanGupta,CGarg
AadityaSalgarkar,CGarg
AnkitKumarNandanwar,CGarg
MruthyunjayaRaoPadamata,ShishirKumar1
Subhendupanigrahi,ShishirKumar1
MishraSrijan,ShishirKumar1
ApoorvaGoyal,ShishirKumar1
AakritiJain,ShishirKumar1
PPachori,ShishirKumar1
PiyushMayank,ShishirKumar1
MallikarjunKarra,ShishirKumar1
ArpitJain,ShishirKumar1
PujaGorai,ShishirKumar1
KiranReddy31,ShishirKumar1
NIPUNKHEMKA,ShishirKumar1
vikashagarwal,ShishirKumar1
AnandAbhishek2,ShishirKumar1
ArijitMondal,ShishirKumar1
ManisitDas,ShishirKumar1
MadhurimaKumar,ShishirKumar1
BhupenderSingh,ShishirKumar1
PankajMandal,ShishirKumar1
RiteshJindal,ShishirKumar1
NeeleshShekhar,ShishirKumar1
VijayDevarapalli,ShishirKumar1
RaviShankar161,ShishirKumar1
AjayKumarYadav,ShishirKumar1
ManishKumar390,ShishirKumar1
ArjunWadhawan,ShishirKumar1
AarshPande,ShishirKumar1
MaheshKS,ShishirKumar1
DSharma,ShishirKumar1
PratikSahoo,ShishirKumar1
SonuSharma,ShishirKumar1
KaushikMahato,ShishirKumar1
ArunTankha,ShishirKumar1
SiddharthMuthukumar,ShishirKumar1
SaurabhAgarwal,ShishirKumar1
MeghanaReddy,ShishirKumar1
VelpuriBhargava,ShishirKumar1
CGarg,ShishirKumar1
KhushbooYadav,ShishirKumar1
SumanRajat,ShishirKumar1
amolsawant,ShishirKumar1
rahuldeora,ShishirKumar1
MrugankBhatt,ShishirKumar1
AnshulSinghle,ShishirKumar1
VivekRai1,ShishirKumar1
RavikiranMaddali,ShishirKumar1
NandithaUppada,ShishirKumar1
JayakrishnaAlwar,ShishirKumar1
PrachiBhoyar,ShishirKumar1
AkankshaAgrawal,ShishirKumar1
NehalSiroya,ShishirKumar1
MukulJha,ShishirKumar1
DipeshJain,ShishirKumar1
MilindTahalani,ShishirKumar1
TarunSinghal,ShishirKumar1
AnantAgarwal7,ShishirKumar1
AkashDeep,ShishirKumar1
ArijitMitra,ShishirKumar1
PrateekKishore,ShishirKumar1
AnkurChouragade,ShishirKumar1
RamanujMukherjee,NadeemAnjum1
PrayagBiswal,NadeemAnjum1
MruthyunjayaRaoPadamata,NadeemAnjum1
AmitDatta,NadeemAnjum1
AurkoChatterjee,NadeemAnjum1
SiddharthBala,NadeemAnjum1
ArnabDutta,NadeemAnjum1
PujaGorai,NadeemAnjum1
NIPUNKHEMKA,NadeemAnjum1
vikashagarwal,NadeemAnjum1
SahilJalan,NadeemAnjum1
RBhardwaj,NadeemAnjum1
ManisitDas,NadeemAnjum1
NilayBang,NadeemAnjum1
MadhurimaKumar,NadeemAnjum1
AbhishekChandwani,NadeemAnjum1
ThulasiJNambiar,NadeemAnjum1
AbhishekKejriwal,NadeemAnjum1
RounakGulati,NadeemAnjum1
ManishKumar390,NadeemAnjum1
BhargavaExcalibur,NadeemAnjum1
RahulDey,NadeemAnjum1
PratikSahoo,NadeemAnjum1
RakshitVinnakota,NadeemAnjum1
KaushikMahato,NadeemAnjum1
UjjwalRaghuvanshi,NadeemAnjum1
VisheshGupta,NadeemAnjum1
ArunTankha,NadeemAnjum1
AbhisekDatta,NadeemAnjum1
SaurabhAgarwal,NadeemAnjum1
BShree,NadeemAnjum1
venugopalnaik,NadeemAnjum1
SudhanshuBahety,NadeemAnjum1
VivekRai1,NadeemAnjum1
RoopamAttree,NadeemAnjum1
AGNikhil,NadeemAnjum1
AbhijitSharang,NadeemAnjum1
PrachiBhoyar,NadeemAnjum1
NehalSiroya,NadeemAnjum1
KSaiRam,NadeemAnjum1
ArpitaReddy,NadeemAnjum1
rishabhnigam,NadeemAnjum1
DebdeepSarkar,NadeemAnjum1
JAVEDALAM,NadeemAnjum1
SampritiDatta,NadeemAnjum1
VipulJain,NadeemAnjum1
RatanRahul,NadeemAnjum1
AritraKundu,NadeemAnjum1
RushabhSanghvi,NadeemAnjum1
GourabGangopadhyay,NadeemAnjum1
RohanKhandelwal,NadeemAnjum1
PujariRajkumar,NadeemAnjum1
SoumyadipGhosh,NadeemAnjum1
PChaturvedi,NadeemAnjum1
SushilPatro,NadeemAnjum1
AgnivaPal,NadeemAnjum1
SayantanPaul,NadeemAnjum1
vishalchoumal,NadeemAnjum1
SaiKrishnaKanthHari,NadeemAnjum1
VamshiMuga,NadeemAnjum1
drmahmoudlotfy,kishorekommi
PrayagBiswal,kishorekommi
MruthyunjayaRaoPadamata,kishorekommi
omarabuarqub,kishorekommi
KiranReddy31,kishorekommi
NilayBang,kishorekommi
SouradeepPaul,kishorekommi
KaustubhKashyap,kishorekommi
NeeleshShekhar,kishorekommi
IjbbJournal,kishorekommi
RounakGulati,kishorekommi
ManishKumar390,kishorekommi
BhargavaExcalibur,kishorekommi
JainAbhas,kishorekommi
ArjunWadhawan,kishorekommi
RajaAmbrish,kishorekommi
DSharma,kishorekommi
SiddharthMuthukumar,kishorekommi
SreeSudha1,kishorekommi
SnehaChilivery,kishorekommi
BismayaSahoo,kishorekommi
IjcsitceJournal,kishorekommi
JayakrishnaAlwar,kishorekommi
ManikantaRaju,kishorekommi
PrachiBhoyar,kishorekommi
ArpitaReddy,kishorekommi
AnshulSingh2,kishorekommi
ShreyasPuttige,kishorekommi
ShankarBhukya,kishorekommi
RatanRahul,kishorekommi
AmbujTiwari,kishorekommi
Jesshu22,kishorekommi
tejdeep,kishorekommi
PrashantJha1,kishorekommi
SanjayMeena,kishorekommi
VasudevaraoAllu,kishorekommi
PaltuKumarDhal,kishorekommi
NagendraA,kishorekommi
JanardhanGunapati,kishorekommi
SaiKotha,kishorekommi
SiddharthaSatpathi,kishorekommi
SinghKeshav,kishorekommi
MohitJhalani,kishorekommi
ManishPola,kishorekommi
ManishSingh,kishorekommi
ErNithinC,kishorekommi
SrinivasVarma1,kishorekommi
sriharshamadala,kishorekommi
DeepnathMajumder,kishorekommi
manojshinde,kishorekommi
divyagoyal,kishorekommi
CharithaReddy,kishorekommi
EliasShaik,kishorekommi
mightymanoah,kishorekommi
Manvendra_Singh,kishorekommi
shivakumar,kishorekommi
SumeetTrehan,kishorekommi
AbhishekBadwe,kishorekommi
ArunKumar161,kishorekommi
YogeshJarwal,kishorekommi
DeepitPurkayastha,srivatsakandukuri
VictorAsanza,srivatsakandukuri
PrayagBiswal,srivatsakandukuri
MruthyunjayaRaoPadamata,srivatsakandukuri
TarunGehlot,srivatsakandukuri
AnimeshChoudhary,srivatsakandukuri
RakeshSarangi,srivatsakandukuri
SiddharthBala,srivatsakandukuri
SumitMohanty,srivatsakandukuri
DebasishKanhar,srivatsakandukuri
AyushGoel,srivatsakandukuri
SayantanSarkar,srivatsakandukuri
TIOEE,srivatsakandukuri
NilayBang,srivatsakandukuri
SouradeepPaul,srivatsakandukuri
KaustubhKashyap,srivatsakandukuri
NeeleshShekhar,srivatsakandukuri
AKannamwar,srivatsakandukuri
ASingla,srivatsakandukuri
BhargavaExcalibur,srivatsakandukuri
AaronMendonca,srivatsakandukuri
ArjunWadhawan,srivatsakandukuri
MohitChaukikar,srivatsakandukuri
DSharma,srivatsakandukuri
ManvithaJanagam,srivatsakandukuri
SonuSharma,srivatsakandukuri
SmarakSikdar,srivatsakandukuri
ArunTankha,srivatsakandukuri
MeghanaReddy,srivatsakandukuri
venugopalnaik,srivatsakandukuri
AshwinKalkar,srivatsakandukuri
RiteshSaraogi,srivatsakandukuri
BismayaSahoo,srivatsakandukuri
RavikiranMaddali,srivatsakandukuri
SaiKrishna,srivatsakandukuri
VivekKumar30,srivatsakandukuri
SahilBhandari,srivatsakandukuri
sudheerkatta,srivatsakandukuri
AnirbanMajumdar,srivatsakandukuri
AnkitKumarNandanwar,srivatsakandukuri
KSaiRam,srivatsakandukuri
SaiPadmanabhuni,srivatsakandukuri
ArpitaReddy,srivatsakandukuri
NishchayDayal,srivatsakandukuri
AnshulSingh2,srivatsakandukuri
MeijJournal,srivatsakandukuri
AbhishekArijit,srivatsakandukuri
UtkarshJaiswal,srivatsakandukuri
rishimehan,srivatsakandukuri
PrateekKishore,srivatsakandukuri
JAVEDALAM,srivatsakandukuri
RamAravind1,srivatsakandukuri
VibhasJaiswal,srivatsakandukuri
ApurvaGajwani,srivatsakandukuri
HarmanGill4,srivatsakandukuri
RatanRahul,srivatsakandukuri
ShankarBhukya,srivatsakandukuri
AbhinavJindal,srivatsakandukuri
AmbujTiwari,srivatsakandukuri
PAgrawal,srivatsakandukuri
EngrShoewu,KSaiRam
PrayagBiswal,KSaiRam
MruthyunjayaRaoPadamata,KSaiRam
gauravdahake,KSaiRam
AchillesSaxby,KSaiRam
WirelessMobileNetworks,KSaiRam
RaviKiran,KSaiRam
AakritiJain,KSaiRam
AurkoChatterjee,KSaiRam
SubhomoyBakshi,KSaiRam
PPachori,KSaiRam
ArnavKumar,KSaiRam
SiddharthBala,KSaiRam
NIPUNKHEMKA,KSaiRam
DebasishKanhar,KSaiRam
PKaushal,KSaiRam
AyushGoel,KSaiRam
AnandAbhishek2,KSaiRam
SayantanSarkar,KSaiRam
NilayBang,KSaiRam
SouradeepPaul,KSaiRam
ABHISHEKRAJ,KSaiRam
AKannamwar,KSaiRam
ASingla,KSaiRam
RounakGulati,KSaiRam
VisheshSaxena,KSaiRam
ManishKumar390,KSaiRam
BhargavaExcalibur,KSaiRam
AarshPande,KSaiRam
ChilukapavanKumar,KSaiRam
DSharma,KSaiRam
PratikSahoo,KSaiRam
ShibaniSanturkar,KSaiRam
SonuSharma,KSaiRam
PraneelJain,KSaiRam
SaurabhAgarwal,KSaiRam
MeghanaReddy,KSaiRam
CGarg,KSaiRam
venugopalnaik,KSaiRam
RiteshSaraogi,KSaiRam
NadeemAnjum1,KSaiRam
AJain,KSaiRam
AbhishekChourasiya,KSaiRam
KumarAshwin,KSaiRam
srivatsakandukuri,KSaiRam
JayakrishnaAlwar,KSaiRam
MilindTahalani,KSaiRam
SShekhar,KSaiRam
PrateekKishore,KSaiRam
RomeoMalik,KSaiRam
VamseeSundar,KSaiRam
HarmanGill4,KSaiRam
GitanshAnand,KSaiRam
VipulJain,KSaiRam
RatanRahul,KSaiRam
ShankarBhukya,KSaiRam
SrikarSettur,KSaiRam
AbhinavJindal,KSaiRam
VaibhavSrivastava,KSaiRam
Jesshu22,KSaiRam
DeepitPurkayastha,NehalSiroya
MruthyunjayaRaoPadamata,NehalSiroya
gauravdahake,NehalSiroya
AyushUpadhyay,NehalSiroya
ApoorvaGoyal,NehalSiroya
AurkoChatterjee,NehalSiroya
PPachori,NehalSiroya
UmeshU,NehalSiroya
SiddharthBala,NehalSiroya
ArpitJain,NehalSiroya
PujaGorai,NehalSiroya
GauravRathi,NehalSiroya
ShreyGoyal,NehalSiroya
NIPUNKHEMKA,NehalSiroya
DebasishKanhar,NehalSiroya
vikashagarwal,NehalSiroya
SahilJalan,NehalSiroya
NilanjanaBhattacharya,NehalSiroya
PKaushal,NehalSiroya
AyushGoel,NehalSiroya
AnandAbhishek2,NehalSiroya
ManisitDas,NehalSiroya
NilayBang,NehalSiroya
AbhishekChandwani,NehalSiroya
PankajMandal,NehalSiroya
ArushiPratap,NehalSiroya
SouradeepPaul,NehalSiroya
AKannamwar,NehalSiroya
RounakGulati,NehalSiroya
AjayKumarYadav,NehalSiroya
BhargavaExcalibur,NehalSiroya
AarshPande,NehalSiroya
ChilukapavanKumar,NehalSiroya
DSharma,NehalSiroya
PratikSahoo,NehalSiroya
GayatriKumari,NehalSiroya
SonuSharma,NehalSiroya
KaushikMahato,NehalSiroya
ArunTankha,NehalSiroya
PraneelJain,NehalSiroya
SiddharthMuthukumar,NehalSiroya
SnehaChilivery,NehalSiroya
CGarg,NehalSiroya
venugopalnaik,NehalSiroya
MrugankBhatt,NehalSiroya
ShishirKumar1,NehalSiroya
RavikiranMaddali,NehalSiroya
NadeemAnjum1,NehalSiroya
KumarAshwin,NehalSiroya
RoopamAttree,NehalSiroya
JayakrishnaAlwar,NehalSiroya
VivekKumar30,NehalSiroya
AnkitKumarNandanwar,NehalSiroya
AnkitSethi,NehalSiroya
MilindTahalani,NehalSiroya
TarunSinghal,NehalSiroya
AnshulSingh2,NehalSiroya
AnantAgarwal7,NehalSiroya
RohitShah2,NehalSiroya
LavishOrdia,NehalSiroya
gauravdahake,AnkitSethi
AnimeshChoudhary,AnkitSethi
AmitDatta,AnkitSethi
RaviKiran,AnkitSethi
PPachori,AnkitSethi
SomnathMeher,AnkitSethi
ArnavKumar,AnkitSethi
MallikarjunKarra,AnkitSethi
AkankshaShrivastava,AnkitSethi
RainerEbert,AnkitSethi
PujaGorai,AnkitSethi
ShreyGoyal,AnkitSethi
TuhinMondal1,AnkitSethi
AditiGupta,AnkitSethi
NilanjanaBhattacharya,AnkitSethi
ArijitMondal,AnkitSethi
HimenDoley,AnkitSethi
MaulikKamdar,AnkitSethi
ASingla,AnkitSethi
VijayDevarapalli,AnkitSethi
ArunJain,AnkitSethi
RahulDey,AnkitSethi
RajendraKumarkalla,AnkitSethi
ChilukapavanKumar,AnkitSethi
ShubhanshuMishra,AnkitSethi
AadityaRaut,AnkitSethi
AnishShenoy,AnkitSethi
SharmaSharad,AnkitSethi
AvinashMudaliar,AnkitSethi
RahulMadadi,AnkitSethi
AparajitaNath,AnkitSethi
ASengupta,AnkitSethi
RavikanthPamidimukkala,AnkitSethi
amolsawant,AnkitSethi
AmitBhojane,AnkitSethi
BismayaSahoo,AnkitSethi
AnuragBhatia,AnkitSethi
AmritaSukrity,AnkitSethi
BijitDas,AnkitSethi
DebsmitaBiswas,AnkitSethi
PalkushChawla,AnkitSethi
AakashSaxena,AnkitSethi
NehalSiroya,AnkitSethi
TanayNigam,AnkitSethi
AnaghMukherjee,AnkitSethi
KailashDayanand,AnkitSethi
SarmisthaTalukdar,AnkitSethi
VarunBedi,AnkitSethi
shaileshsingh,AnkitSethi
DebanikSen,AnkitSethi
SaahilParekh,AnkitSethi
AnoopSubramanian,AnkitSethi
RatanRahul,AnkitSethi
Vora,AnkitSethi
SalilAbdulRazak,AnkitSethi
RahulRaghuwanshi,AnkitSethi
SubhadeepPaul,AnkitSethi
ShwetaSangewar,AnkitSethi
ParameswaranS,AnkitSethi
SoumyaPasumarthy,AnkitSethi
ApoorvJain,ArpitaReddy
MruthyunjayaRaoPadamata,ArpitaReddy
gauravdahake,ArpitaReddy
AkankshaShrivastava,ArpitaReddy
HarikaNelli,ArpitaReddy
PujaGorai,ArpitaReddy
DivyaSappa,ArpitaReddy
MadhurimaKumar,ArpitaReddy
ThulasiJNambiar,ArpitaReddy
AKannamwar,ArpitaReddy
RounakGulati,ArpitaReddy
RaunakMukherjee,ArpitaReddy
ArjunWadhawan,ArpitaReddy
monalisasethi,ArpitaReddy
TejalKamble,ArpitaReddy
PriyankaRaju,ArpitaReddy
ManvithaJanagam,ArpitaReddy
GayatriKumari,ArpitaReddy
AmulyaPalle,ArpitaReddy
KaushikMahato,ArpitaReddy
ApoorvaReddy,ArpitaReddy
AkshataMohanty,ArpitaReddy
DebadritaDas,ArpitaReddy
SaurabhAgarwal,ArpitaReddy
SreeSudha1,ArpitaReddy
MeghanaReddy,ArpitaReddy
deepikabajaj,ArpitaReddy
BShree,ArpitaReddy
venugopalnaik,ArpitaReddy
SnehaChilivery,ArpitaReddy
AninditaGandhi,ArpitaReddy
NadeemAnjum1,ArpitaReddy
KumarAshwin,ArpitaReddy
NiharikaTomar,ArpitaReddy
kishorekommi,ArpitaReddy
NandithaUppada,ArpitaReddy
RoopamAttree,ArpitaReddy
JayakrishnaAlwar,ArpitaReddy
srivatsakandukuri,ArpitaReddy
AmritaSukrity,ArpitaReddy
MeenaUppaluri,ArpitaReddy
AnkitaDas6,ArpitaReddy
SruthiChekuri,ArpitaReddy
SonamRaghuwanshi,ArpitaReddy
KalyaniNimbalkar,ArpitaReddy
SundarKumarJvs,ArpitaReddy
HarmanGill4,ArpitaReddy
VamseeSundar,ArpitaReddy
RatanRahul,ArpitaReddy
ParthapratimDas,ArpitaReddy
VibhorAggarwal,ArpitaReddy
PraveenKavuri,ArpitaReddy
SoumyaPasumarthy,ArpitaReddy
PujariRajkumar,ArpitaReddy
AditiSarkar1,ArpitaReddy
AgrawalHritika,ArpitaReddy
SiddharthaSatpathi,ArpitaReddy
RahulSrivastav,ArpitaReddy
AshitaAnand,ArpitaReddy
SagarikaChatterjee,ArpitaReddy
IjassnJournal,NiteshNaik
RatanRahul,NiteshNaik
RaghavendraDatye,NiteshNaik
ParthaBiswas9,NiteshNaik
RevanthChetluru,NiteshNaik
ThejdeepGudivada,NiteshNaik
VinodMogadala,NiteshNaik
journalijnsa,NiteshNaik
AishaFernandes,NiteshNaik
EthelCofie,NiteshNaik
NanaJohnson,NiteshNaik
AkashDhorajiya,NiteshNaik
RhichaJambhale,NiteshNaik
KaustubhShankhwalkar,NiteshNaik
EnayatAnsari,NiteshNaik
SaumyaSuhagiya,NiteshNaik
MilindManerkar,NiteshNaik
JivakDhadse,NiteshNaik
ijmpictjournal,NiteshNaik
JigneshJokhakar,NiteshNaik
DipeshRaghuvanshi,NiteshNaik
JayashreeMohan,NiteshNaik
MuraliK,NiteshNaik
srinivasvemula,NiteshNaik
ShreedattaSawant,NiteshNaik
AnilGopalakrishna,NiteshNaik
VideetAcharya,NiteshNaik
AbhinavGupta6,NiteshNaik
GauravMaheshwari,NiteshNaik
GuyYangphasom,NiteshNaik
GauriDhore,NiteshNaik
manishaGaonkar,NiteshNaik
RRamaswamy,NiteshNaik
sifatullah,NiteshNaik
MwangiWanjohi,NiteshNaik
MdRiadHossen,NiteshNaik
NishantDean,NiteshNaik
AnubhavMathur,NiteshNaik
NishantShashikumar,NiteshNaik
ImranAhamed2,NiteshNaik
DiasNorman,NiteshNaik
HimaniBokolia,NiteshNaik
AdolphAdu,NiteshNaik
BrentDSouza,NiteshNaik
PiyushShanu,NiteshNaik
VShet,NiteshNaik
TonnieRop,NiteshNaik
CatherineDominguez,NiteshNaik
NareshGaude,NiteshNaik
BrendonSatram,NiteshNaik
RehmanAbid,NiteshNaik
VenkatKrish,NiteshNaik
NavneetGupta,NiteshNaik
RicardoGarcia,NiteshNaik
KiranmaiRachagiri,NiteshNaik
CathyGits,NiteshNaik
AlexanderSchloss,NiteshNaik
zandileMbethe,NiteshNaik
SarveshSharma5,NiteshNaik
ajahajahajah,NiteshNaik
PrayagBiswal,MilindTahalani
MruthyunjayaRaoPadamata,MilindTahalani
Subhendupanigrahi,MilindTahalani
gauravdahake,MilindTahalani
SiddharthaSanghi,MilindTahalani
PPachori,MilindTahalani
AbhishekTiwari,MilindTahalani
PiyushMayank,MilindTahalani
SiddharthBala,MilindTahalani
NIPUNKHEMKA,MilindTahalani
DebasishKanhar,MilindTahalani
AnandAbhishek2,MilindTahalani
SayantanSarkar,MilindTahalani
ManisitDas,MilindTahalani
PankajMandal,MilindTahalani
NeeleshShekhar,MilindTahalani
AashayArora,MilindTahalani
AKannamwar,MilindTahalani
RounakGulati,MilindTahalani
RaviShankar161,MilindTahalani
AjayKumarYadav,MilindTahalani
BhargavaExcalibur,MilindTahalani
ArjunWadhawan,MilindTahalani
AarshPande,MilindTahalani
ChilukapavanKumar,MilindTahalani
DSharma,MilindTahalani
PratikSahoo,MilindTahalani
GayatriKumari,MilindTahalani
KaushikMahato,MilindTahalani
UjjwalRaghuvanshi,MilindTahalani
JayanPrajapati,MilindTahalani
ArunTankha,MilindTahalani
MeghanaReddy,MilindTahalani
CGarg,MilindTahalani
SumanRajat,MilindTahalani
ShishirKumar1,MilindTahalani
RavikiranMaddali,MilindTahalani
AbhishekChourasiya,MilindTahalani
KumarAshwin,MilindTahalani
HaarshDubey,MilindTahalani
AakashSaxena,MilindTahalani
PrachiBhoyar,MilindTahalani
NehalSiroya,MilindTahalani
KSaiRam,MilindTahalani
TarunSinghal,MilindTahalani
GeetanjaliYadav,MilindTahalani
PrateekKishore,MilindTahalani
JAVEDALAM,MilindTahalani
RatanRahul,MilindTahalani
ramanareddymaddirala,MilindTahalani
Jesshu22,MilindTahalani
PrashantJha1,MilindTahalani
VatsalSangeeta,MilindTahalani
VasudevaraoAllu,MilindTahalani
YashLundia,MilindTahalani
ShoaibShariff,MilindTahalani
ApurvaJain,MilindTahalani
AmaraYaswanth,MilindTahalani
aravindreddy,MilindTahalani
SomasishGhosh,MilindTahalani
AnimeshChoudhary,RohitShah2
ArnavKumar,RohitShah2
MallikarjunKarra,RohitShah2
SiddharthSharad,RohitShah2
ShreyGoyal,RohitShah2
AditiGupta,RohitShah2
MayurRastogi,RohitShah2
AnandAbhishek2,RohitShah2
RezaBarati,RohitShah2
SayantanSarkar,RohitShah2
RiteshJindal,RohitShah2
AKannamwar,RohitShah2
RounakGulati,RohitShah2
AjayKumarYadav,RohitShah2
BhargavaExcalibur,RohitShah2
RohanSharma5,RohitShah2
PratikSahoo,RohitShah2
ManojKumarSingh12,RohitShah2
UjjwalRaghuvanshi,RohitShah2
ArunTankha,RohitShah2
HemantSahal,RohitShah2
MayurMundada,RohitShah2
ManonitaDas,RohitShah2
TanmoySanyal,RohitShah2
PrashantSahu,RohitShah2
SandeshMareddy,RohitShah2
AnuragBhatia,RohitShah2
JyothiNookula,RohitShah2
RoopamAttree,RohitShah2
SameerKumar,RohitShah2
AnkitKumarNandanwar,RohitShah2
NehalSiroya,RohitShah2
PradhanAmit,RohitShah2
DebdootSheet,RohitShah2
SaurabhJain6,RohitShah2
PrahladRayapu,RohitShah2
SMandal,RohitShah2
SundarKumarJvs,RohitShah2
AnkurChouragade,RohitShah2
SaahilParekh,RohitShah2
RatanRahul,RohitShah2
JainPrakhar,RohitShah2
Vora,RohitShah2
EshwarVikas,RohitShah2
RahulRaghuwanshi,RohitShah2
RajPatel75,RohitShah2
TarunGangwar,RohitShah2
HarshytGOel,RohitShah2
RakeshKrishnaAndey,RohitShah2
AditiSarkar1,RohitShah2
ChandrakantChanchal,RohitShah2
SachinJaiswal,RohitShah2
AgrawalHritika,RohitShah2
SushilPatro,RohitShah2
SaishTedia,RohitShah2
VamshiMuga,RohitShah2
KartikBhandari1,RohitShah2
AshitaAnand,RohitShah2
RitikaTiwari,RohitShah2
TejaDeepak,RohitShah2
AbdulMadjid,LaurodePaula
HiskielStephanus,LaurodePaula
omarabuarqub,LaurodePaula
SheikhShanawazMostafa,LaurodePaula
IjscJournal,LaurodePaula
GiaMuhammad,LaurodePaula
sanoon,LaurodePaula
ZaidAlyasseri,LaurodePaula
CiprianPungila,LaurodePaula
SaiOjha,LaurodePaula
SurajitDebBarma,LaurodePaula
AdrianoHonoratoBraga,LaurodePaula
RevistaCientficadocampusFormiga,LaurodePaula
SUNJAYSUNJAY,LaurodePaula
yorkEric,LaurodePaula
CelsoCamilo,LaurodePaula
WilliamSilva14,LaurodePaula
Kadriztemiz,LaurodePaula
AnaMaria,LaurodePaula
AndersonSoares,LaurodePaula
JosivalSilva,LaurodePaula
GustavoTeodoroLaureano,LaurodePaula
FabianaCSaddi,LaurodePaula
LorenaAlves,LaurodePaula
KarinaOliveira15,LaurodePaula
LviaSantos3,LaurodePaula
DelmonickBeneditoSilva,LaurodePaula
LeandroLacerda,LaurodePaula
GodwinOfoe,LaurodePaula
AndersonGarciaSilveira,LaurodePaula
AliGhosiyan,LaurodePaula
FredericoSantosdeOliveira,LaurodePaula
TacianaArajo,LaurodePaula
RuthAnneArajo,LaurodePaula
BrunoUrbanoRodrigues,LaurodePaula
IrlandoCampos,LaurodePaula
RobertaMedeiros3,LaurodePaula
HenryGomesdeCarvalho,LaurodePaula
litadewi1,LaurodePaula
HiteshkumarZinjala,LaurodePaula
NlidaMedina,LaurodePaula
CitradyPangestu,LaurodePaula
DelubioDePaula,LaurodePaula
GustavoSiqueiraVinhal,LaurodePaula
BenitaKleber,LaurodePaula
JoaquimBarros,LaurodePaula
jhelie,LaurodePaula
MichaelDomingues,LaurodePaula
BenicioMarcos,LaurodePaula
VolodymyrGSkobelev,LaurodePaula
DavidKang15,LaurodePaula
hakimeghaffari,LaurodePaula
AnaKarolina1,LaurodePaula
LincolnFaria,LaurodePaula
ClarimarJosCoelho,LaurodePaula
EugeenKatkovsky,LaurodePaula
MatheusVarelaFerreira,LaurodePaula
ShimaMohammad,LaurodePaula
KennedySiqueira,LaurodePaula
BacharZineddin,LaurodePaula
MruthyunjayaRaoPadamata,HarmanGill4
DebasishKanhar,HarmanGill4
NIPUNKHEMKA,HarmanGill4
rupinder,HarmanGill4
AKannamwar,HarmanGill4
ASingla,HarmanGill4
DSharma,HarmanGill4
KaushikMahato,HarmanGill4
ArunTankha,HarmanGill4
SaurabhAgarwal,HarmanGill4
NiharikaSwaroop,HarmanGill4
ShishirKumar1,HarmanGill4
srivatsakandukuri,HarmanGill4
BiswarupGhosh,HarmanGill4
KSaiRam,HarmanGill4
AnkitKumarNandanwar,HarmanGill4
ArpitaReddy,HarmanGill4
AnshulSingh2,HarmanGill4
SukumarMdv,HarmanGill4
RohitJain,HarmanGill4
GeetanjaliYadav,HarmanGill4
PrateekKishore,HarmanGill4
DilipParmar,HarmanGill4
VKumar,HarmanGill4
VamseeSundar,HarmanGill4
ShankarBhukya,HarmanGill4
RatanRahul,HarmanGill4
PujariRajkumar,HarmanGill4
RakeshKrishnaAndey,HarmanGill4
RaviVerma22,HarmanGill4
NeerajThind,HarmanGill4
AnmolSherBedi,HarmanGill4
AshishVasava,HarmanGill4
AkshaySingh,HarmanGill4
SaurabhMittal,HarmanGill4
RohanJain,HarmanGill4
PiyushJaiswal,HarmanGill4
GunjanHans,HarmanGill4
PavitjotSinghMann,HarmanGill4
IJSPTMJournal,HarmanGill4
AbhishekJain24,HarmanGill4
RitwikYadav,HarmanGill4
PrajjavalSingh,HarmanGill4
JournalIJCSES,HarmanGill4
RahulKoshal,HarmanGill4
RajanBuha,HarmanGill4
EliasShaik,HarmanGill4
JaskaranGrover,HarmanGill4
GaganSingh,HarmanGill4
ShashankSinsinwar,HarmanGill4
AmarOsho,HarmanGill4
AakashUpadhyay,HarmanGill4
RahulDewangan,HarmanGill4
AnkitSahu,HarmanGill4
journalcseij,HarmanGill4
GarimaSrivastav,HarmanGill4
VishalLakha,HarmanGill4
SiddharthMaheshwari,HarmanGill4
DeepakKhaneja,HarmanGill4
KonthamRajesh,HarmanGill4
ApoorvJain,VipulJain
MishraSrijan,VipulJain
ApoorvaGoyal,VipulJain
IjseaJournal,VipulJain
SiddharthBala,VipulJain
ArpitJain,VipulJain
NilayBang,VipulJain
NamanKumar,VipulJain
MaheshKS,VipulJain
NivedanRathi,VipulJain
SaurabhAgarwal,VipulJain
ShishirKumar1,VipulJain
NadeemAnjum1,VipulJain
ParulPurwar,VipulJain
NehalSiroya,VipulJain
MukulJha,VipulJain
KSaiRam,VipulJain
AnkitKumarNandanwar,VipulJain
AbhishekKapoor,VipulJain
NehanshMehrishi,VipulJain
SayonDutta,VipulJain
RajatPareek1,VipulJain
RatanRahul,VipulJain
AnuragNarula,VipulJain
RushabhSanghvi,VipulJain
VatsalSangeeta,VipulJain
NSrivastava,VipulJain
PujariRajkumar,VipulJain
RaviVerma22,VipulJain
SaiKrishnaKanthHari,VipulJain
UmangMathur,VipulJain
RishabhPatel,VipulJain
AshishVasava,VipulJain
VineelGrandhi,VipulJain
DeepamKedia,VipulJain
ChiragGupta,VipulJain
RohanJain,VipulJain
NikhilJain,VipulJain
UtkarshChanchlani,VipulJain
RitwikYadav,VipulJain
VarshitDusad,VipulJain
MayankBaliyan,VipulJain
RajanBuha,VipulJain
MradulJain,VipulJain
VaibhavGupta,VipulJain
BiswadipMandal,VipulJain
VaibhavGupta,VipulJain
PankajPrateek,VipulJain
TanmoyChakraborty5,VipulJain
SushantSaxena,VipulJain
SharvashishDas,VipulJain
SKedia,VipulJain
AprajitaBansal,VipulJain
HarshJain28,VipulJain
KartikeyaPradhan,VipulJain
NishiDixit,VipulJain
PradyumnaPaliwal,VipulJain
KonthamRajesh,VipulJain
NavneetKumar,VipulJain
SangeTenzin,VipulJain
MruthyunjayaRaoPadamata,VamseeSundar
SiddharthBala,VamseeSundar
NIPUNKHEMKA,VamseeSundar
RaunakMukherjee,VamseeSundar
BhargavaExcalibur,VamseeSundar
DSharma,VamseeSundar
MeghanaReddy,VamseeSundar
SreeSudha1,VamseeSundar
venugopalnaik,VamseeSundar
RavikiranMaddali,VamseeSundar
LohiUppalapati,VamseeSundar
JayakrishnaAlwar,VamseeSundar
AnkitKumarNandanwar,VamseeSundar
KSaiRam,VamseeSundar
ArpitaReddy,VamseeSundar
DilipParmar,VamseeSundar
SundarKumarJvs,VamseeSundar
HarmanGill4,VamseeSundar
RatanRahul,VamseeSundar
ShankarBhukya,VamseeSundar
AbhinavJindal,VamseeSundar
Jesshu22,VamseeSundar
RayapureddyveeravenkataramalakshmiNarayanarao,VamseeSundar
PrashantJha1,VamseeSundar
VibhorAggarwal,VamseeSundar
PraveenKavuri,VamseeSundar
HarishvarmaPakalapati,VamseeSundar
RakeshKrishnaAndey,VamseeSundar
SaiKotha,VamseeSundar
SiddharthaSatpathi,VamseeSundar
AmanGoel,VamseeSundar
MohitJhalani,VamseeSundar
SaiKrishnaKanthHari,VamseeSundar
SivaRevanth,VamseeSundar
KrunalKalbende,VamseeSundar
MadhuHarsha,VamseeSundar
SHUBHAMCHANDRA,VamseeSundar
abhilashvalle,VamseeSundar
PrajjavalSingh,VamseeSundar
RajanBuha,VamseeSundar
DineshGoundla,VamseeSundar
CharanGajjela,VamseeSundar
LeelaKondepati,VamseeSundar
EliasShaik,VamseeSundar
AakashUpadhyay,VamseeSundar
RahulDewangan,VamseeSundar
AkhilEda,VamseeSundar
NeerajKumar,VamseeSundar
KishoreReddy,VamseeSundar
harikakavali,VamseeSundar
SiddharthMaheshwari,VamseeSundar
AadityaRaman,VamseeSundar
TusharAmrutkar,VamseeSundar
ArunKumar161,VamseeSundar
SangeTenzin,VamseeSundar
NavneetKumar,VamseeSundar
MVerma,VamseeSundar
SivaCharan,VamseeSundar
abhimanyupavuluri,VamseeSundar
SKalyan,VamseeSundar
PrayagBiswal,ShankarBhukya
MruthyunjayaRaoPadamata,ShankarBhukya
gauravdahake,ShankarBhukya
AyushUpadhyay,ShankarBhukya
SiddharthBala,ShankarBhukya
SumitMohanty,ShankarBhukya
NIPUNKHEMKA,ShankarBhukya
AnandAbhishek2,ShankarBhukya
NilayBang,ShankarBhukya
AamerKhan5,ShankarBhukya
BhargavaExcalibur,ShankarBhukya
ChilukapavanKumar,ShankarBhukya
PratikSahoo,ShankarBhukya
ArunTankha,ShankarBhukya
SreeSudha1,ShankarBhukya
MeghanaReddy,ShankarBhukya
venugopalnaik,ShankarBhukya
drreddy,ShankarBhukya
SandeshMareddy,ShankarBhukya
kishorekommi,ShankarBhukya
JayakrishnaAlwar,ShankarBhukya
srivatsakandukuri,ShankarBhukya
KamalenduGhosh,ShankarBhukya
GopinathSoren,ShankarBhukya
PradhanAmit,ShankarBhukya
AnshulSingh2,ShankarBhukya
AnantAgarwal7,ShankarBhukya
KalyanKanigalpula,ShankarBhukya
DilipParmar,ShankarBhukya
VamseeSundar,ShankarBhukya
HarmanGill4,ShankarBhukya
RatanRahul,ShankarBhukya
chaitanyacsv,ShankarBhukya
AbhinavJindal,ShankarBhukya
Jesshu22,ShankarBhukya
GunthakantiShivaReddy,ShankarBhukya
manideepattanti,ShankarBhukya
SaiRam,ShankarBhukya
NagendraA,ShankarBhukya
SaiKotha,ShankarBhukya
aravindreddy,ShankarBhukya
SaiKrishnaKanthHari,ShankarBhukya
SaranSrikanth,ShankarBhukya
RohanJain,ShankarBhukya
LonavathVamshi,ShankarBhukya
abhilashvalle,ShankarBhukya
PrajjavalSingh,ShankarBhukya
GaneshBhukya,ShankarBhukya
RahulKoshal,ShankarBhukya
KumarAbhijeet,ShankarBhukya
SaiAnvesh,ShankarBhukya
ShashankSinsinwar,ShankarBhukya
sureshbabu,ShankarBhukya
ArunTaneja,ShankarBhukya
ParkalaYaskadevaBayari,ShankarBhukya
RahulDewangan,ShankarBhukya
AadityaRaman,ShankarBhukya
AnuragNingwal,ShankarBhukya
SandeepChikkala,ShankarBhukya
ArunKumar161,ShankarBhukya
MruthyunjayaRaoPadamata,Jesshu22
AyushUpadhyay,Jesshu22
SabareeshNikhilC,Jesshu22
MallikarjunKarra,Jesshu22
KiranReddy31,Jesshu22
AnandAbhishek2,Jesshu22
ManisitDas,Jesshu22
PankajMandal,Jesshu22
ArushiPratap,Jesshu22
BhargavaExcalibur,Jesshu22
ArjunWadhawan,Jesshu22
sumanbabupatteti,Jesshu22
parinayjain,Jesshu22
KaushikMahato,Jesshu22
LuciaArgento,Jesshu22
SreeSudha1,Jesshu22
CGarg,Jesshu22
venugopalnaik,Jesshu22
ShishirKumar1,Jesshu22
RavikiranMaddali,Jesshu22
SayanBiswas,Jesshu22
kishorekommi,Jesshu22
JayakrishnaAlwar,Jesshu22
PalashDebnath,Jesshu22
KSaiRam,Jesshu22
MilindTahalani,Jesshu22
DilipParmar,Jesshu22
VamseeSundar,Jesshu22
RatanRahul,Jesshu22
ShankarBhukya,Jesshu22
ramanareddymaddirala,Jesshu22
AnkitBarik,Jesshu22
KeshavRatan,Jesshu22
PujariRajkumar,Jesshu22
ShoaibShariff,Jesshu22
SaiKotha,Jesshu22
SaiKrishnaKanthHari,Jesshu22
SomMadhabBhattacharya,Jesshu22
AtndSaiKiran,Jesshu22
MohitKedia,Jesshu22
TriptiKumari,Jesshu22
MitraKaushik,Jesshu22
abhilashvalle,Jesshu22
PrajjavalSingh,Jesshu22
pallerakesh,Jesshu22
ParkalaYaskadevaBayari,Jesshu22
RajeevVishwas,Jesshu22
ArunKumar161,Jesshu22
abhimanyupavuluri,Jesshu22
MohdTarique,Jesshu22
SivaCharan,Jesshu22
SampathKilaparthi,Jesshu22
MohanTejaKommi,Jesshu22
KumarAbhishek,Jesshu22
ThadagoppulaSrujanKumar,Jesshu22
ManideepThogaru,Jesshu22
BaishikBiswas,Jesshu22
PruthviKumar,Jesshu22
SaiSwaroopReddy,Jesshu22
balajimada,Jesshu22
rkala,rajaajay37
PrashantRana,rajaajay37
PradipSwarnakar,rajaajay37
SriVenkatPoolla,rajaajay37
GauravOjha,rajaajay37
NitishBhardwaj,rajaajay37
VinayakMeena,rajaajay37
RatanRahul,rajaajay37
RathnadeepKanaparthi,rajaajay37
RohitKumar44,rajaajay37
SaurabhKumar2,rajaajay37
ShivamChandra,rajaajay37
AbhishekDandona,rajaajay37
HimanshuSrivastava,rajaajay37
SheetalReddy,rajaajay37
amankasli,rajaajay37
SurendiranB,rajaajay37
VamsiKrishnaNagabhiru,rajaajay37
AnuragAgrawal,rajaajay37
KamidiNitesh,rajaajay37
ShranithLinga,rajaajay37
mayankdixit,rajaajay37
TarunReddy,rajaajay37
DuyuKomo,rajaajay37
SurbhiJain,rajaajay37
IJPLAJournal,rajaajay37
RahulGodha,rajaajay37
SriharshaGajarla,rajaajay37
IchchitAgrawal,rajaajay37
SowmyaKatragadda,rajaajay37
RishabhUpadhyay,rajaajay37
HiteshSharma,rajaajay37
DharmveerBaloda,rajaajay37
DeependraSingh,rajaajay37
AmanKaushal,rajaajay37
KartikeyaSarma,rajaajay37
PhaniKumar,rajaajay37
NishanthGaddam,rajaajay37
PrashantSingh,rajaajay37
AvantikaSingh,rajaajay37
GauravChandok,rajaajay37
AbhishekJha,rajaajay37
AkankshaYadav,rajaajay37
RamLakhan,rajaajay37
ChennaReddyCotla,rajaajay37
VisheshSingh1,rajaajay37
AnushaGupta1,rajaajay37
vikasmittal,rajaajay37
PranavMishra12,rajaajay37
BellaMustang,rajaajay37
VishnuKiran,rajaajay37
AvinashSri,rajaajay37
VISHALGJ,rajaajay37
AnilSaikrishnaDevarasetty,rajaajay37
BhavyaGhai,rajaajay37
MadhavTomar,rajaajay37
ManishSingh45,rajaajay37
ChetnaMeena,rajaajay37
DivyaJain7,rajaajay37
ShashankShankerKhare,rajaajay37
DeepitPurkayastha,SaiRam
mathiiit,SaiRam
PrayagBiswal,SaiRam
AurkoChatterjee,SaiRam
SubhomoyBakshi,SaiRam
RakeshSarangi,SaiRam
PujaGorai,SaiRam
ManisitDas,SaiRam
AamerKhan5,SaiRam
AKannamwar,SaiRam
VisheshSaxena,SaiRam
AarshPande,SaiRam
SmarakSikdar,SaiRam
ArunTankha,SaiRam
NavadeepPodapati,SaiRam
SreeSudha1,SaiRam
MananMehta7,SaiRam
srivatsakandukuri,SaiRam
MeenaUppaluri,SaiRam
RomanshuSroha,SaiRam
SukumarMdv,SaiRam
AbhishekArijit,SaiRam
KadarlaKumar,SaiRam
SubramaniBharathi,SaiRam
AbhishekJaiswal2,SaiRam
ShankarBhukya,SaiRam
RatanRahul,SaiRam
chaitanyacsv,SaiRam
AmbujTiwari,SaiRam
GunthakantiShivaReddy,SaiRam
KeshavRatan,SaiRam
LeelaYanamaddi,SaiRam
VibhorAggarwal,SaiRam
PriyankAgrawal2,SaiRam
RaviVerma22,SaiRam
GunjeshSingh,SaiRam
ManishPola,SaiRam
PrudhviReddy3,SaiRam
srikanthsagar,SaiRam
MedaTeja,SaiRam
ReddyAvinash,SaiRam
RupeshBansal,SaiRam
PrithviDheeraj,SaiRam
SrinivasGeddam,SaiRam
SirishaGutti,SaiRam
UtkarshChanchlani,SaiRam
AroraSahil,SaiRam
KaushikVenkat,SaiRam
PuttyVikas,SaiRam
NithinPrasad,SaiRam
ChandraNaresh,SaiRam
TarunReddy,SaiRam
KishoreReddy,SaiRam
IndukalaPagadala,SaiRam
RajatPrajapati,SaiRam
SangeTenzin,SaiRam
MohdTarique,SaiRam
SampathKilaparthi,SaiRam
SriKumarran,SaiRam
SomBose,SaiRam
MruthyunjayaRaoPadamata,PujariRajkumar
Subhendupanigrahi,PujariRajkumar
BhargavaExcalibur,PujariRajkumar
PratikSahoo,PujariRajkumar
KaushikMahato,PujariRajkumar
SaurabhAgarwal,PujariRajkumar
NadeemAnjum1,PujariRajkumar
JayakrishnaAlwar,PujariRajkumar
KSaiRam,PujariRajkumar
ArpitaReddy,PujariRajkumar
AnshulSingh2,PujariRajkumar
ApurvShukla,PujariRajkumar
BharathPrudwi,PujariRajkumar
HarmanGill4,PujariRajkumar
VipulJain,PujariRajkumar
RatanRahul,PujariRajkumar
SaswatiSoumya,PujariRajkumar
Jesshu22,PujariRajkumar
viveksambangi,PujariRajkumar
SomMadhabBhattacharya,PujariRajkumar
RitwikYadav,PujariRajkumar
AnuragKyal,PujariRajkumar
RajanBuha,PujariRajkumar
KumarAbhijeet,PujariRajkumar
samanchicharan,PujariRajkumar
SanjayJha6,PujariRajkumar
PathruduChintakayala,PujariRajkumar
EliasShaik,PujariRajkumar
DilpreetSingh1,PujariRajkumar
RahulDewangan,PujariRajkumar
SaiNiharika,PujariRajkumar
TarunVarmaLanda,PujariRajkumar
DeepakKhaneja,PujariRajkumar
SudheerKumarKaspa,PujariRajkumar
TejaKvs,PujariRajkumar
MritunjayBeniwal,PujariRajkumar
KonthamRajesh,PujariRajkumar
KartheekReddy2,PujariRajkumar
SKalyan,PujariRajkumar
ManasNayak,PujariRajkumar
SainyamGalhotra,PujariRajkumar
SaratChandra,PujariRajkumar
KumarAbhishek,PujariRajkumar
RonakHeliwal,PujariRajkumar
MondalPayel,PujariRajkumar
DeweshAgrawal,PujariRajkumar
AkshayKulkarni6,PujariRajkumar
PrasadShambhu,PujariRajkumar
DilipChandrawat,PujariRajkumar
SabareeshChittuluru,PujariRajkumar
HemanthMalla,PujariRajkumar
TauseefNomani,PujariRajkumar
SravanKumarVoona,PujariRajkumar
BhadreswarGhuku,PujariRajkumar
AbhishekUpmanyu,PujariRajkumar
bhaskaryadav,PujariRajkumar
KabirKumar,PujariRajkumar
GyanPrakash,PujariRajkumar
RaviSankar,PujariRajkumar
ChaitanyaChandra,PujariRajkumar
StevenBonacorsi,ShoaibShariff
GuillermoPineda,ShoaibShariff
MruthyunjayaRaoPadamata,ShoaibShariff
TarunGehlot,ShoaibShariff
RaviKiran,ShoaibShariff
PPachori,ShoaibShariff
GeorgeKhoury,ShoaibShariff
SiddharthBala,ShoaibShariff
SumitMohanty,ShoaibShariff
HarikaNelli,ShoaibShariff
DebasishKanhar,ShoaibShariff
SahilJalan,ShoaibShariff
SayantanSarkar,ShoaibShariff
TIOEE,ShoaibShariff
PankajMandal,ShoaibShariff
ASingla,ShoaibShariff
AjayKumarYadav,ShoaibShariff
ManishKumar390,ShoaibShariff
BhargavaExcalibur,ShoaibShariff
AaronMendonca,ShoaibShariff
DSharma,ShoaibShariff
PratikSahoo,ShoaibShariff
SonuSharma,ShoaibShariff
KaushikMahato,ShoaibShariff
UjjwalRaghuvanshi,ShoaibShariff
ArunTankha,ShoaibShariff
PraneelJain,ShoaibShariff
AbhisekDatta,ShoaibShariff
SaurabhAgarwal,ShoaibShariff
CGarg,ShoaibShariff
SumanRajat,ShoaibShariff
drreddy,ShoaibShariff
ShishirKumar1,ShoaibShariff
MrugankBhatt,ShoaibShariff
BismayaSahoo,ShoaibShariff
RavikiranMaddali,ShoaibShariff
srivatsakandukuri,ShoaibShariff
JayakrishnaAlwar,ShoaibShariff
AnirbanMajumdar,ShoaibShariff
AnkitKumarNandanwar,ShoaibShariff
KSaiRam,ShoaibShariff
MilindTahalani,ShoaibShariff
TarunSinghal,ShoaibShariff
rishimehan,ShoaibShariff
ShivaAsapu,ShoaibShariff
Kinshuk,ShoaibShariff
RatanRahul,ShoaibShariff
Jesshu22,ShoaibShariff
SriVamsiMatta,ShoaibShariff
SaiKotha,ShoaibShariff
SiddharthaSatpathi,ShoaibShariff
DheerajArora,ShoaibShariff
YajuvendraRathor,ShoaibShariff
RahulKoshal,ShoaibShariff
NaveenSingh,ShoaibShariff
ParkalaYaskadevaBayari,ShoaibShariff
ArunTaneja,ShoaibShariff
YernaiduReddy,ShoaibShariff
KonthamRajesh,ShoaibShariff
ManiShahi,ShoaibShariff
ApoorvJain,SaiKotha
IngoValgma,SaiKotha
MruthyunjayaRaoPadamata,SaiKotha
AnimeshChoudhary,SaiKotha
HarikaNelli,SaiKotha
AyushGoel,SaiKotha
SouradeepPaul,SaiKotha
NeeleshShekhar,SaiKotha
AKannamwar,SaiKotha
BhargavaExcalibur,SaiKotha
BharathVeeravalli,SaiKotha
GayatriKumari,SaiKotha
PraneelJain,SaiKotha
SreeSudha1,SaiKotha
MeghanaReddy,SaiKotha
venugopalnaik,SaiKotha
KumarAshwin,SaiKotha
kishorekommi,SaiKotha
JayakrishnaAlwar,SaiKotha
srivatsakandukuri,SaiKotha
GopinathSoren,SaiKotha
prudhvipotuganti,SaiKotha
TejaYadav,SaiKotha
SrinivasNuti,SaiKotha
PrithviVetsa,SaiKotha
PrateekKishore,SaiKotha
SahuSaurav,SaiKotha
VamseeSundar,SaiKotha
ShankarBhukya,SaiKotha
RatanRahul,SaiKotha
ramanareddymaddirala,SaiKotha
AmbujTiwari,SaiKotha
Jesshu22,SaiKotha
PAgrawal,SaiKotha
VibhorAggarwal,SaiKotha
RakeshKrishnaAndey,SaiKotha
ShoaibShariff,SaiKotha
MohitJhalani,SaiKotha
VamsiKrishna,SaiKotha
SauravKarn,SaiKotha
ShashankStifler,SaiKotha
SameerAshraf,SaiKotha
PhanitejaMarupaka,SaiKotha
ArpitGoyal,SaiKotha
abhilashvalle,SaiKotha
VenkateshHarisyam,SaiKotha
SaiSrivatsavaVemu,SaiKotha
SowmyaChittireddy,SaiKotha
NaveenSingh,SaiKotha
RavitejaRavs,SaiKotha
PrasanthAlapati,SaiKotha
ShailendraRajora,SaiKotha
EliasShaik,SaiKotha
KonthamRajesh,SaiKotha
ArunKumar161,SaiKotha
SivaCharan,SaiKotha
abhimanyupavuluri,SaiKotha
NisargTripathi,SaiKotha
GowthamReddy,SaiKotha
MohanTejaKommi,SaiKotha
PrayagBiswal,SiddharthaSatpathi
MruthyunjayaRaoPadamata,SiddharthaSatpathi
SantyMonty,SiddharthaSatpathi
NilayBang,SiddharthaSatpathi
PankajMandal,SiddharthaSatpathi
SunnyMohanty,SiddharthaSatpathi
AnuragMohanty,SiddharthaSatpathi
AjayKumarYadav,SiddharthaSatpathi
ManishKumar390,SiddharthaSatpathi
PratikSahoo,SiddharthaSatpathi
KaushikMahato,SiddharthaSatpathi
AmiyaPati,SiddharthaSatpathi
SouradipSen,SiddharthaSatpathi
MeghanaReddy,SiddharthaSatpathi
CGarg,SiddharthaSatpathi
venugopalnaik,SiddharthaSatpathi
DasSiddhant,SiddharthaSatpathi
ShishirKumar1,SiddharthaSatpathi
kishorekommi,SiddharthaSatpathi
JayakrishnaAlwar,SiddharthaSatpathi
BijitDas,SiddharthaSatpathi
SiddharthNayak,SiddharthaSatpathi
AciiJournal,SiddharthaSatpathi
NehalSiroya,SiddharthaSatpathi
ArpitaReddy,SiddharthaSatpathi
AnshulSingh2,SiddharthaSatpathi
httpwwwdakiitkgpernetinphdprofilephproll10CE90R15,SiddharthaSatpathi
VaibhavGupta,SiddharthaSatpathi
BibekPradhan,SiddharthaSatpathi
VamseeSundar,SiddharthaSatpathi
DevprasanMallick,SiddharthaSatpathi
SiddharthBehera,SiddharthaSatpathi
RatanRahul,SiddharthaSatpathi
VibhorAggarwal,SiddharthaSatpathi
PriyankAgrawal2,SiddharthaSatpathi
SubrajeetMohapatra,SiddharthaSatpathi
ShoaibShariff,SiddharthaSatpathi
BishalDeep,SiddharthaSatpathi
SumitJoshi,SiddharthaSatpathi
VirinchiChilukuri,SiddharthaSatpathi
SomMadhabBhattacharya,SiddharthaSatpathi
SanjanaTripathy,SiddharthaSatpathi
PriyankaPriyadarshini,SiddharthaSatpathi
PalashVijay,SiddharthaSatpathi
RohanTiwari,SiddharthaSatpathi
PavitjotSinghMann,SiddharthaSatpathi
PrernaChikersal,SiddharthaSatpathi
NeerajKumar,SiddharthaSatpathi
VikramPatnaik,SiddharthaSatpathi
AnishSwain,SiddharthaSatpathi
NitinGarg2,SiddharthaSatpathi
KshitijGoel,SiddharthaSatpathi
UdayTakyar,SiddharthaSatpathi
MritunjayBeniwal,SiddharthaSatpathi
PuratanPani,SiddharthaSatpathi
SamreshSatapathy,SiddharthaSatpathi
MadalamHarsha,SiddharthaSatpathi
PrateekPattanayak,SiddharthaSatpathi
AmrutBawane,SiddharthaSatpathi
KumarAbhishek,SiddharthaSatpathi
prudhvitejimmadi,SatyaSamyukta
MeghanaReddy,SatyaSamyukta
SaiKrishna,SatyaSamyukta
RajeevVempuluru,SatyaSamyukta
PratyushaPutrevu,SatyaSamyukta
RatanRahul,SatyaSamyukta
PrashansaShrivastava,SatyaSamyukta
AbhinavKrishnan,SatyaSamyukta
PhanitejaMarupaka,SatyaSamyukta
SriramBharadwaj,SatyaSamyukta
DevalJoshi,SatyaSamyukta
AkshayJain,SatyaSamyukta
LipsaBharati,SatyaSamyukta
TejeshKarampudi,SatyaSamyukta
TarunVarmaLanda,SatyaSamyukta
NiteshPatra,SatyaSamyukta
VenkataSriramaKrishnaTejaKonduri,SatyaSamyukta
ShubhamSirothia,SatyaSamyukta
AkhilThomas,SatyaSamyukta
SrikarGunisetty,SatyaSamyukta
AbhinavMishra,SatyaSamyukta
HarshilPawar,SatyaSamyukta
SivaGaneshMalla,SatyaSamyukta
RakeshGuguloth,SatyaSamyukta
AnirudhDonthireddy,SatyaSamyukta
AthulPrabhakaran,SatyaSamyukta
AnuragKashyap,SatyaSamyukta
DeepHarsha,SatyaSamyukta
VishalDm,SatyaSamyukta
AbhinavJha4,SatyaSamyukta
VamshiGudavarthi,SatyaSamyukta
SumanthKolli,SatyaSamyukta
RaghuCharanA,SatyaSamyukta
SujithVemisetty,SatyaSamyukta
LogicDeepak,SatyaSamyukta
AkankSha,SatyaSamyukta
GantaNaveen,SatyaSamyukta
ManikantaHanish,SatyaSamyukta
RizwanaShaik3,SatyaSamyukta
VarunBairaboina,SatyaSamyukta
ShashankBhushan,SatyaSamyukta
KrishnaGella,SatyaSamyukta
PriteshAstik,SatyaSamyukta
SaurabhKumar,SatyaSamyukta
RahulSethi1,SatyaSamyukta
RahulSethi1,SatyaSamyukta
KalyanDash,SatyaSamyukta
SaiChandrika,SatyaSamyukta
SaurabhPathak,SatyaSamyukta
RambabuRathod,SatyaSamyukta
KPradeepKumar,SatyaSamyukta
AmitKumar528,SatyaSamyukta
SuryaEmani,SatyaSamyukta
MohitKumar,SatyaSamyukta
MoniaTadu,SatyaSamyukta
ShineSunny,SatyaSamyukta
ManasaBhupathiraju,SatyaSamyukta
MRajuNaik,SatyaSamyukta
KothaHariKrishna,SatyaSamyukta
GodabaHareesh,SatyaSamyukta
MruthyunjayaRaoPadamata,SomMadhabBhattacharya
AurkoChatterjee,SomMadhabBhattacharya
SumitMohanty,SomMadhabBhattacharya
ParthArora,SomMadhabBhattacharya
NIPUNKHEMKA,SomMadhabBhattacharya
AyushGoel,SomMadhabBhattacharya
SayantanSarkar,SomMadhabBhattacharya
ManisitDas,SomMadhabBhattacharya
PankajMandal,SomMadhabBhattacharya
AjayKumarYadav,SomMadhabBhattacharya
PratikSahoo,SomMadhabBhattacharya
RachitKothari,SomMadhabBhattacharya
KaushikMahato,SomMadhabBhattacharya
AbhisekDatta,SomMadhabBhattacharya
SreeSudha1,SomMadhabBhattacharya
CGarg,SomMadhabBhattacharya
ShishirKumar1,SomMadhabBhattacharya
BismayaSahoo,SomMadhabBhattacharya
JayakrishnaAlwar,SomMadhabBhattacharya
AnkitKumarNandanwar,SomMadhabBhattacharya
NehalSiroya,SomMadhabBhattacharya
MilindTahalani,SomMadhabBhattacharya
AnshulSingh2,SomMadhabBhattacharya
SachinTaneja,SomMadhabBhattacharya
JAVEDALAM,SomMadhabBhattacharya
AnjithGeorge,SomMadhabBhattacharya
RatanRahul,SomMadhabBhattacharya
AnkitBhandari,SomMadhabBhattacharya
Jesshu22,SomMadhabBhattacharya
SaxenaAmodhKant,SomMadhabBhattacharya
PujariRajkumar,SomMadhabBhattacharya
SiddharthaSatpathi,SomMadhabBhattacharya
SushilPatro,SomMadhabBhattacharya
SomasishGhosh,SomMadhabBhattacharya
IJESAJournal,SomMadhabBhattacharya
AshitaAnand,SomMadhabBhattacharya
GauravBisen,SomMadhabBhattacharya
RohanJain,SomMadhabBhattacharya
PalashVijay,SomMadhabBhattacharya
TelenaPradhan,SomMadhabBhattacharya
AnamikaChowdhury,SomMadhabBhattacharya
RahulKoshal,SomMadhabBhattacharya
AbhayTiwari,SomMadhabBhattacharya
KumarAbhijeet,SomMadhabBhattacharya
AbhinavRajvanshi,SomMadhabBhattacharya
PolubothuSantoshkumar,SomMadhabBhattacharya
CsijJournal,SomMadhabBhattacharya
UpaangSaxena,SomMadhabBhattacharya
ShailendraRajora,SomMadhabBhattacharya
OjaswaAnand,SomMadhabBhattacharya
Manvendra_Singh,SomMadhabBhattacharya
ShashankSinsinwar,SomMadhabBhattacharya
ijitmcjournal,SomMadhabBhattacharya
RajatPrajapati,SomMadhabBhattacharya
AmanVerma,SomMadhabBhattacharya
AadityaRaman,SomMadhabBhattacharya
DeepakKhaneja,SomMadhabBhattacharya
DebonilMaity,SomMadhabBhattacharya
IJMEjournal,SomMadhabBhattacharya
KaivalyaGandhi,SomMadhabBhattacharya
gauravdahake,Kumar
PiyushDharnidharka,Kumar
PPachori,Kumar
MallikarjunKarra,Kumar
AlexisKirke,Kumar
GauravRathi,Kumar
ShreyGoyal,Kumar
KiranReddy31,Kumar
vikashagarwal,Kumar
NilanjanaBhattacharya,Kumar
PKaushal,Kumar
SwastikSingh,Kumar
SayantanSarkar,Kumar
ArijitMondal,Kumar
TIOEE,Kumar
PankajMandal,Kumar
RiteshJindal,Kumar
VijayDevarapalli,Kumar
AjayKumarYadav,Kumar
monalisasethi,Kumar
parinayjain,Kumar
NishantSah,Kumar
AadityaRaut,Kumar
KaushikMahato,Kumar
JayanPrajapati,Kumar
SharmaShrey,Kumar
CGarg,Kumar
amolsawant,Kumar
rahuldeora,Kumar
KumarAshwin,Kumar
AyanChatterjee,Kumar
MeenaUppaluri,Kumar
AakashSaxena,Kumar
TanayNigam,Kumar
AnkitSethi,Kumar
,Kumar
VarunBedi,Kumar
AnkurChouragade,Kumar
SaahilParekh,Kumar
RatanRahul,Kumar
ramanareddymaddirala,Kumar
VaibhavSrivastava,Kumar
SalilAbdulRazak,Kumar
SibhanshHastey,Kumar
RajatSen,Kumar
PrashansaShrivastava,Kumar
MayankParasar,Kumar
SanjayDixit,Kumar
VarunAggarwal,Kumar
AnshumanPandey,Kumar
ManojTutika,Kumar
santhoshlakkanpalli,Kumar
pankajsharma,Kumar
PavitjotSinghMann,Kumar
PrateekAnand,Kumar
AnuragKyal,Kumar
SrikanthSethumadhavan,Kumar
YajuvendraRathor,Kumar
YogeshRaj,Kumar
pallerakesh,Kumar
sumeetmeravi,VarunAggarwal
GauravBansal,VarunAggarwal
Subhendupanigrahi,VarunAggarwal
AmitDatta,VarunAggarwal
RaviKiran,VarunAggarwal
PPachori,VarunAggarwal
MallikarjunKarra,VarunAggarwal
ShreyGoyal,VarunAggarwal
MayurRastogi,VarunAggarwal
SwastikSingh,VarunAggarwal
SayantanSarkar,VarunAggarwal
ArijitMondal,VarunAggarwal
ManisitDas,VarunAggarwal
PankajMandal,VarunAggarwal
ABHISHEKRAJ,VarunAggarwal
VijayDevarapalli,VarunAggarwal
KalyanBhattacharjee,VarunAggarwal
AjayKumarYadav,VarunAggarwal
AadityaRaut,VarunAggarwal
KaushikMahato,VarunAggarwal
AbhishekKumar439,VarunAggarwal
CGarg,VarunAggarwal
amolsawant,VarunAggarwal
rahuldeora,VarunAggarwal
RoopanjaliJasrotia,VarunAggarwal
TanmoySanyal,VarunAggarwal
AmitBhojane,VarunAggarwal
ShishirKumar1,VarunAggarwal
MrugankBhatt,VarunAggarwal
RavikiranMaddali,VarunAggarwal
JayakrishnaAlwar,VarunAggarwal
AakashSaxena,VarunAggarwal
AbhishekKumar,VarunAggarwal
TanayNigam,VarunAggarwal
NehalSiroya,VarunAggarwal
AnkitSethi,VarunAggarwal
DipeshJain,VarunAggarwal
VarunBedi,VarunAggarwal
PrahladRayapu,VarunAggarwal
AnkurChouragade,VarunAggarwal
RatanRahul,VarunAggarwal
SrikanthNayak,VarunAggarwal
Vora,VarunAggarwal
SalilAbdulRazak,VarunAggarwal
RahulRaghuwanshi,VarunAggarwal
RajPatel75,VarunAggarwal
HarshytGOel,VarunAggarwal
SachinJaiswal,VarunAggarwal
raminiramakanth,VarunAggarwal
Kumar,VarunAggarwal
PrakharVerma,VarunAggarwal
AnshumanPandey,VarunAggarwal
UrviAgrawal,VarunAggarwal
DeepankarPal,VarunAggarwal
YajuvendraRathor,VarunAggarwal
AnubhavVashishth,VarunAggarwal
NitinJhunjhunwala,VarunAggarwal
DebnathMaji,VarunAggarwal
SaurabhGautam,VarunAggarwal
MadalamHarsha,VarunAggarwal
MartinBerka,AnshumanPandey
AnimeshChoudhary,AnshumanPandey
AyushUpadhyay,AnshumanPandey
AakritiJain,AnshumanPandey
PPachori,AnshumanPandey
MallikarjunKarra,AnshumanPandey
GauravRathi,AnshumanPandey
ShreyGoyal,AnshumanPandey
KiranReddy31,AnshumanPandey
NilanjanaBhattacharya,AnshumanPandey
PKaushal,AnshumanPandey
SwastikSingh,AnshumanPandey
SachinSharma,AnshumanPandey
RiteshJindal,AnshumanPandey
NikhilKhaitan,AnshumanPandey
AashayArora,AnshumanPandey
VijayDevarapalli,AnshumanPandey
AjayKumarYadav,AnshumanPandey
parinayjain,AnshumanPandey
SharmaShrey,AnshumanPandey
JayanPrajapati,AnshumanPandey
SumanRajat,AnshumanPandey
amolsawant,AnshumanPandey
rahuldeora,AnshumanPandey
KumarAshwin,AnshumanPandey
KamalenduGhosh,AnshumanPandey
AakashSaxena,AnshumanPandey
TanayNigam,AnshumanPandey
AnkitSethi,AnshumanPandey
AbhinavSingh,AnshumanPandey
abhinaykumar,AnshumanPandey
AnkurChouragade,AnshumanPandey
Kinshuk,AnshumanPandey
RatanRahul,AnshumanPandey
PushpamBhardwaj,AnshumanPandey
PranjalSahu,AnshumanPandey
RayapureddyveeravenkataramalakshmiNarayanarao,AnshumanPandey
RahulRaghuwanshi,AnshumanPandey
SibhanshHastey,AnshumanPandey
ParakramSingh,AnshumanPandey
HarshytGOel,AnshumanPandey
SahilDhingra,AnshumanPandey
ChandrakantChanchal,AnshumanPandey
AgrawalHritika,AnshumanPandey
MayankParasar,AnshumanPandey
Kumar,AnshumanPandey
VarunAggarwal,AnshumanPandey
AdityaThatte,AnshumanPandey
ManojTutika,AnshumanPandey
pankajsharma,AnshumanPandey
AdityaThatte,AnshumanPandey
PrateekAnand,AnshumanPandey
kalyankuramana,AnshumanPandey
SrikanthSethumadhavan,AnshumanPandey
YajuvendraRathor,AnshumanPandey
PuttyVikas,AnshumanPandey
gauravsingh,AnshumanPandey
AkshayKumar21,AnshumanPandey
ShrutiOjha,AnshumanPandey
RAHULYADAV,AnshumanPandey
DeepitPurkayastha,ManojTutika
MruthyunjayaRaoPadamata,ManojTutika
Subhendupanigrahi,ManojTutika
AnimeshChoudhary,ManojTutika
PPachori,ManojTutika
PiyushMayank,ManojTutika
MallikarjunKarra,ManojTutika
ShreyGoyal,ManojTutika
MayurRastogi,ManojTutika
KiranReddy31,ManojTutika
SwastikSingh,ManojTutika
SubhadeepMondal,ManojTutika
HimenDoley,ManojTutika
ArushiPratap,ManojTutika
RiteshJindal,ManojTutika
VijayDevarapalli,ManojTutika
AjayKumarYadav,ManojTutika
monalisasethi,ManojTutika
ShubhanshuMishra,ManojTutika
SmarakSikdar,ManojTutika
SharmaShrey,ManojTutika
JayanPrajapati,ManojTutika
SnehaChilivery,ManojTutika
rahuldeora,ManojTutika
AbhishekChourasiya,ManojTutika
KumarAshwin,ManojTutika
JayakrishnaAlwar,ManojTutika
RajeshKuppili,ManojTutika
AmritaSukrity,ManojTutika
AyanChatterjee,ManojTutika
MeenaUppaluri,ManojTutika
AGNikhil,ManojTutika
TanayNigam,ManojTutika
ChanakyaGujju,ManojTutika
AnkurChouragade,ManojTutika
RatanRahul,ManojTutika
Vora,ManojTutika
RahulRaghuwanshi,ManojTutika
SibhanshHastey,ManojTutika
SridharNaik,ManojTutika
RohanKhandelwal,ManojTutika
SachinJaiswal,ManojTutika
aravindreddy,ManojTutika
Kumar,ManojTutika
SanjayDixit,ManojTutika
AnshumanPandey,ManojTutika
HrishavAgarwal,ManojTutika
KoradaAshish,ManojTutika
pankajsharma,ManojTutika
DeepankarPal,ManojTutika
ChitreshSinha,ManojTutika
PikunLenka,ManojTutika
SudheerSattaru,ManojTutika
SaiAnvesh,ManojTutika
SushantSaxena,ManojTutika
pallerakesh,ManojTutika
PuttyVikas,ManojTutika
SashankKurella,ManojTutika
KamalBanga,ManojTutika
NeerajMeena,ManojTutika
MarsiaBealby,IJSPTMJournal
GeorgeGrigore,IJSPTMJournal
AMaeir,IJSPTMJournal
LarissaBonfante,IJSPTMJournal
SelimAdal,IJSPTMJournal
OlaniyiOlayemiMikail,IJSPTMJournal
harsawara,IJSPTMJournal
TainaSavolainen,IJSPTMJournal
Networkscommunication,IJSPTMJournal
MariaCGatto,IJSPTMJournal
SheikhShanawazMostafa,IJSPTMJournal
MassimilianoNuzzolo,IJSPTMJournal
IjseaJournal,IJSPTMJournal
AmalHassan,IJSPTMJournal
LailaOhanian,IJSPTMJournal
CaijJournal,IJSPTMJournal
StephenCoryRobinson,IJSPTMJournal
LukeStark,IJSPTMJournal
IjassnJournal,IJSPTMJournal
IjcseitJournal,IJSPTMJournal
ChandrasekaranSubramaniam,IJSPTMJournal
IJCAxJournal,IJSPTMJournal
SabamSimanjuntak1,IJSPTMJournal
CiprianPungila,IJSPTMJournal
AciiJournal,IJSPTMJournal
Fatemehkhozaei,IJSPTMJournal
AneilMishra,IJSPTMJournal
JOURNALIJCGA,IJSPTMJournal
AvcJournal,IJSPTMJournal
YoonmoSang,IJSPTMJournal
ElisianneCampos,IJSPTMJournal
ajournal,IJSPTMJournal
PaulaKift,IJSPTMJournal
DanielSusser,IJSPTMJournal
SoeYuMaw,IJSPTMJournal
TyneDaileSumner,IJSPTMJournal
AlexandraKulikova,IJSPTMJournal
FstjJournal,IJSPTMJournal
HuynThu,IJSPTMJournal
SanjitSetua,IJSPTMJournal
FlorianMateiPopescu,IJSPTMJournal
MLAIJJournal,IJSPTMJournal
MilivojSimeonovski,IJSPTMJournal
MarkoHlbl,IJSPTMJournal
ORAJJournal,IJSPTMJournal
WesleyGoncalves,IJSPTMJournal
VolodymyrGSkobelev,IJSPTMJournal
DeeptiChandrasekharan,IJSPTMJournal
cjournal,IJSPTMJournal
kswong,IJSPTMJournal
ijccsajournal,IJSPTMJournal
LateefatRaheem,IJSPTMJournal
KarimSalman,IJSPTMJournal
AliEllikSonsuzum,IJSPTMJournal
GArumugam,IJSPTMJournal
BhuvanaKarthikeyan,IJSPTMJournal
RamyaShivanagu,IJSPTMJournal
MohamedElmenshawy,IJSPTMJournal
VedPMishra,IJSPTMJournal
SajjadHashemi,IJSPTMJournal
DeepitPurkayastha,RitwikYadav
RogerWoodman,RitwikYadav
patri,RitwikYadav
AyushUpadhyay,RitwikYadav
PPachori,RitwikYadav
PiyushMayank,RitwikYadav
MallikarjunKarra,RitwikYadav
HarikaNelli,RitwikYadav
GauravRathi,RitwikYadav
ShreyGoyal,RitwikYadav
NIPUNKHEMKA,RitwikYadav
ShubhamMishra32,RitwikYadav
NilanjanaBhattacharya,RitwikYadav
SwastikSingh,RitwikYadav
SayantanSarkar,RitwikYadav
PankajMandal,RitwikYadav
BhargavaExcalibur,RitwikYadav
ArjunWadhawan,RitwikYadav
PratikSahoo,RitwikYadav
KaushikMahato,RitwikYadav
UjjwalRaghuvanshi,RitwikYadav
VisheshGupta,RitwikYadav
SaurabhAgarwal,RitwikYadav
CGarg,RitwikYadav
ShreyaSingh34,RitwikYadav
ShishirKumar1,RitwikYadav
NadeemAnjum1,RitwikYadav
RavikiranMaddali,RitwikYadav
GopinathSoren,RitwikYadav
KSaiRam,RitwikYadav
AnkitKumarNandanwar,RitwikYadav
ArpitaReddy,RitwikYadav
ShubhamGoyal,RitwikYadav
PrateekKishore,RitwikYadav
VipulJain,RitwikYadav
HarmanGill4,RitwikYadav
RatanRahul,RitwikYadav
ParthapratimDas,RitwikYadav
AbhinavJindal,RitwikYadav
DuttaNamrata,RitwikYadav
PujariRajkumar,RitwikYadav
aravindreddy,RitwikYadav
SaiKrishnaKanthHari,RitwikYadav
SayjelPatel,RitwikYadav
SauravKarn,RitwikYadav
ShashiPrakash,RitwikYadav
DeepankarPal,RitwikYadav
SHUBHAMCHANDRA,RitwikYadav
PrateekAnand,RitwikYadav
MaheshBabu,RitwikYadav
KumarAbhijeet,RitwikYadav
ChandramauliSingh,RitwikYadav
PankajPrateek,RitwikYadav
AakashUpadhyay,RitwikYadav
RahulDewangan,RitwikYadav
NeerajKumar,RitwikYadav
RajeevVishwas,RitwikYadav
DeepakKhaneja,RitwikYadav
DevanshuVerma,RitwikYadav
KonthamRajesh,RitwikYadav
RavinderKaur,AmarjotSingh
AnasuyaMandal,AmarjotSingh
EricTKerr,AmarjotSingh
MiithunBhaskar,AmarjotSingh
DebanjanPatra,AmarjotSingh
RajasekharAnguluri,AmarjotSingh
SivaNandyala,AmarjotSingh
AnanthReddy,AmarjotSingh
SejalChauhanChauhan,AmarjotSingh
prudhvipotuganti,AmarjotSingh
AsleKiran,AmarjotSingh
GarvitJuniwal,AmarjotSingh
mkchaitanya,AmarjotSingh
krishnakarthick,AmarjotSingh
DivyaGanti,AmarjotSingh
SanthoshYathindra,AmarjotSingh
SivaSwaroopP,AmarjotSingh
DavidLewin,AmarjotSingh
KristeneUnsworth,AmarjotSingh
ShriyaRangarajan,AmarjotSingh
KranthiG,AmarjotSingh
yogeshwagh,AmarjotSingh
ShrutiChadha,AmarjotSingh
JeniceKujur,AmarjotSingh
ManasJoglekar,AmarjotSingh
sagarpandey,AmarjotSingh
CaterinaDesiato,AmarjotSingh
IvanRuiz9,AmarjotSingh
PPoddar,AmarjotSingh
BalramParmar,AmarjotSingh
SushilNitw,AmarjotSingh
arundathiReddy,AmarjotSingh
SameerchandPudaruth,AmarjotSingh
hemangirastogi,AmarjotSingh
ArnabSarker,AmarjotSingh
SSingh,AmarjotSingh
DarshanMadipelli,AmarjotSingh
BarlaManideep,AmarjotSingh
ajain,AmarjotSingh
simpypallav,AmarjotSingh
KirtiDeoMishra,AmarjotSingh
cyndwith,AmarjotSingh
KhushiLavsi,AmarjotSingh
SumitSundaram,AmarjotSingh
RajasekharAnguluri,AmarjotSingh
BorysKowalewski,AmarjotSingh
ArchitSinghal,AmarjotSingh
AliAlmisreb,AmarjotSingh
ApoorvaBhalla,AmarjotSingh
KsantoshThevar,AmarjotSingh
SathiyanarayananThiruvazhmarban,AmarjotSingh
AbhishekUjjawal,AmarjotSingh
OMazumdar,AmarjotSingh
PavanmanojJonnalagadda,AmarjotSingh
VijayPandey,AmarjotSingh
MuraliCool,AmarjotSingh
NavajyothKumar,AmarjotSingh
vinayjeengar,AmarjotSingh
GauravBansal,AmarjotSingh
sapnarao,AmarjotSingh
JorgeRamonZarcoLaveaga,CaijJournal
MariaAlejandraTejadaGmez,CaijJournal
MuratGermen,CaijJournal
MattLievertz,CaijJournal
AMaeir,CaijJournal
NickyHockly,CaijJournal
RamayahThurasamy,CaijJournal
lluiscodina,CaijJournal
DrShamenaz,CaijJournal
OlaniyiOlayemiMikail,CaijJournal
BoedyOetomo,CaijJournal
VitorSantos,CaijJournal
DeepakBhardwaj,CaijJournal
Networkscommunication,CaijJournal
RashidAzizFaridi,CaijJournal
ParaskeviAndreopoulou,CaijJournal
,CaijJournal
SatishChandraGangwar,CaijJournal
SalihBicakci,CaijJournal
PEFSCEA,CaijJournal
MichaelStout,CaijJournal
IjscJournal,CaijJournal
WirelessMobileNetworks,CaijJournal
SanjayaDas,CaijJournal
IjseaJournal,CaijJournal
RatanSarkar,CaijJournal
NaturalLanguageProcessing,CaijJournal
IjngnJournal,CaijJournal
InternationalJournalonIntegratingTechnologyinEducationIJITEISSN23201886Online23203935Print,CaijJournal
AkinniyiAdeleke,CaijJournal
ComputerScienceInformationTechnologyCSIT,CaijJournal
InternationalJournalofChaosControlModellingandSimulationIJCCMSISSN23195398Online23198990Print,CaijJournal
SalihBARDAKCI,CaijJournal
AnubhutiYadav,CaijJournal
MahapatraBhuban,CaijJournal
MarcusLeaning,CaijJournal
IjbbJournal,CaijJournal
journalijwest,CaijJournal
StephaneCollignon,CaijJournal
IjassnJournal,CaijJournal
IjcseitJournal,CaijJournal
SanjayaPinem,CaijJournal
IjaiaJournal,CaijJournal
VJournal,CaijJournal
GiulianoLancioni,CaijJournal
ZaidAlyasseri,CaijJournal
ZeeshanBhatti,CaijJournal
HiijJournal,CaijJournal
BasavarajNaikar,CaijJournal
journal,CaijJournal
AmirMohamedTalib,CaijJournal
IjnsaJournals,CaijJournal
DylanFoley,CaijJournal
IjdmsAircc,CaijJournal
PeertopeerJournal,CaijJournal
MihaelaMihailova,CaijJournal
IjcsitceJournal,CaijJournal
DarioMesquita,CaijJournal
IjmnctJournal,CaijJournal
IJCAxJournal,CaijJournal
IJRCARJOURNAL,ALIFARMANI
MuhammadGulraizAhmed,ALIFARMANI
HEghbalpour,ALIFARMANI
PedroJulian,ALIFARMANI
majidjalise,ALIFARMANI
StephanKroll,ALIFARMANI
AmitBakshi,ALIFARMANI
AJAYKUMARSINGH,ALIFARMANI
borishrvatic,ALIFARMANI
MauroBerlanda,ALIFARMANI
DhonyDhika,ALIFARMANI
CaijJournal,ALIFARMANI
HosseinSedighian,ALIFARMANI
RoozbehHojabri,ALIFARMANI
AyseAt,ALIFARMANI
ChadLingwood,ALIFARMANI
DavidMeier,ALIFARMANI
NessaVoss,ALIFARMANI
SumitRaj,ALIFARMANI
TootFarangi,ALIFARMANI
IJESAJournal,ALIFARMANI
yousufhasan,ALIFARMANI
TheEducationalWorkGroup,ALIFARMANI
journalijcsity,ALIFARMANI
EdyPortmann,ALIFARMANI
marziyehkerdegari,ALIFARMANI
CsijJournal,ALIFARMANI
DoaaMohamed,ALIFARMANI
journalcseij,ALIFARMANI
ijcisjournal,ALIFARMANI
IJMEjournal,ALIFARMANI
FaiqKahlidLodhi,ALIFARMANI
vinothkumarJ,ALIFARMANI
YadollahYaghoobzadeh,ALIFARMANI
HamzehMehrabi,ALIFARMANI
HarishSasikumar,ALIFARMANI
CamelliaAskarian,ALIFARMANI
mmiri,ALIFARMANI
MohammadAliRafiei,ALIFARMANI
QendresaHaraqia,ALIFARMANI
MohammadLankarani,ALIFARMANI
reyhanehkhadem,ALIFARMANI
ImanHajizadeh,ALIFARMANI
aminshayesteh,ALIFARMANI
RuhollahTaghizadehMehrjardi,ALIFARMANI
aminahmadi,ALIFARMANI
EhsanMomeniBashusqeh,ALIFARMANI
IbrahimBello,ALIFARMANI
aeijjournal,ALIFARMANI
AlwynScottTurner,ALIFARMANI
MohsenJiani,ALIFARMANI
behzadsinafar,ALIFARMANI
EmashovVasiliy,ALIFARMANI
SamiraRezai,ALIFARMANI
sohamkuila,ALIFARMANI
AliGhosiyan,ALIFARMANI
MahmoodBehravesh,ALIFARMANI
AFairuzAmin,ALIFARMANI
ahmedgheith,ALIFARMANI
PrakashSivam,ALIFARMANI
ProneetVerma,ArunothiaMarappan
AnuragSharma,ArunothiaMarappan
ApoorvaGoyal,ArunothiaMarappan
AdarshJ,ArunothiaMarappan
KaustubhModak,ArunothiaMarappan
UtsavSadana,ArunothiaMarappan
dhrupalshah,ArunothiaMarappan
SiddharthDangi,ArunothiaMarappan
rizwanhudda,ArunothiaMarappan
ShouryaUmang,ArunothiaMarappan
GauravDoshi,ArunothiaMarappan
AvinashChaurasia,ArunothiaMarappan
HPandey,ArunothiaMarappan
KirtanPadh,ArunothiaMarappan
DasSiddhant,ArunothiaMarappan
AnupPatel,ArunothiaMarappan
EraJain,ArunothiaMarappan
SonaliGupta19,ArunothiaMarappan
ShubhangeeVerma,ArunothiaMarappan
HamsiniSuresh,ArunothiaMarappan
PankajSaini4,ArunothiaMarappan
RohitChoudhary,ArunothiaMarappan
ShoanJain,ArunothiaMarappan
BhuveshKumar,ArunothiaMarappan
NSrivastava,ArunothiaMarappan
HarshKhoont,ArunothiaMarappan
VeerSingh,ArunothiaMarappan
ShreyaBharti,ArunothiaMarappan
IffatSiddiqui,ArunothiaMarappan
GopiRamena,ArunothiaMarappan
SharbatanuChatterjee,ArunothiaMarappan
IshaanDube,ArunothiaMarappan
ArjunArul,ArunothiaMarappan
KumarAravindh,ArunothiaMarappan
PrabodhKumarPandey,ArunothiaMarappan
rampriyanm,ArunothiaMarappan
RengaSamy,ArunothiaMarappan
RadhikaRavi,ArunothiaMarappan
vaishakhr,ArunothiaMarappan
JeenuThomas,ArunothiaMarappan
RaghuramKrishnaswami,ArunothiaMarappan
AnandDwivedi,ArunothiaMarappan
FazilBasheer,ArunothiaMarappan
RamMurthy,ArunothiaMarappan
PratikGujarathi,ArunothiaMarappan
ShanuVashishtha,ArunothiaMarappan
AbhishekAttal,ArunothiaMarappan
NikhleshRanjan,ArunothiaMarappan
HardikSoni,ArunothiaMarappan
VivekaKulharia,ArunothiaMarappan
AnirudhKumar,ArunothiaMarappan
SandipBisui,ArunothiaMarappan
SatyajitBhadange,ArunothiaMarappan
VishalGoyal,ArunothiaMarappan
Ayushmeena,ArunothiaMarappan
NairVinayak,ArunothiaMarappan
LakshayGarg,ArunothiaMarappan
SaloniMittal,ArunothiaMarappan
HarshitKhandelwal,ArunothiaMarappan
AshokJ,ArunothiaMarappan
journal,HiijJournal
AMaeir,HiijJournal
Networkscommunication,HiijJournal
RashidAzizFaridi,HiijJournal
MariaCGatto,HiijJournal
journalsopenaccess,HiijJournal
JorgeGomes,HiijJournal
AnumbaUche,HiijJournal
IjscJournal,HiijJournal
WirelessMobileNetworks,HiijJournal
IjseaJournal,HiijJournal
RatanSarkar,HiijJournal
NaturalLanguageProcessing,HiijJournal
IjngnJournal,HiijJournal
InternationalJournalonIntegratingTechnologyinEducationIJITEISSN23201886Online23203935Print,HiijJournal
ComputerScienceInformationTechnologyCSIT,HiijJournal
InternationalJournalofChaosControlModellingandSimulationIJCCMSISSN23195398Online23198990Print,HiijJournal
BillHefley,HiijJournal
CaijJournal,HiijJournal
IjbbJournal,HiijJournal
journalijwest,HiijJournal
LataDubey,HiijJournal
IjassnJournal,HiijJournal
IjcseitJournal,HiijJournal
IjaiaJournal,HiijJournal
VJournal,HiijJournal
journal,HiijJournal
IjnsaJournals,HiijJournal
IjdmsAircc,HiijJournal
PeertopeerJournal,HiijJournal
KruttikaBhat,HiijJournal
IjcsitceJournal,HiijJournal
IjmnctJournal,HiijJournal
IJCAxJournal,HiijJournal
VijayKumar14,HiijJournal
AdelAwd,HiijJournal
AciiJournal,HiijJournal
IjistJournal,HiijJournal
MeijJournal,HiijJournal
IjansJournal,HiijJournal
IJDPSJournal,HiijJournal
alaanoha,HiijJournal
SaradinduBera,HiijJournal
RajSingh,HiijJournal
FarhadSoleimanian,HiijJournal
AravindSubbiah,HiijJournal
JgraphhocJournal,HiijJournal
IjcseaJournal,HiijJournal
DhiauddinSuffian,HiijJournal
IjgttJournal,HiijJournal
ACIJJournal,HiijJournal
IJAITJournal,HiijJournal
JOURNALIJCGA,HiijJournal
IjeJournal,HiijJournal
AvcJournal,HiijJournal
ZiyaRafiqi,HiijJournal
JITANDERASINGH,HiijJournal
JournalIJCSIT,HiijJournal
IjctcmJournal,HiijJournal
NidiaRakhmiP,HiijJournal
MadanMuthu,DeepakSrinivasan
MerinMathew3,DeepakSrinivasan
DoraiThodla,DeepakSrinivasan
PDitecha,DeepakSrinivasan
MerlynMathew,DeepakSrinivasan
BalakrishnanVenkatesh,DeepakSrinivasan
SaumyadeepHalder,DeepakSrinivasan
SamvitaKalyan,DeepakSrinivasan
HarshitSinghal3,DeepakSrinivasan
ShyamPurushan,DeepakSrinivasan
SriramManohar,DeepakSrinivasan
ApramitPradhan,DeepakSrinivasan
ParinithaVishweshwar,DeepakSrinivasan
NydhruvKashyap,DeepakSrinivasan
FaisalHameed,DeepakSrinivasan
krishnakarthick,DeepakSrinivasan
PrashanthNRoll,DeepakSrinivasan
VarunKrishnan1,DeepakSrinivasan
SuvrataMohapatra,DeepakSrinivasan
ArjunArul,DeepakSrinivasan
LSundar,DeepakSrinivasan
OlympiaGerald,DeepakSrinivasan
SanjibSaha,DeepakSrinivasan
PankajRaghav,DeepakSrinivasan
ArunKumar,DeepakSrinivasan
VenkatesanKrishnan,DeepakSrinivasan
HariprasadhParthasarathy,DeepakSrinivasan
PandiyanNitt,DeepakSrinivasan
SharonGeorge4,DeepakSrinivasan
UpasaBardaloi,DeepakSrinivasan
PremsaiPadmanaban,DeepakSrinivasan
KaushikReddy,DeepakSrinivasan
AnujKohli,DeepakSrinivasan
SelvendranSudar,DeepakSrinivasan
saimahadevan,DeepakSrinivasan
HareshMiriyala,DeepakSrinivasan
GiridharKumar,DeepakSrinivasan
DeepakValagam,DeepakSrinivasan
MohammedSiddiqui,DeepakSrinivasan
VishnuVaidyanathan,DeepakSrinivasan
SureshKumarRd,DeepakSrinivasan
RaguRam,DeepakSrinivasan
ShekharBhatt,DeepakSrinivasan
BalajiSuresh2,DeepakSrinivasan
RamHarish,DeepakSrinivasan
BAyushKumar,DeepakSrinivasan
SabareeshEm,DeepakSrinivasan
KuldeepKatiyar,DeepakSrinivasan
KowshickBoddu,DeepakSrinivasan
GayatriSivaraman,DeepakSrinivasan
UdhavNaig,DeepakSrinivasan
AdyashaDash,DeepakSrinivasan
SiddharthSainath,DeepakSrinivasan
PrasannaKumar,DeepakSrinivasan
HarishSrinivas,DeepakSrinivasan
BharathPan,DeepakSrinivasan
ShanRaj,DeepakSrinivasan
PrethiveDhilip,DeepakSrinivasan
AnandSiva3,DeepakSrinivasan
AvnishGautam,DeepakSrinivasan
KarthikeyanSivashanmugam,ApramitPradhan
ChahatAhuja,ApramitPradhan
DeepakSrinivasan,ApramitPradhan
NikhilTilwani,ApramitPradhan
IndrajitPanda,ApramitPradhan
AdhirajSinghJhala,ApramitPradhan
VisChoudhary,ApramitPradhan
YogeshAirala,ApramitPradhan
NydhruvKashyap,ApramitPradhan
AditiJa,ApramitPradhan
VikasVerma43,ApramitPradhan
PranjalJain1,ApramitPradhan
JyotiSharma60,ApramitPradhan
SreejaJanjirala,ApramitPradhan
krishnakarthick,ApramitPradhan
ArpitKochar,ApramitPradhan
prajitdatta,ApramitPradhan
ArjunArul,ApramitPradhan
ReddyIndu,ApramitPradhan
KrishnaGanesh,ApramitPradhan
ChiragJain7,ApramitPradhan
SourabhRaghuwanshi,ApramitPradhan
AmitKumar168,ApramitPradhan
SouryaDonkada,ApramitPradhan
AmanChugh,ApramitPradhan
ReshmiNair4,ApramitPradhan
OmkarReddy2,ApramitPradhan
SiddharthYadav2,ApramitPradhan
RichieGowtham,ApramitPradhan
SahilGupta,ApramitPradhan
DinkarPareek,ApramitPradhan
AnkitSinha9,ApramitPradhan
ShrutiSivakumar,ApramitPradhan
YashSehgal,ApramitPradhan
PranavTiple,ApramitPradhan
AgrajSobti,ApramitPradhan
AsraYousuf,ApramitPradhan
SiddharthSrivastava9,ApramitPradhan
NoopurGupta1,ApramitPradhan
SGoel,ApramitPradhan
AnkurJain,ApramitPradhan
SandeepReddy3,ApramitPradhan
RushiVarmaUppalapati,ApramitPradhan
GauravSingh,ApramitPradhan
AnuragKumar,ApramitPradhan
niketjain,ApramitPradhan
AkashNigam,ApramitPradhan
TuhinTiwari,ApramitPradhan
KArora,ApramitPradhan
DeepDwivedi,ApramitPradhan
KakulGupta,ApramitPradhan
BajpaiAnkur,ApramitPradhan
AkshatVerma,ApramitPradhan
AarthiSubramanian,ApramitPradhan
JatinRajvanshi,ApramitPradhan
GauravSikri,ApramitPradhan
SandeepakGhosh,ApramitPradhan
AzadSingh2,ApramitPradhan
MadhurimaDeka,ApramitPradhan
ChrisRichard2,ApramitPradhan
HirakChakraborty,NydhruvKashyap
DeepakSrinivasan,NydhruvKashyap
RishikaMahendran,NydhruvKashyap
ApramitPradhan,NydhruvKashyap
ParinithaVishweshwar,NydhruvKashyap
PrashanthSrivatsa,NydhruvKashyap
ShiviSrivastava1,NydhruvKashyap
AnkitAgarwal,NydhruvKashyap
krishnakarthick,NydhruvKashyap
SudheshnaSampathkumar,NydhruvKashyap
HarikumarVenkatesan,NydhruvKashyap
ShwetaJadhav4,NydhruvKashyap
KrishnanSubramanian5,NydhruvKashyap
SriramBharadwaj,NydhruvKashyap
ShivanandAmbalavanan,NydhruvKashyap
riyabhattacharjee,NydhruvKashyap
RangaVardhan,NydhruvKashyap
RahulRaj75,NydhruvKashyap
RoseMary32,NydhruvKashyap
SashidharGopalakrishnan,NydhruvKashyap
NitinJain,NydhruvKashyap
VenkataMaheedhar,NydhruvKashyap
AnujKohli,NydhruvKashyap
GauravSrivastava31,NydhruvKashyap
HareshMiriyala,NydhruvKashyap
saimahadevan,NydhruvKashyap
AnirudhSwaminathan,NydhruvKashyap
SurajRonge,NydhruvKashyap
AdritaGuha,NydhruvKashyap
HarshitAgarwal,NydhruvKashyap
KaushikNarayanan,NydhruvKashyap
SanS1,NydhruvKashyap
TejaswiCnss,NydhruvKashyap
AnanthramEL,NydhruvKashyap
SrikanthKrish,NydhruvKashyap
SwayamBehera,NydhruvKashyap
ShankarRavi3,NydhruvKashyap
VedhaNithin,NydhruvKashyap
JaharshSamayank,NydhruvKashyap
OrthelloDragneel,NydhruvKashyap
ShanRaj,NydhruvKashyap
SauravKumar52,NydhruvKashyap
RamanathanChandrasekaran,NydhruvKashyap
kushalmehta,NydhruvKashyap
BabuAjith,NydhruvKashyap
BhallajiVenkat,NydhruvKashyap
AravindPradhyumnan,NydhruvKashyap
MohanKummara,NydhruvKashyap
SrihariSundar,NydhruvKashyap
RaghavRavindran,NydhruvKashyap
ManikandarajSrinivasan,NydhruvKashyap
HarishRamachandran,NydhruvKashyap
AdityaArun,NydhruvKashyap
BalaKrishnan,NydhruvKashyap
DeepakRamakrishnan,NydhruvKashyap
AravindSubu,NydhruvKashyap
AndrewJones31,NydhruvKashyap
KadhirRajashekar,NydhruvKashyap
SreekrishnaVinay,NydhruvKashyap
SriramChandrasekar1,NydhruvKashyap
ProfSaeidEslamian,nabeelahmed
DrAmartyaKumarBhattacharya,nabeelahmed
MarcinPaprzycki,nabeelahmed
MahanteshaNaikBN,nabeelahmed
SrikanthBalmuri,nabeelahmed
VasanArunachalam,nabeelahmed
udayashreyas,nabeelahmed
NitinSamuel,nabeelahmed
SriPrakyathIyyapu,nabeelahmed
AnirudhVKrishnan,nabeelahmed
AuraBhattacharjee,nabeelahmed
NareshShah,nabeelahmed
saileshkondraganti,nabeelahmed
ShubhamJain85,nabeelahmed
varunkumarreddygoli,nabeelahmed
DanishAhmadKhan,nabeelahmed
ParitoshDande,nabeelahmed
GokulNathSridhar,nabeelahmed
AshishPiplani,nabeelahmed
BiswaPrasannaMishra,nabeelahmed
krishnakarthick,nabeelahmed
SwamyIdln,nabeelahmed
saitejakarnati,nabeelahmed
AlokSingh,nabeelahmed
umeshr,nabeelahmed
balakoteshwar,nabeelahmed
AnkurSaraff,nabeelahmed
AbhisekMohanty,nabeelahmed
RathishArumugam,nabeelahmed
viveknimbarmunde,nabeelahmed
SnehansuPradhan,nabeelahmed
SashankaPaladugu,nabeelahmed
karanvijay,nabeelahmed
YasirKhan,nabeelahmed
SiddharthSrivastav,nabeelahmed
PrasannaJoshi,nabeelahmed
SiddardhGouri,nabeelahmed
YeswanthDevisetty,nabeelahmed
KodakandlaAvinash,nabeelahmed
AkshayAnanthakrishnan,nabeelahmed
JagadishBoppana,nabeelahmed
KKishoreKumar,nabeelahmed
RahulThakur28,nabeelahmed
viriyalaprakhyath,nabeelahmed
ManuGupta,nabeelahmed
JanardananSrinivas,nabeelahmed
rohitkandula,nabeelahmed
AMohanty,nabeelahmed
pushkarbalanagu,nabeelahmed
PrashantShingate,nabeelahmed
ApoorvaVerma,nabeelahmed
Vishwanathgubba,nabeelahmed
,nabeelahmed
SumanthGottipati,nabeelahmed
FaizIqbalFaizSheikh,nabeelahmed
ravichand,nabeelahmed
AtulPawar,nabeelahmed
RajeswariGs,nabeelahmed
SharathKoundinya,nabeelahmed
ManishSoni,nabeelahmed
EngrShoewu,ArjunArul
AntarikshBothale,ArjunArul
CelestinePreetham,ArjunArul
ArunothiaMarappan,ArjunArul
GokulRamanathan,ArjunArul
DeepakSrinivasan,ArjunArul
IjistJournal,ArjunArul
ManaswiMishra,ArjunArul
ApramitPradhan,ArjunArul
HamsiniSuresh,ArjunArul
BiswasPartho,ArjunArul
NHariPrasad,ArjunArul
RamchandranMuthukumar,ArjunArul
AlexChen32,ArjunArul
krishnakarthick,ArjunArul
PreetishBajpai,ArjunArul
SatwikMukherjee,ArjunArul
dexter,ArjunArul
sandipan,ArjunArul
vaishakhr,ArjunArul
umashankar,ArjunArul
SanthanagopalanRaghavan,ArjunArul
ShaliniSah,ArjunArul
RomilTalwar,ArjunArul
BIMANROY,ArjunArul
AryaMitra,ArjunArul
AnudhyanBoral,ArjunArul
MadhushreeBasu,ArjunArul
KayvanRafiee,ArjunArul
AbhijitTagade,ArjunArul
PranjalDutta,ArjunArul
JishuDas,ArjunArul
VigneshKrishnakumar,ArjunArul
DineshRaghavendra,ArjunArul
SuryaArangarasan,ArjunArul
TharunyaDanabal,ArjunArul
AmitayuBanerjee,ArjunArul
QucAnhNguyn2,ArjunArul
TejaswiCnss,ArjunArul
AjayNirmal,ArjunArul
PradeepM,ArjunArul
AmitSingh,ArjunArul
MahatheyPavan,ArjunArul
sahasagnik,ArjunArul
ShankarRavi3,ArjunArul
DhirajSarmah,ArjunArul
AravindSrinivas2,ArjunArul
SrihariSundar,ArjunArul
MohanPrashanth,ArjunArul
PankajKumar,ArjunArul
SouvikSarkar,ArjunArul
HimalaySenapati,ArjunArul
trss,ArjunArul
SouradeepPurkayastha,ArjunArul
ShibasisRoy,ArjunArul
AmitayuBanerjee,ArjunArul
BharathKannan,ArjunArul
AbhishekModi,ArjunArul
RohanSinha,ArjunArul
NikhileshRajaraman,ArjunArul
IjscJournal,NitinMythreya
IjseaJournal,NitinMythreya
EswaraSai,NitinMythreya
ChinmayaPatnayak,NitinMythreya
SrikanthSuresh,NitinMythreya
AnoopKarnik,NitinMythreya
BhanuSrivatsav,NitinMythreya
ananthkotti,NitinMythreya
KalyanPingali,NitinMythreya
AntarikshaYelkawar,NitinMythreya
ThiruvikramanKandhadai,NitinMythreya
PrasanthAkki,NitinMythreya
SuryaPabbisetty,NitinMythreya
NarenKrishnaMadhurakavi,NitinMythreya
VinayakVR,NitinMythreya
PraneethSmk,NitinMythreya
SaiPadmanabhuni,NitinMythreya
VaibhavKumar44,NitinMythreya
SanchitMishra,NitinMythreya
AbhilashMirji,NitinMythreya
SuhrudhReddy,NitinMythreya
VivekhPrabakaran,NitinMythreya
SiddarthYerram,NitinMythreya
ChandraSandeep1,NitinMythreya
SidharthSai,NitinMythreya
SiddharthDash1,NitinMythreya
NelakuduruVineeth,NitinMythreya
PratikJayaswal,NitinMythreya
krishnakarthick,NitinMythreya
VinodhReddyChennu,NitinMythreya
rajatsaxena,NitinMythreya
RahmanAbdur,NitinMythreya
SalabhGoyal,NitinMythreya
SuryaPrathap,NitinMythreya
VenkateshMundada,NitinMythreya
VishwanthkumarVankadari,NitinMythreya
SnehansuPradhan,NitinMythreya
akashraj,NitinMythreya
VenkateshHarisyam,NitinMythreya
RakeshSaripalli,NitinMythreya
SwarnaSaiGopiNihal,NitinMythreya
AravindKarthik,NitinMythreya
likithnadella,NitinMythreya
BadriNarayana,NitinMythreya
SatyaNarayanDas,NitinMythreya
VarunChappidi,NitinMythreya
ShivanReddy,NitinMythreya
SnehaChemarla,NitinMythreya
ijwscjournal,NitinMythreya
DivyaSanghi,NitinMythreya
LakshmiNarayanaG,NitinMythreya
VinayKumar103,NitinMythreya
SaumyaPatnaik,NitinMythreya
AashishVyas,NitinMythreya
AnirudhRamesh,NitinMythreya
DheerajPeri,NitinMythreya
KarthikBuddha,NitinMythreya
NidhiSri,NitinMythreya
AnishNoone,NitinMythreya
HarshaNidhi,NitinMythreya
SakethPatibandla,RathishArumugam
ShravyaLahari,RathishArumugam
KabilanSathyamurthy,RathishArumugam
VasanArunachalam,RathishArumugam
SaileshKapilavayi,RathishArumugam
NitinSamuel,RathishArumugam
SaiPadmanabhuni,RathishArumugam
SanchitMishra,RathishArumugam
SriPrakyathIyyapu,RathishArumugam
AnirudhVKrishnan,RathishArumugam
NareshShah,RathishArumugam
Soham,RathishArumugam
saileshkondraganti,RathishArumugam
varunkumarreddygoli,RathishArumugam
PrashanthGunasekaran,RathishArumugam
PankajMunjal,RathishArumugam
AjitPrabhakar,RathishArumugam
GokulNathSridhar,RathishArumugam
BiswaPrasannaMishra,RathishArumugam
krishnakarthick,RathishArumugam
MurariVarma,RathishArumugam
SwamyIdln,RathishArumugam
nabeelahmed,RathishArumugam
NThangavel,RathishArumugam
balakoteshwar,RathishArumugam
AbhisekMohanty,RathishArumugam
SrishtiSrivastava,RathishArumugam
BalakrishnanRaghavan,RathishArumugam
viveknimbarmunde,RathishArumugam
HariKrishnaUpadhyayula,RathishArumugam
SethuKalidhasan,RathishArumugam
SashankaPaladugu,RathishArumugam
KanchanAgrawal,RathishArumugam
SiddardhGouri,RathishArumugam
SaumyaSahu,RathishArumugam
SanthanamKumar,RathishArumugam
KoushikSai,RathishArumugam
KodakandlaAvinash,RathishArumugam
AkshayAnanthakrishnan,RathishArumugam
RahulThakur28,RathishArumugam
SudharsanVeeravalli,RathishArumugam
AKhare,RathishArumugam
SriramKrishnaswamy,RathishArumugam
AshiffShaik,RathishArumugam
AMohanty,RathishArumugam
SamitRoy,RathishArumugam
GokulRaghuraman,RathishArumugam
VamsiNarne,RathishArumugam
VijayNarayan,RathishArumugam
VarunKumar4,RathishArumugam
SumanthGottipati,RathishArumugam
VarunSoni,RathishArumugam
SnehaThangaraja,RathishArumugam
SharathKoundinya,RathishArumugam
SunilN,RathishArumugam
ManasaReddy,RathishArumugam
KrishnaChaitanya,RathishArumugam
SanthoshKumarC,RathishArumugam
ParthPaik,RathishArumugam
ArjunDhamu,RathishArumugam
ibrahimUSLU,SethuKalidhasan
ManikannanRamaiyan,SethuKalidhasan
rajapandiyan,SethuKalidhasan
VasanArunachalam,SethuKalidhasan
Vinothkumarponnusamy,SethuKalidhasan
YufengWu,SethuKalidhasan
RajasekarAruliah,SethuKalidhasan
GokulNathSridhar,SethuKalidhasan
BiswaPrasannaMishra,SethuKalidhasan
krishnakarthick,SethuKalidhasan
Marutheeswaran,SethuKalidhasan
dexter,SethuKalidhasan
RathishArumugam,SethuKalidhasan
PonnuSamy,SethuKalidhasan
vishnuvijayanpillai,SethuKalidhasan
AkiraMasutani,SethuKalidhasan
FredrickMwmea,SethuKalidhasan
JaidiJeevan,SethuKalidhasan
HirakChatterjee,SethuKalidhasan
alokgupta,SethuKalidhasan
PrakashPrabhu,SethuKalidhasan
YammaniVenkatSubbaRao,SethuKalidhasan
KayvanRafiee,SethuKalidhasan
RajKumar,SethuKalidhasan
SudharsanVeeravalli,SethuKalidhasan
GaneshPedgaonkar,SethuKalidhasan
SSudhakar,SethuKalidhasan
MuralisankarRajavelu,SethuKalidhasan
SriramKrishnaswamy,SethuKalidhasan
RupeshSrivastava3,SethuKalidhasan
GokulRaghuraman,SethuKalidhasan
SureshPalaniswamy,SethuKalidhasan
PoojaVivacious,SethuKalidhasan
SrikanthRacharla,SethuKalidhasan
GopikrishnaK,SethuKalidhasan
ravichand,SethuKalidhasan
PuneetAhalawat,SethuKalidhasan
EdayathNaushad,SethuKalidhasan
Kuldeepgupta,SethuKalidhasan
HakkimVovusha,SethuKalidhasan
MonikaSharma,SethuKalidhasan
SubimalDeb,SethuKalidhasan
PradeepKumarLogeswaran,SethuKalidhasan
TamilSelvi11,SethuKalidhasan
ManasiMudaliyar,SethuKalidhasan
ManasiMudaliyar,SethuKalidhasan
SiddheshwarChopra,SethuKalidhasan
ReshmaAlokam,SethuKalidhasan
HaniefNajar,SethuKalidhasan
AjayChalasani,SethuKalidhasan
MalagavelliVenu,SethuKalidhasan
NaguMuthukumar,SethuKalidhasan
NarayanJalan,SethuKalidhasan
SubburethinamRamesh,SethuKalidhasan
EshetuLemma,SethuKalidhasan
ThimmappaHM,SethuKalidhasan
ManabChakravarty,SethuKalidhasan
ChandraSekhar,SethuKalidhasan
VikramadityaGundamarajuG,SethuKalidhasan
JaganMohanReddyD,SethuKalidhasan
VasanArunachalam,SashankaPaladugu
RGadde,SashankaPaladugu
AbhishekNanda1,SashankaPaladugu
NitinSamuel,SashankaPaladugu
SaiPadmanabhuni,SashankaPaladugu
SriPrakyathIyyapu,SashankaPaladugu
NareshShah,SashankaPaladugu
abhinaykumar,SashankaPaladugu
saileshkondraganti,SashankaPaladugu
AmalDatta,SashankaPaladugu
ShubhamJain85,SashankaPaladugu
varunkumarreddygoli,SashankaPaladugu
VeenaLahari,SashankaPaladugu
krishnakarthick,SashankaPaladugu
MurariVarma,SashankaPaladugu
SwamyIdln,SashankaPaladugu
nabeelahmed,SashankaPaladugu
NavyaSahithi,SashankaPaladugu
balakoteshwar,SashankaPaladugu
RathishArumugam,SashankaPaladugu
RakeshSukumar,SashankaPaladugu
viveknimbarmunde,SashankaPaladugu
HariKrishnaUpadhyayula,SashankaPaladugu
ShreyasNarla,SashankaPaladugu
SowmitriReddyMaluchuru,SashankaPaladugu
TejeshwarSingh,SashankaPaladugu
SiddardhGouri,SashankaPaladugu
PrasadAnkita,SashankaPaladugu
KodakandlaAvinash,SashankaPaladugu
KoushikSai,SashankaPaladugu
AkshayAnanthakrishnan,SashankaPaladugu
AkhileshSharma1,SashankaPaladugu
RahulThakur28,SashankaPaladugu
RamyaKodali,SashankaPaladugu
PavanReddy,SashankaPaladugu
RishiPatel,SashankaPaladugu
RavitejaBhagi,SashankaPaladugu
AMohanty,SashankaPaladugu
AshiffShaik,SashankaPaladugu
AvinashMuraliNair,SashankaPaladugu
GokulRaghuraman,SashankaPaladugu
PrateekGoyal4,SashankaPaladugu
AbhinavChoudhury,SashankaPaladugu
,SashankaPaladugu
VijayNarayan,SashankaPaladugu
GopikrishnaK,SashankaPaladugu
RajeswariGs,SashankaPaladugu
RohitPenti,SashankaPaladugu
SharathKoundinya,SashankaPaladugu
OmReddy,SashankaPaladugu
ShashankVe,SashankaPaladugu
SwatiPamnani,SashankaPaladugu
ManishSoni,SashankaPaladugu
VaibhavKapoor,SashankaPaladugu
VaibhavSawatkar,SashankaPaladugu
YellinaSwathi,SashankaPaladugu
JagadeeshAnmala,SashankaPaladugu
KrishnaChaitanya,SashankaPaladugu
KamaleshSrinivasan,SashankaPaladugu
JalajGarg,SashankaPaladugu
AbhishekKar,AnvithaAdhikarla
ShravyaLahari,AnvithaAdhikarla
AGupta,AnvithaAdhikarla
ShanthalaSetty,AnvithaAdhikarla
SwethaNimmagadda,AnvithaAdhikarla
SaiPadmanabhuni,AnvithaAdhikarla
SriPrakyathIyyapu,AnvithaAdhikarla
VarshaPadhee,AnvithaAdhikarla
ShubhamJain85,AnvithaAdhikarla
varunkumarreddygoli,AnvithaAdhikarla
GokulNathSridhar,AnvithaAdhikarla
BiswaPrasannaMishra,AnvithaAdhikarla
krishnakarthick,AnvithaAdhikarla
ManojMadabhushi,AnvithaAdhikarla
SwamyIdln,AnvithaAdhikarla
NavyaSahithi,AnvithaAdhikarla
VisishtaKarasani,AnvithaAdhikarla
SandeepGoli,AnvithaAdhikarla
PrasenGundavaram,AnvithaAdhikarla
HariKrishnaUpadhyayula,AnvithaAdhikarla
HariPriyaRachakonda,AnvithaAdhikarla
pallerakesh,AnvithaAdhikarla
SaupayanMazumdar,AnvithaAdhikarla
ManojV,AnvithaAdhikarla
SiddardhGouri,AnvithaAdhikarla
AkshayAnanthakrishnan,AnvithaAdhikarla
SampathVelaga,AnvithaAdhikarla
SudharsanVeeravalli,AnvithaAdhikarla
ArunThodupunoori,AnvithaAdhikarla
SowmyaKatragadda,AnvithaAdhikarla
AnkitKabra,AnvithaAdhikarla
SriramKrishnaswamy,AnvithaAdhikarla
RishiPatel,AnvithaAdhikarla
DeepamJaiswal,AnvithaAdhikarla
RavitejaBhagi,AnvithaAdhikarla
SushmitaChowdary,AnvithaAdhikarla
AmartyaGhosh,AnvithaAdhikarla
VinayakSrinath,AnvithaAdhikarla
ArunimaRao,AnvithaAdhikarla
AbhaySrinivas,AnvithaAdhikarla
TanviOak,AnvithaAdhikarla
VimarshSrivastava,AnvithaAdhikarla
YeshwanthArokiaraj,AnvithaAdhikarla
AbhinavRai1,AnvithaAdhikarla
RajeswariGs,AnvithaAdhikarla
SnehaThangaraja,AnvithaAdhikarla
SristiGupta,AnvithaAdhikarla
SindhuraNadella,AnvithaAdhikarla
YesaswiniKarumanchi,AnvithaAdhikarla
AdityaUs,AnvithaAdhikarla
JVamaraju,AnvithaAdhikarla
GayatriVeerapaneni,AnvithaAdhikarla
SatishBasavalingaiah,AnvithaAdhikarla
SPuneethKumar,AnvithaAdhikarla
NishchalaKpani,AnvithaAdhikarla
SnMounika,AnvithaAdhikarla
ShruthiAyloo,AnvithaAdhikarla
AunnashaSengupta,AnvithaAdhikarla
NikithaReddy3,AnvithaAdhikarla
SusmithaPakalapati,AnvithaAdhikarla
MihailoPopovic,JournalIJEL
ElisaBonacini,JournalIJEL
scottjohnson,JournalIJEL
FrancoCambi,JournalIJEL
AttilioMastrocinque,JournalIJEL
TopographiesofEntanglements,JournalIJEL
LarissaBonfante,JournalIJEL
GiaKvashilava,JournalIJEL
WilliamTronzo,JournalIJEL
PetrosThemelis,JournalIJEL
VincenzoAllegrezza,JournalIJEL
Networkscommunication,JournalIJEL
VishalJain,JournalIJEL
ChiaraTerranova,JournalIJEL
AlainAnselin,JournalIJEL
DimitriosBosnakis,JournalIJEL
pascalvernus,JournalIJEL
HGnlYalcin,JournalIJEL
SaraGiardino,JournalIJEL
JosepAntoniAquinio,JournalIJEL
NaturalLanguageProcessing,JournalIJEL
FranciscoJNez,JournalIJEL
annaaladjadjiyan,JournalIJEL
LailaOhanian,JournalIJEL
,JournalIJEL
CaijJournal,JournalIJEL
journalijwest,JournalIJEL
SyllogeEpigraphicaBarcinonensisSEBarc,JournalIJEL
ekanugraha,JournalIJEL
VJournal,JournalIJEL
valentinacaminneci,JournalIJEL
IjdmsAircc,JournalIJEL
IjcsitceJournal,JournalIJEL
IJCAxJournal,JournalIJEL
AciiJournal,JournalIJEL
MeijJournal,JournalIJEL
GaneshKangune,JournalIJEL
AravindSubbiah,JournalIJEL
Sureshkumar,JournalIJEL
SIPIJJOURNAL,JournalIJEL
krishnakarthick,JournalIJEL
IJDKPJOURNAL,JournalIJEL
IJSPTMJournal,JournalIJEL
ShambhaviBatsa,JournalIJEL
TonyMiles,JournalIJEL
ECTIJJournal,JournalIJEL
ajournal,JournalIJEL
KrishnaPesn,JournalIJEL
RaminSayadi,JournalIJEL
ijcisjournal,JournalIJEL
FstjJournal,JournalIJEL
TozSoares,JournalIJEL
AnandKaushik,JournalIJEL
NafisAlam,JournalIJEL
RonaldMulinde,JournalIJEL
sandrosublimi,JournalIJEL
CarlosWestphall,JournalIJEL
IjsptmJournal,JournalIJEL
BranislavVulevi,JournalIJEL
ahmedsaleh,JournalIJEL
SabineSchmidtke,IJMEjournal
JaydipSen,IJMEjournal
GeorgeGrigore,IJMEjournal
AnindyaSyamChoudhury,IJMEjournal
RBoustan,IJMEjournal
HindyNajman,IJMEjournal
RoccoRonzani,IJMEjournal
PujaSetiawan,IJMEjournal
OlaniyiOlayemiMikail,IJMEjournal
DrKRMulla,IJMEjournal
BhojarajuGunjal,IJMEjournal
VishalJain,IJMEjournal
PinakiDe,IJMEjournal
SanjayaDas,IJMEjournal
StefanJakob,IJMEjournal
LaxmidharBehera,IJMEjournal
zulhelmanSTMT,IJMEjournal
SamsonOlatunji,IJMEjournal
PuvvadiVenkataKrishnaMohan,IJMEjournal
AshimBora,IJMEjournal
DanielVolpato,IJMEjournal
YashPalSingh,IJMEjournal
AVSatishChandra,IJMEjournal
AbhisekParida,IJMEjournal
RajSingh,IJMEjournal
AddieIrawanHashim,IJMEjournal
FatihAltug,IJMEjournal
DavidAlejandroTrejoPizzo,IJMEjournal
TaharELBAHRI,IJMEjournal
ShambhaviBatsa,IJMEjournal
MDDELWARHOSSAINCHOWDHURY,IJMEjournal
IRJET,IJMEjournal
mohammedmanniraliyu,IJMEjournal
AnilJharotia,IJMEjournal
AlfaSharma,IJMEjournal
VISHALTIWARI,IJMEjournal
sundayoladejo,IJMEjournal
MuhammadElmessary,IJMEjournal
ParthaSarathi,IJMEjournal
KRamadan,IJMEjournal
ArvindGill,IJMEjournal
AnuradhaB,IJMEjournal
UshaShashidhara,IJMEjournal
SamiaDardouri,IJMEjournal
DiptiPDas,IJMEjournal
GilmaraLinhares,IJMEjournal
AhmedEldeen,IJMEjournal
DivyaGuglani,IJMEjournal
DiantaGinting,IJMEjournal
jedtjournal,IJMEjournal
SaqibJabbar1,IJMEjournal
nesrinebabana,IJMEjournal
CatarinaCasteleiro,IJMEjournal
NadiaMalyk,IJMEjournal
SumardiSadi,IJMEjournal
DrNeilVyas,IJMEjournal
RafaGomez7,IJMEjournal
LiviuLEONTIE,IJMEjournal
AnbalaganGovindan,IJMEjournal
KeMei,IJMEjournal
SreevalsaKolathayar,YammaniVenkatSubbaRao
OluFemi,YammaniVenkatSubbaRao
KirubaDaniel,YammaniVenkatSubbaRao
SatyendraTripathi,YammaniVenkatSubbaRao
RajaramKrishnasamy,YammaniVenkatSubbaRao
ArunkumarPaulraj,YammaniVenkatSubbaRao
krishnakarthick,YammaniVenkatSubbaRao
ShobinShoban,YammaniVenkatSubbaRao
PenkiTirupathiNaidu,YammaniVenkatSubbaRao
SethuKalidhasan,YammaniVenkatSubbaRao
BharathiRajeswaran,YammaniVenkatSubbaRao
SanthanamKumar,YammaniVenkatSubbaRao
PiyushJaiswal,YammaniVenkatSubbaRao
AbeyThomas,YammaniVenkatSubbaRao
arunkarthick,YammaniVenkatSubbaRao
kondashiva,YammaniVenkatSubbaRao
GaneshPedgaonkar,YammaniVenkatSubbaRao
VinayakKamble,YammaniVenkatSubbaRao
GouthamMakkena,YammaniVenkatSubbaRao
NishaSinghania,YammaniVenkatSubbaRao
BaraneeDharan,YammaniVenkatSubbaRao
ParthaSarathi,YammaniVenkatSubbaRao
GobalakrishnanSuyambrakasam,YammaniVenkatSubbaRao
PoojaVivacious,YammaniVenkatSubbaRao
MuthukumaranKasinathan,YammaniVenkatSubbaRao
ThirupugalmaniKarunanithi,YammaniVenkatSubbaRao
ravichand,YammaniVenkatSubbaRao
JeyabharathiC,YammaniVenkatSubbaRao
KarunakaranMoorthy,YammaniVenkatSubbaRao
RRavikumar,YammaniVenkatSubbaRao
GangadharMatharasala,YammaniVenkatSubbaRao
AnithaAC,YammaniVenkatSubbaRao
DhayanandhaprabuJaihind,YammaniVenkatSubbaRao
RupakRaman,YammaniVenkatSubbaRao
IyyappanRaja,YammaniVenkatSubbaRao
BabuSekhar,YammaniVenkatSubbaRao
GangadharaKrishna,YammaniVenkatSubbaRao
VivekElangovan,YammaniVenkatSubbaRao
MuraliBanavoth,YammaniVenkatSubbaRao
SandraDias,YammaniVenkatSubbaRao
SuryadevaraPriyanka,YammaniVenkatSubbaRao
ErnestRavindranRS,YammaniVenkatSubbaRao
ThanganayakiNagaraj,YammaniVenkatSubbaRao
BrahmamMedapi,YammaniVenkatSubbaRao
JyothiSankarankutty,YammaniVenkatSubbaRao
ChandrashekarRahul,YammaniVenkatSubbaRao
SaiChinmayi,YammaniVenkatSubbaRao
KeerthiRamachandran,YammaniVenkatSubbaRao
RajuManuel,YammaniVenkatSubbaRao
UdayaSuriya,YammaniVenkatSubbaRao
RangaSanthosh,YammaniVenkatSubbaRao
BharathiPonraj,YammaniVenkatSubbaRao
ManojKhare,YammaniVenkatSubbaRao
SureshAmaroju,YammaniVenkatSubbaRao
LakshmiPrasad2,YammaniVenkatSubbaRao
SrinivasSingireddi,YammaniVenkatSubbaRao
NidhiLal,YammaniVenkatSubbaRao
SanthoshGupta2,YammaniVenkatSubbaRao
KSumana,YammaniVenkatSubbaRao
pramesh4,YammaniVenkatSubbaRao
ganeshkattepur,SandhyaVenugopalan
ParinithaVishweshwar,SandhyaVenugopalan
SaranBabu,SandhyaVenugopalan
krishnakarthick,SandhyaVenugopalan
PrabhatK,SandhyaVenugopalan
AnirudhGurumoorthy,SandhyaVenugopalan
ShahIshaani,SandhyaVenugopalan
ChanduChoudary,SandhyaVenugopalan
ShraavyaDinesh,SandhyaVenugopalan
SrinivasNarayan,SandhyaVenugopalan
NamitOberoy,SandhyaVenugopalan
AaradhanaAiyappa,SandhyaVenugopalan
DivyanshAgarwal,SandhyaVenugopalan
PrashanthTr,SandhyaVenugopalan
JanardhanKs,SandhyaVenugopalan
PatelRuchi,SandhyaVenugopalan
KameshKuppuswamy,SandhyaVenugopalan
SanS1,SandhyaVenugopalan
AileenGoveas,SandhyaVenugopalan
DebopriyoMoulik,SandhyaVenugopalan
OrthelloDragneel,SandhyaVenugopalan
ShanRaj,SandhyaVenugopalan
AnkitaSabharwal,SandhyaVenugopalan
NarmadhaNagaraj,SandhyaVenugopalan
SiddarthRamaswamy,SandhyaVenugopalan
NamithaaShrivatsav,SandhyaVenugopalan
SudharsanRavi,SandhyaVenugopalan
ShreyaDaffney,SandhyaVenugopalan
OviyaElango,SandhyaVenugopalan
MeghanaRamkrishna,SandhyaVenugopalan
AshishBansal,SandhyaVenugopalan
RajasekarPoornima,SandhyaVenugopalan
SrushtiShah1,SandhyaVenugopalan
KarlekarSneha,SandhyaVenugopalan
AnishKumar38,SandhyaVenugopalan
HemanthChander,SandhyaVenugopalan
MadhumithaRamesh,SandhyaVenugopalan
SnehaSeshadri,SandhyaVenugopalan
KumarKavya,SandhyaVenugopalan
RadhikaVenugopalan,SandhyaVenugopalan
ShubhraHegde,SandhyaVenugopalan
BerrinDaniel,SandhyaVenugopalan
BalasubramanianPoornima,SandhyaVenugopalan
SwitchUsui,SandhyaVenugopalan
AmritPaliwal,SandhyaVenugopalan
TUHINCHOUDHURY,SandhyaVenugopalan
PoornaPrakash2,SandhyaVenugopalan
NandithaRaman,SandhyaVenugopalan
JayaSingh6,SandhyaVenugopalan
AkshYaa,SandhyaVenugopalan
AishwaryaSarda,SandhyaVenugopalan
SaravanaRavi,SandhyaVenugopalan
SanghamitraMohanKumar,SandhyaVenugopalan
PriyaSrinivasan,SandhyaVenugopalan
SahanaShetty,SandhyaVenugopalan
MustafaPithapur,SandhyaVenugopalan
HemaGanesh1,SandhyaVenugopalan
SwethaSriraman,SandhyaVenugopalan
SArora,SandhyaVenugopalan
ArpitaSinha9,SandhyaVenugopalan
NitinSamuel,RahulThakur28
FaisalAhmad3,RahulThakur28
saileshkondraganti,RahulThakur28
ShubhamJain85,RahulThakur28
SrikarGoud,RahulThakur28
VeenaLahari,RahulThakur28
rishabhsaraswat,RahulThakur28
BiswaPrasannaMishra,RahulThakur28
krishnakarthick,RahulThakur28
nabeelahmed,RahulThakur28
SwamyIdln,RahulThakur28
balakoteshwar,RahulThakur28
SandeepGoli,RahulThakur28
RathishArumugam,RahulThakur28
HariKrishnaUpadhyayula,RahulThakur28
VikramsimhareddyKallam,RahulThakur28
SashankaPaladugu,RahulThakur28
RakeshSaripalli,RahulThakur28
SiddardhGouri,RahulThakur28
KodakandlaAvinash,RahulThakur28
KoushikSai,RahulThakur28
AkshayAnanthakrishnan,RahulThakur28
AshiffShaik,RahulThakur28
AMohanty,RahulThakur28
TusharTurumella,RahulThakur28
,RahulThakur28
VijayNarayan,RahulThakur28
AnupPampari,RahulThakur28
HarshAsthana,RahulThakur28
GauravNigam,RahulThakur28
RukaiyyaKhan,RahulThakur28
AdityaSingh97,RahulThakur28
SharathKoundinya,RahulThakur28
KhareSudeep,RahulThakur28
ManishSoni,RahulThakur28
GangadharMatharasala,RahulThakur28
BhargavPonnapalli,RahulThakur28
JVamaraju,RahulThakur28
KrishnaChaitanya,RahulThakur28
AalpeshKachhadiya,RahulThakur28
MohapatraAsish,RahulThakur28
LohitReddy,RahulThakur28
KiranNair5,RahulThakur28
ShivaTejMedichelmala,RahulThakur28
VijayasimhaVellanki,RahulThakur28
RohitGuleria,RahulThakur28
UpendraReddy,RahulThakur28
AtharavGupta,RahulThakur28
HariGarikipati,RahulThakur28
ShivShukla,RahulThakur28
ManvendraSingh6,RahulThakur28
RahulSingh223,RahulThakur28
SuprabhathKalahasti,RahulThakur28
harishathuru,RahulThakur28
TalhaMohammed,RahulThakur28
DhimanPankaj,RahulThakur28
AshishDhiman,RahulThakur28
DeepakJain,RahulThakur28
WadhwaAbhishek,RahulThakur28
NaVdeepGinni,RahulThakur28
RamnarayanShreyas,KrunalPatel
AamerKhan5,KrunalPatel
ArnabNandy,KrunalPatel
KushagraNigam,KrunalPatel
AnirudhWodeyar,KrunalPatel
AasthaAgrawal,KrunalPatel
KaustuvMohanty,KrunalPatel
HarshavardhanPandit,KrunalPatel
RenukaPai,KrunalPatel
MerchantNeil,KrunalPatel
PratishBala,KrunalPatel
TanmayDeshmukh,KrunalPatel
ShashankBassi,KrunalPatel
JanviPalan,KrunalPatel
RadhikaGaonkar,KrunalPatel
NHariPrasad,KrunalPatel
MritunjaySrivastava,KrunalPatel
RamchandranMuthukumar,KrunalPatel
HarshMalaiya,KrunalPatel
ShiladityaMandal,KrunalPatel
SanjanaRamachandran,KrunalPatel
krishnakarthick,KrunalPatel
FrancisJames,KrunalPatel
VenkataYaji,KrunalPatel
AlpeshDhorajia,KrunalPatel
ManankGosalia,KrunalPatel
JayRambhia,KrunalPatel
SahilSukheja,KrunalPatel
JaskaranGrover,KrunalPatel
JillShah,KrunalPatel
RakshitVerma,KrunalPatel
SwapnilSaurav,KrunalPatel
FaizKothari,KrunalPatel
PratikDand,KrunalPatel
VitragSheth,KrunalPatel
RiyaSaxena,KrunalPatel
BhuvanRawal,KrunalPatel
SavyaMittal,KrunalPatel
ChandrasekarAnanthanarayanan,KrunalPatel
SudhanshuMishra8,KrunalPatel
ShashwatKumar,KrunalPatel
AnimeshGaitonde,KrunalPatel
PranjalSinghal,KrunalPatel
KaustubhTiwari,KrunalPatel
SinghalKaran,KrunalPatel
KhushalModi,KrunalPatel
PriyanshuGupta1,KrunalPatel
PratikSinghal,KrunalPatel
PaavniShukla,KrunalPatel
SomnathDas6,KrunalPatel
RohitJain,KrunalPatel
PrathameshBodhankar,KrunalPatel
SupriyaSingh7,KrunalPatel
GouravGupta7,KrunalPatel
PranavKumar33,KrunalPatel
SaurabhSharma107,KrunalPatel
HarshitGarg7,KrunalPatel
prakashamponnusamy,KrunalPatel
radhakrishnaabhishek,VigneshKrishnakumar
DineshSoundappa,VigneshKrishnakumar
ArunothiaMarappan,VigneshKrishnakumar
GokulRamanathan,VigneshKrishnakumar
AnilShanbhag,VigneshKrishnakumar
RSwamy,VigneshKrishnakumar
SamvitaKalyan,VigneshKrishnakumar
ManaswiMishra,VigneshKrishnakumar
HarissMadhu,VigneshKrishnakumar
HamsiniSuresh,VigneshKrishnakumar
rekhalokula,VigneshKrishnakumar
RishabVardhan,VigneshKrishnakumar
NHariPrasad,VigneshKrishnakumar
ArvindMohan4,VigneshKrishnakumar
NivedittaBalaji,VigneshKrishnakumar
PeeyushKumar,VigneshKrishnakumar
krishnakarthick,VigneshKrishnakumar
ChiranjoyChattopadhyay,VigneshKrishnakumar
SujataKhandare,VigneshKrishnakumar
ArjunArul,VigneshKrishnakumar
HemkumarSrinivas,VigneshKrishnakumar
ArjunBhagoji,VigneshKrishnakumar
AkhileshGodi,VigneshKrishnakumar
RohitSinha19,VigneshKrishnakumar
ManavalathambiKT,VigneshKrishnakumar
SudharsanVeeravalli,VigneshKrishnakumar
VigneshBabu,VigneshKrishnakumar
RahulSakhare,VigneshKrishnakumar
AnupamaSundar1,VigneshKrishnakumar
PankajKumar37,VigneshKrishnakumar
ShankarRavi3,VigneshKrishnakumar
RoshniKrishnan,VigneshKrishnakumar
YeshwanthReddy,VigneshKrishnakumar
AravindSrinivas2,VigneshKrishnakumar
AditiKhot,VigneshKrishnakumar
PraveenKrishnakumar,VigneshKrishnakumar
JunaidBabu,VigneshKrishnakumar
TharunReddy1,VigneshKrishnakumar
SuryaTejaA,VigneshKrishnakumar
GouthamiBanoth,VigneshKrishnakumar
ChandraSekharDcs,VigneshKrishnakumar
AdityasrinivasGovindan,VigneshKrishnakumar
prateekdhawalia,VigneshKrishnakumar
PavanSilla,VigneshKrishnakumar
KrishnaMunjam,VigneshKrishnakumar
AshwinVedachalam,VigneshKrishnakumar
VigneshBaskaran,VigneshKrishnakumar
VasupradhaRamarathnam,VigneshKrishnakumar
JosephKAntony,VigneshKrishnakumar
MadhusudanVijayan,VigneshKrishnakumar
AbhishekSingh118,VigneshKrishnakumar
GiriVenkataPrasadReddy,VigneshKrishnakumar
SaratMA,VigneshKrishnakumar
MohanaPrasad,VigneshKrishnakumar
DilipChakravarthy,VigneshKrishnakumar
RahulGulve,VigneshKrishnakumar
AkashGupta108,VigneshKrishnakumar
GarvMalik,AnirudhRamesh
ChinmayaPatnayak,AnirudhRamesh
SaumyaJain,AnirudhRamesh
ThiruvikramanKandhadai,AnirudhRamesh
MassimilianoBadino,AnirudhRamesh
SuryaPabbisetty,AnirudhRamesh
GaneshAshwin,AnirudhRamesh
AurghoBhattacharjee,AnirudhRamesh
SanchitMishra,AnirudhRamesh
MohitBhardwaj7,AnirudhRamesh
SuhrudhReddy,AnirudhRamesh
VivekhPrabakaran,AnirudhRamesh
SiddarthYerram,AnirudhRamesh
ApurvaVerma2,AnirudhRamesh
NamanBafna,AnirudhRamesh
NamanBafna,AnirudhRamesh
krishnakarthick,AnirudhRamesh
AdityaKumar,AnirudhRamesh
rajatsaxena,AnirudhRamesh
NitinMythreya,AnirudhRamesh
SabujChattopadhyay,AnirudhRamesh
MuditJain,AnirudhRamesh
PaawanTalwar,AnirudhRamesh
SakshamPhul,AnirudhRamesh
NarayananAnanth,AnirudhRamesh
AakashJain2,AnirudhRamesh
JyotAntani,AnirudhRamesh
ManitejaNandana,AnirudhRamesh
DeepshaJain,AnirudhRamesh
AbhinavBagri,AnirudhRamesh
DivyaSanghi,AnirudhRamesh
SreesankaranNamboothiri,AnirudhRamesh
GunjitKandpal,AnirudhRamesh
VivekYadav9,AnirudhRamesh
BalaVignesh,AnirudhRamesh
AdityaRastogi,AnirudhRamesh
ZahidSharief,AnirudhRamesh
AmitSharma,AnirudhRamesh
MAyurShanbhag,AnirudhRamesh
RameyGirdhar,AnirudhRamesh
AvinashSoni,AnirudhRamesh
YashAgarwal14,AnirudhRamesh
AshishRastogi,AnirudhRamesh
KaushikThommandra,AnirudhRamesh
AbhimanyuKarandikar,AnirudhRamesh
WruchaAndurkar,AnirudhRamesh
ShashankTripathi16,AnirudhRamesh
PranitKamarshi,AnirudhRamesh
UtkarshShukla5,AnirudhRamesh
DarshanChauhan,AnirudhRamesh
SiddharthThakur,AnirudhRamesh
ArkadipBasak,AnirudhRamesh
GuptaShuvam,AnirudhRamesh
KangkanLahkar,AnirudhRamesh
AnuragP,AnirudhRamesh
SaiDeo,GokulRaghuraman
AmritPal,GokulRaghuraman
VasanArunachalam,GokulRaghuraman
NitinSamuel,GokulRaghuraman
SaiPadmanabhuni,GokulRaghuraman
AnirudhVKrishnan,GokulRaghuraman
SriramManohar,GokulRaghuraman
NareshShah,GokulRaghuraman
saileshkondraganti,GokulRaghuraman
GokulNathSridhar,GokulRaghuraman
BiswaPrasannaMishra,GokulRaghuraman
krishnakarthick,GokulRaghuraman
SwamyIdln,GokulRaghuraman
balakoteshwar,GokulRaghuraman
RathishArumugam,GokulRaghuraman
SethuKalidhasan,GokulRaghuraman
SashankaPaladugu,GokulRaghuraman
KarthikKrishnaSubramanian,GokulRaghuraman
IchhaGandhi,GokulRaghuraman
VijayKumar,GokulRaghuraman
KodakandlaAvinash,GokulRaghuraman
PoojaSrikrishnan,GokulRaghuraman
AkshayAnanthakrishnan,GokulRaghuraman
KSrivatsa,GokulRaghuraman
SoumyaGanguly,GokulRaghuraman
SudharsanVeeravalli,GokulRaghuraman
SibiAbraham,GokulRaghuraman
GunjitKandpal,GokulRaghuraman
AMohanty,GokulRaghuraman
VijayNarayan,GokulRaghuraman
SumanthGottipati,GokulRaghuraman
ManishSoni,GokulRaghuraman
RasmiKapuganti,GokulRaghuraman
shriyanshvaishya,GokulRaghuraman
RaviTeja,GokulRaghuraman
RohitMohan,GokulRaghuraman
AjayDharmavaram,GokulRaghuraman
HariGarikipati,GokulRaghuraman
VinisHansalia,GokulRaghuraman
ParitoshKatyal,GokulRaghuraman
BhaveshKakadiya,GokulRaghuraman
HarishKumar271,GokulRaghuraman
SuprabhathKalahasti,GokulRaghuraman
JayeshSarode,GokulRaghuraman
TalhaMohammed,GokulRaghuraman
AjiteshJain,GokulRaghuraman
WadhwaAbhishek,GokulRaghuraman
SunilDutta2,GokulRaghuraman
ssn92,GokulRaghuraman
ssn92,GokulRaghuraman
DrNatarajanBR,AbhinavChoudhury
KULDEEPKAUSHIK,AbhinavChoudhury
AbhinavBhattacharyya,AbhinavChoudhury
AmritPal,AbhinavChoudhury
NikhilJones,AbhinavChoudhury
SaiPadmanabhuni,AbhinavChoudhury
SriPrakyathIyyapu,AbhinavChoudhury
SuryaKlsv,AbhinavChoudhury
AbhikDasgupta,AbhinavChoudhury
ShubhamJain85,AbhinavChoudhury
GokulNathSridhar,AbhinavChoudhury
RishavDewan,AbhinavChoudhury
krishnakarthick,AbhinavChoudhury
SwamyIdln,AbhinavChoudhury
NavyaSahithi,AbhinavChoudhury
rajatsaxena,AbhinavChoudhury
viveknimbarmunde,AbhinavChoudhury
HariKrishnaUpadhyayula,AbhinavChoudhury
SashankaPaladugu,AbhinavChoudhury
BhaskarjyotiSarma,AbhinavChoudhury
VenkataSriramaKrishnaTejaKonduri,AbhinavChoudhury
AkshayAnanthakrishnan,AbhinavChoudhury
SudharsanVeeravalli,AbhinavChoudhury
KsAditya,AbhinavChoudhury
RishiPatel,AbhinavChoudhury
SriramKrishnaswamy,AbhinavChoudhury
RavitejaBhagi,AbhinavChoudhury
ashishshukla,AbhinavChoudhury
AMohanty,AbhinavChoudhury
GoswamiNilotpal,AbhinavChoudhury
PranjalSarma,AbhinavChoudhury
ShantiKiranNayak,AbhinavChoudhury
AbhijeetPendyala,AbhinavChoudhury
VijayNarayan,AbhinavChoudhury
SumanthGottipati,AbhinavChoudhury
AnandDeb,AbhinavChoudhury
AdityaTibrewal,AbhinavChoudhury
SurajitPaul,AbhinavChoudhury
AmeyaLonkar,AbhinavChoudhury
ArpitaGang,AbhinavChoudhury
NikithaReddy3,AbhinavChoudhury
JaganMohanReddyD,AbhinavChoudhury
JyotiSarma,AbhinavChoudhury
JayeshSarode,AbhinavChoudhury
SparshAnand,AbhinavChoudhury
SouravRoy28,AbhinavChoudhury
MohitKhandelwal,AbhinavChoudhury
SangbaranDutta,AbhinavChoudhury
ChatterjeeShantanu,AbhinavChoudhury
ABHISHEKRAJ,
VasanArunachalam,
NitinSamuel,
SriPrakyathIyyapu,
AshishRanjan10,
AnirudhVKrishnan,
saileshkondraganti,
ShubhamJain85,
varunkumarreddygoli,
BiswaPrasannaMishra,
krishnakarthick,
nabeelahmed,
AakashPratap,
AbhisekMohanty,
viveknimbarmunde,
SnehansuPradhan,
SashankaPaladugu,
SiddardhGouri,
KoushikSai,
AkshayAnanthakrishnan,
RahulThakur28,
AshiffShaik,
AMohanty,
VikramKhanna,
VijayNarayan,
VimarshSrivastava,
AshishKumar160,
AshishSarda,
VineetKumar43,
SharathKoundinya,
ManishSoni,
ShashankArora,
BhargavPonnapalli,
KrishnaChaitanya,
shriyanshvaishya,
AtharavGupta,
BhaveshKakadiya,
SakethMallipeddi,
AbhineetVerma,
JayeshSarode,
ManishManohar1,
SravanPathipati,
JanviJilhare,
AmitKumar,
KarthikPavan,
AkshanshAnkit,
KamalSresth,
AbhiRaj13,
AmritPal,AbhijeetPendyala
VasanArunachalam,AbhijeetPendyala
NikhilJones,AbhijeetPendyala
SaiPadmanabhuni,AbhijeetPendyala
SriPrakyathIyyapu,AbhijeetPendyala
SuryaKlsv,AbhijeetPendyala
ShubhamJain85,AbhijeetPendyala
VeenaLahari,AbhijeetPendyala
krishnakarthick,AbhijeetPendyala
SwamyIdln,AbhijeetPendyala
NavyaSahithi,AbhijeetPendyala
viveknimbarmunde,AbhijeetPendyala
HariKrishnaUpadhyayula,AbhijeetPendyala
LoveShah,AbhijeetPendyala
AbhiramChavali,AbhijeetPendyala
TejeshwarSingh,AbhijeetPendyala
AkshithAnand,AbhijeetPendyala
ChandraVikas,AbhijeetPendyala
KatragaddaAvinash,AbhijeetPendyala
AkshayAnanthakrishnan,AbhijeetPendyala
AkhileshSharma1,AbhijeetPendyala
SampathVelaga,AbhijeetPendyala
RishiPatel,AbhijeetPendyala
SriramKrishnaswamy,AbhijeetPendyala
RavitejaBhagi,AbhijeetPendyala
VishwajeetJonnada,AbhijeetPendyala
AbhinavChoudhury,AbhijeetPendyala
RajeswariGs,AbhijeetPendyala
KranthiAileni,AbhijeetPendyala
NaveenGujjari,AbhijeetPendyala
SairamMuttavarapu,AbhijeetPendyala
bharatreddy5,AbhijeetPendyala
GhazanfarKhan1,AbhijeetPendyala
AdithyaShourie,AbhijeetPendyala
HarshaVardhanBabu,AbhijeetPendyala
JayanthNarayan,AbhijeetPendyala
NithinGuptha,AbhijeetPendyala
ShyamPv,AbhijeetPendyala
ArpitTiwari,AbhijeetPendyala
ParulGupta,AbhijeetPendyala
SubhojKumar,AbhijeetPendyala
SindhurGN,AbhijeetPendyala
SushmithaBelede,AbhijeetPendyala
JonnadaGopal,AbhijeetPendyala
PreetamGiri,AbhijeetPendyala
ThirumalKumarVeerala,AbhijeetPendyala
SatishTrivedi,AbhijeetPendyala
AbhishekGoyal,AbhijeetPendyala
SaumyaJain,VimarshSrivastava
VasanArunachalam,VimarshSrivastava
SwetabhKumar,VimarshSrivastava
SudheerVazrapu,VimarshSrivastava
ShantanuKallakuri,VimarshSrivastava
SrikantBharadwaj,VimarshSrivastava
PraneethSmk,VimarshSrivastava
SarthakGhosh,VimarshSrivastava
RahulDubey22,VimarshSrivastava
MritunjaySrivastava,VimarshSrivastava
krishnakarthick,VimarshSrivastava
RishabhKumar,VimarshSrivastava
GauravSingh,VimarshSrivastava
ShankarVenkatraman,VimarshSrivastava
VikramsimhareddyKallam,VimarshSrivastava
AnvithaAdhikarla,VimarshSrivastava
SriHarsha,VimarshSrivastava
JaidiJeevan,VimarshSrivastava
SaiRaghuVamsi,VimarshSrivastava
AmanGupta,VimarshSrivastava
VenkataSriramaKrishnaTejaKonduri,VimarshSrivastava
VarunChappidi,VimarshSrivastava
SampathVelaga,VimarshSrivastava
SoumyaGanguly,VimarshSrivastava
KsAditya,VimarshSrivastava
WalelignWubet,VimarshSrivastava
,VimarshSrivastava
HimanshuGoyat,VimarshSrivastava
SumanthGottipati,VimarshSrivastava
sahithiseedarala,VimarshSrivastava
AshishSarda,VimarshSrivastava
SiddarthChinda,VimarshSrivastava
AkashPorwal,VimarshSrivastava
MdMujahedAli,VimarshSrivastava
HariKrishnan,VimarshSrivastava
AdityaTibrewal,VimarshSrivastava
AnkitPatodiya,VimarshSrivastava
VanshKhurana,VimarshSrivastava
ASingh,VimarshSrivastava
TripathiKshitij,VimarshSrivastava
KumarAmitabh,VimarshSrivastava
ChethnKrishna,VimarshSrivastava
SumitSrivastava,VimarshSrivastava
SaumyaSingh1,VimarshSrivastava
HarshSrivastava5,VimarshSrivastava
NiteshSingh22,VimarshSrivastava
ssn92,VimarshSrivastava
DrPramodKUMAR,GOPALVERMA
AniruddhaChakraborty,GOPALVERMA
JameelShaik,GOPALVERMA
OnurDanac,GOPALVERMA
samirkumar,GOPALVERMA
SantoshKumarGangwar,GOPALVERMA
MadhavanKaliappan,GOPALVERMA
DeepuUmrao,GOPALVERMA
SatyendraPal,GOPALVERMA
PawanKumar,GOPALVERMA
TirthankarDutta,GOPALVERMA
MustafaGundogan,GOPALVERMA
awanibhushan,GOPALVERMA
DrPradipKGangwar,GOPALVERMA
ManishJungThapa,GOPALVERMA
ManishSaini,GOPALVERMA
ShantaKh,GOPALVERMA
Jahiruddin,GOPALVERMA
ANANYAKRISHNAN,GOPALVERMA
AlemayehuNana,GOPALVERMA
surendergoyal,GOPALVERMA
AnuragPandey,GOPALVERMA
ASahai,GOPALVERMA
ShiveshYadav,GOPALVERMA
VarunSharma,GOPALVERMA
SougataChatterjee,GOPALVERMA
SahanPk,GOPALVERMA
RohanSinha,GOPALVERMA
SuryaPrakashTiwari,GOPALVERMA
VarunRanade,GOPALVERMA
AndrewHuzortey,GOPALVERMA
jaidipjagtap,GOPALVERMA
SurenderGoril,GOPALVERMA
RajneeshPerhate,GOPALVERMA
MahdiMohsseni,GOPALVERMA
RahulGangwar,GOPALVERMA
ZahangirAlam5,GOPALVERMA
ShafiyoddinSayyad,GOPALVERMA
JALIMSINGH,GOPALVERMA
kavitamehlawat,GOPALVERMA
vivekanandtiwari,GOPALVERMA
VictorSteinberg,GOPALVERMA
SeSim,GOPALVERMA
JayaramAbimanyu,GOPALVERMA
SarathSar,GOPALVERMA
MAJIDMOGHTADA,GOPALVERMA
NixonJohnIndia,GOPALVERMA
ChanduParimi,VarunSoni
VasanArunachalam,VarunSoni
SatyendraTripathi,VarunSoni
RaiHimanshu,VarunSoni
PrasanthAkki,VarunSoni
MitulGirotra,VarunSoni
SrikantBharadwaj,VarunSoni
SwethaNimmagadda,VarunSoni
AbhilashMirji,VarunSoni
UtkarshDubey,VarunSoni
RaunakSinghal,VarunSoni
ShubhamJain85,VarunSoni
PankajMunjal,VarunSoni
krishnakarthick,VarunSoni
MurariVarma,VarunSoni
RathishArumugam,VarunSoni
ShankarVenkatraman,VarunSoni
VenkateshMundada,VarunSoni
SriHarsha,VarunSoni
TejeshwarSingh,VarunSoni
AKhare,VarunSoni
VinayKumar103,VarunSoni
ReddyCharith,VarunSoni
ashishshukla,VarunSoni
ArjunVijayvargiya,VarunSoni
NaikPushkar,VarunSoni
PasumarthiSandeep,VarunSoni
SridharAnupKumar,VarunSoni
BharathReddyRondla,VarunSoni
karunbhogadula,VarunSoni
SindhuraNadella,VarunSoni
AbhishekSure,VarunSoni
UdayaKiranKompella,VarunSoni
DipankarTripathy,VarunSoni
BVBharathReddy,VarunSoni
SampathVelugotla,VarunSoni
MohithDevathi,VarunSoni
AshishBodhankar,VarunSoni
ShubhamShukla3,VarunSoni
SumitSrivastava,VarunSoni
GargAkshay,VarunSoni
PritpalPannu,VarunSoni
geetikabedi,VarunSoni
KVSRDilip,VarunSoni
ChinmayaPatnayak,MAyurShanbhag
ShravyaLahari,MAyurShanbhag
ChanduParimi,MAyurShanbhag
VasanArunachalam,MAyurShanbhag
SwetabhKumar,MAyurShanbhag
SudheerVazrapu,MAyurShanbhag
AntarikshaYelkawar,MAyurShanbhag
ShantanuKallakuri,MAyurShanbhag
PrathameshKubal,MAyurShanbhag
ChitraAdkar,MAyurShanbhag
MitulGirotra,MAyurShanbhag
SrikantBharadwaj,MAyurShanbhag
FaisalAhmad3,MAyurShanbhag
SarthakGhosh,MAyurShanbhag
krishnakarthick,MAyurShanbhag
GGopan,MAyurShanbhag
RahmanAbdur,MAyurShanbhag
ApoorvaMusunuri,MAyurShanbhag
ShankarVenkatraman,MAyurShanbhag
JatinJani,MAyurShanbhag
ManankGosalia,MAyurShanbhag
SakshamPhul,MAyurShanbhag
SriHarsha,MAyurShanbhag
TejeshwarSingh,MAyurShanbhag
PushkarPrasun,MAyurShanbhag
VarunChappidi,MAyurShanbhag
AnirudhRamesh,MAyurShanbhag
MandarPatil4,MAyurShanbhag
ArunJain,MAyurShanbhag
MadhavKapur,MAyurShanbhag
MuskanMittal,MAyurShanbhag
KritiChandra,MAyurShanbhag
MdMujahedAli,MAyurShanbhag
AmarSalian,MAyurShanbhag
ShreshthHari,MAyurShanbhag
ChethnKrishna,MAyurShanbhag
BPaliwal,MAyurShanbhag
RenukaPatankar,MAyurShanbhag
SparshJain,MAyurShanbhag
MeghaMadhuriMadhuri,MAyurShanbhag
JyotiGautam1,MAyurShanbhag
VenkateshJanakiraman,MAyurShanbhag
RohitPawar15,MAyurShanbhag
IjscJournal,ManikantasaiParimi
SudheerVazrapu,ManikantasaiParimi
PrasanthAkki,ManikantasaiParimi
TejaYadav,ManikantasaiParimi
SaiKotha,ManikantasaiParimi
krishnakarthick,ManikantasaiParimi
NitinMythreya,ManikantasaiParimi
VikramsimhareddyKallam,ManikantasaiParimi
SaiSrivatsavaVemu,ManikantasaiParimi
SaiRaghuVamsi,ManikantasaiParimi
ManojDasi,ManikantasaiParimi
SashankKurella,ManikantasaiParimi
SkKhasim,ManikantasaiParimi
VarunChappidi,ManikantasaiParimi
GowthamReddy,ManikantasaiParimi
ManojReddy,ManikantasaiParimi
sriswaroopDasari,ManikantasaiParimi
VasalaSaiKrishna,ManikantasaiParimi
BadaRohit,ManikantasaiParimi
AshokNaren,ManikantasaiParimi
AnupPampari,ManikantasaiParimi
PasumarthiSandeep,ManikantasaiParimi
VaibhavK,ManikantasaiParimi
SiddarthChinda,ManikantasaiParimi
SridharAnupKumar,ManikantasaiParimi
ShruthinP,ManikantasaiParimi
KrishnaTejaMedavarapu,ManikantasaiParimi
SaiSriharsha,ManikantasaiParimi
LohitReddy,ManikantasaiParimi
VenkatSaiGupta,ManikantasaiParimi
JujjavarapuSadhan,ManikantasaiParimi
SatyaKarthik,ManikantasaiParimi
ChethnKrishna,ManikantasaiParimi
ChakradharGavireddy,ManikantasaiParimi
AnirudhreddySafal,ManikantasaiParimi
PranithB,ManikantasaiParimi
TirumalaVenkatesh,ManikantasaiParimi
PrasadPonnuru,ManikantasaiParimi
CorneliusOyefoluOjelabi,ManikantasaiParimi
LankalaShalu,ManikantasaiParimi
AdityaAnnangi,ManikantasaiParimi
HarshaBeeram,ManikantasaiParimi
DeepitPurkayastha,AyushUpadhyay
anilg,AyushUpadhyay
PrayagBiswal,AyushUpadhyay
EnasAhmed,AyushUpadhyay
SouvikSen,AyushUpadhyay
ApoorvJain,AyushUpadhyay
MruthyunjayaRaoPadamata,AyushUpadhyay
AnimeshChoudhary,AyushUpadhyay
VishalGupta,AyushUpadhyay
ArunabhSingh,AyushUpadhyay
AakritiJain,AyushUpadhyay
InternationalJournalofElectricalComponentsandSustainableEnergyIJECSE,AyushUpadhyay
PPachori,AyushUpadhyay
UmeshU,AyushUpadhyay
EvaMStolberg,AyushUpadhyay
MallikarjunKarra,AyushUpadhyay
shayandev,AyushUpadhyay
JyotiGupta,AyushUpadhyay
RakeshSarangi,AyushUpadhyay
AkankshaShrivastava,AyushUpadhyay
SiddharthBala,AyushUpadhyay
SumitMohanty,AyushUpadhyay
GauravRathi,AyushUpadhyay
PujaGorai,AyushUpadhyay
AditiGupta,AyushUpadhyay
ChiragSangani,AyushUpadhyay
ShubhamMishra32,AyushUpadhyay
rupinder,AyushUpadhyay
NilanjanaBhattacharya,AyushUpadhyay
AyushGoel,AyushUpadhyay
SwastikSingh,AyushUpadhyay
SachinSharma,AyushUpadhyay
SayantanSarkar,AyushUpadhyay
MadhurimaKumar,AyushUpadhyay
HimenDoley,AyushUpadhyay
RiteshJindal,AyushUpadhyay
ArushiPratap,AyushUpadhyay
SouradeepPaul,AyushUpadhyay
KaustubhKashyap,AyushUpadhyay
NeeleshShekhar,AyushUpadhyay
NikhilKhaitan,AyushUpadhyay
AashayArora,AyushUpadhyay
AKannamwar,AyushUpadhyay
RahulSinghThakur,AyushUpadhyay
ASingla,AyushUpadhyay
AjayKumarYadav,AyushUpadhyay
AaronMendonca,AyushUpadhyay
ArjunWadhawan,AyushUpadhyay
monalisasethi,AyushUpadhyay
parinayjain,AyushUpadhyay
AarshPande,AyushUpadhyay
ShubhamPrakhar,AyushUpadhyay
MohitChaukikar,AyushUpadhyay
KrishnanUnni,AyushUpadhyay
TejalKamble,AyushUpadhyay
DSharma,AyushUpadhyay
PriyankaRaju,AyushUpadhyay
PratikSahoo,AyushUpadhyay
RachitKothari,AyushUpadhyay
januardihauw,AyushUpadhyay
PrayagBiswal,AurkoChatterjee
MruthyunjayaRaoPadamata,AurkoChatterjee
AnimeshChoudhary,AurkoChatterjee
ProneetVerma,AurkoChatterjee
RakeshSarangi,AurkoChatterjee
HarikaNelli,AurkoChatterjee
MayurRastogi,AurkoChatterjee
AyushGoel,AurkoChatterjee
SayantanSarkar,AurkoChatterjee
NilayBang,AurkoChatterjee
SaheliDe1,AurkoChatterjee
BhupenderSingh,AurkoChatterjee
ParthasarathiPanda,AurkoChatterjee
KaustubhKashyap,AurkoChatterjee
NeeleshShekhar,AurkoChatterjee
AKannamwar,AurkoChatterjee
ASingla,AurkoChatterjee
BhargavaExcalibur,AurkoChatterjee
JainAbhas,AurkoChatterjee
PratikSahoo,AurkoChatterjee
ShubhanshuMishra,AurkoChatterjee
SonuSharma,AurkoChatterjee
GayatriKumari,AurkoChatterjee
UjjwalRaghuvanshi,AurkoChatterjee
SmarakSikdar,AurkoChatterjee
ArunTankha,AurkoChatterjee
PraneelJain,AurkoChatterjee
RishitaDas,AurkoChatterjee
KhushbooYadav,AurkoChatterjee
MananMehta7,AurkoChatterjee
NadeemAnjum1,AurkoChatterjee
VivekRai1,AurkoChatterjee
RavikiranMaddali,AurkoChatterjee
NiharikaTomar,AurkoChatterjee
ShivaniGaikwad,AurkoChatterjee
RoopamAttree,AurkoChatterjee
VivekKumar30,AurkoChatterjee
HaarshDubey,AurkoChatterjee
KSaiRam,AurkoChatterjee
AnkitKumarNandanwar,AurkoChatterjee
NehalSiroya,AurkoChatterjee
RomanshuSroha,AurkoChatterjee
VireshKumar,AurkoChatterjee
AnshulSingh2,AurkoChatterjee
NishchayDayal,AurkoChatterjee
MeijJournal,AurkoChatterjee
ArnabDutta10,AurkoChatterjee
AbhishekArijit,AurkoChatterjee
KalyaniNimbalkar,AurkoChatterjee
UtkarshJaiswal,AurkoChatterjee
DebanjanaChakraborty,AurkoChatterjee
SahuSaurav,AurkoChatterjee
AbhishekJaiswal2,AurkoChatterjee
ApurvaGajwani,AurkoChatterjee
AmbujTiwari,AurkoChatterjee
PrashantJha1,AurkoChatterjee
SanjayMeena,AurkoChatterjee
SaiRam,AurkoChatterjee
ArkoBasak,AurkoChatterjee
viveksambangi,AurkoChatterjee
ApoorvJain,SahilJalan
KULDEEPKAUSHIK,SahilJalan
RaviKiran,SahilJalan
SubhomoyBakshi,SahilJalan
FedericoBucchi,SahilJalan
SomnathMeher,SahilJalan
PrinceGuma,SahilJalan
AkankshaShrivastava,SahilJalan
SiddharthBala,SahilJalan
SumitMohanty,SahilJalan
HarikaNelli,SahilJalan
PujaGorai,SahilJalan
DebasishKanhar,SahilJalan
rupinder,SahilJalan
PKaushal,SahilJalan
SaikatPaul,SahilJalan
DivyaSappa,SahilJalan
SayantanSarkar,SahilJalan
ThulasiJNambiar,SahilJalan
PankajMandal,SahilJalan
SouradeepPaul,SahilJalan
NikhilKhaitan,SahilJalan
AKannamwar,SahilJalan
ASingla,SahilJalan
RaunakMukherjee,SahilJalan
BhargavaExcalibur,SahilJalan
AaronMendonca,SahilJalan
parinayjain,SahilJalan
RajivBaruah,SahilJalan
DSharma,SahilJalan
PriyankaRaju,SahilJalan
PratikSahoo,SahilJalan
ManvithaJanagam,SahilJalan
KaushikMahato,SahilJalan
IwanzJack,SahilJalan
SharmaShrey,SahilJalan
JayanPrajapati,SahilJalan
VisheshGupta,SahilJalan
ShilpaSinha,SahilJalan
ArunTankha,SahilJalan
AkshataMohanty,SahilJalan
PraneelJain,SahilJalan
RavikanthPamidimukkala,SahilJalan
PiyushJalan,SahilJalan
RishitaDas,SahilJalan
deepikabajaj,SahilJalan
MeghanaReddy,SahilJalan
AkshayChalikwar,SahilJalan
venugopalnaik,SahilJalan
CGarg,SahilJalan
soumyaP,SahilJalan
ArnabMahanty,SahilJalan
NadeemAnjum1,SahilJalan
RavikiranMaddali,SahilJalan
NandithaUppada,SahilJalan
AakashSaxena,SahilJalan
GopinathSoren,SahilJalan
NikhilAggarwal,SahilJalan
AnkitaDas6,SahilJalan
AkankshaAgrawal,SahilJalan
ShoaibArif,NilanjanaBhattacharya
DeepitPurkayastha,NilanjanaBhattacharya
AnimeshChoudhary,NilanjanaBhattacharya
phamhung,NilanjanaBhattacharya
VishalGupta,NilanjanaBhattacharya
SubhenduBhowal,NilanjanaBhattacharya
AyushUpadhyay,NilanjanaBhattacharya
RaviKiran,NilanjanaBhattacharya
AakritiJain,NilanjanaBhattacharya
PPachori,NilanjanaBhattacharya
UmeshU,NilanjanaBhattacharya
AditiSinha10,NilanjanaBhattacharya
MallikarjunKarra,NilanjanaBhattacharya
JainAniruddh,NilanjanaBhattacharya
AkankshaShrivastava,NilanjanaBhattacharya
SiddharthBala,NilanjanaBhattacharya
SarthakHanda,NilanjanaBhattacharya
SumitMohanty,NilanjanaBhattacharya
HarikaNelli,NilanjanaBhattacharya
PujaGorai,NilanjanaBhattacharya
GauravRathi,NilanjanaBhattacharya
ShreyGoyal,NilanjanaBhattacharya
AditiGupta,NilanjanaBhattacharya
KiranReddy31,NilanjanaBhattacharya
MayurRastogi,NilanjanaBhattacharya
RutujaChhajed,NilanjanaBhattacharya
AyushGoel,NilanjanaBhattacharya
DivyaSappa,NilanjanaBhattacharya
SwastikSingh,NilanjanaBhattacharya
SachinSharma,NilanjanaBhattacharya
SayantanSarkar,NilanjanaBhattacharya
ArijitMondal,NilanjanaBhattacharya
AdrijaDas,NilanjanaBhattacharya
MadhurimaKumar,NilanjanaBhattacharya
ArushiPratap,NilanjanaBhattacharya
ShreyasiPathak,NilanjanaBhattacharya
NikhilKhaitan,NilanjanaBhattacharya
AashayArora,NilanjanaBhattacharya
RounakGulati,NilanjanaBhattacharya
RonyPatra,NilanjanaBhattacharya
SiddharthHembrom,NilanjanaBhattacharya
LayakSingh,NilanjanaBhattacharya
AaronMendonca,NilanjanaBhattacharya
monalisasethi,NilanjanaBhattacharya
parinayjain,NilanjanaBhattacharya
AarshPande,NilanjanaBhattacharya
ChilukapavanKumar,NilanjanaBhattacharya
MohitChaukikar,NilanjanaBhattacharya
TejalKamble,NilanjanaBhattacharya
PriyankaRaju,NilanjanaBhattacharya
ManvithaJanagam,NilanjanaBhattacharya
RachitKothari,NilanjanaBhattacharya
GayatriKumari,NilanjanaBhattacharya
UjjwalRaghuvanshi,NilanjanaBhattacharya
AkshataMohanty,NilanjanaBhattacharya
DebadritaDas,NilanjanaBhattacharya
deepikabajaj,NilanjanaBhattacharya
MeghanaReddy,NilanjanaBhattacharya
AkshayChalikwar,NilanjanaBhattacharya
BShree,NilanjanaBhattacharya
DeepitPurkayastha,PKaushal
PrayagBiswal,PKaushal
MruthyunjayaRaoPadamata,PKaushal
Subhendupanigrahi,PKaushal
AnimeshChoudhary,PKaushal
SubhenduBhowal,PKaushal
NipunSaxena,PKaushal
RaviKiran,PKaushal
PPachori,PKaushal
SomnathMeher,PKaushal
ArnavKumar,PKaushal
PiyushMayank,PKaushal
RakeshSarangi,PKaushal
SiddharthSharad,PKaushal
PujaGorai,PKaushal
ShreyGoyal,PKaushal
RaviKumar,PKaushal
KiranReddy31,PKaushal
SahilJalan,PKaushal
DivyaSappa,PKaushal
SwastikSingh,PKaushal
AnandAbhishek2,PKaushal
SachinSharma,PKaushal
SayantanSarkar,PKaushal
NilayBang,PKaushal
AdrijaDas,PKaushal
HimenDoley,PKaushal
RiteshJindal,PKaushal
ArushiPratap,PKaushal
KaustubhKashyap,PKaushal
NeeleshShekhar,PKaushal
ABHISHEKRAJ,PKaushal
ASingla,PKaushal
RounakGulati,PKaushal
VijayDevarapalli,PKaushal
SiddharthaSingh3,PKaushal
AjayKumarYadav,PKaushal
BhargavaExcalibur,PKaushal
LayakSingh,PKaushal
KrishnanUnni,PKaushal
MohitChaukikar,PKaushal
DSharma,PKaushal
AadityaRaut,PKaushal
ManojKumarSingh12,PKaushal
SonuSharma,PKaushal
SmarakSikdar,PKaushal
SharmaShrey,PKaushal
AnishShenoy,PKaushal
ArunTankha,PKaushal
ShilpaSinha,PKaushal
ManonitaDas,PKaushal
SreeSudha1,PKaushal
SnehaChilivery,PKaushal
SumanRajat,PKaushal
AninditaGandhi,PKaushal
rahuldeora,PKaushal
MrugankBhatt,PKaushal
AmitBhojane,PKaushal
AnuragBhatia,PKaushal
AbhishekChourasiya,PKaushal
DeepitPurkayastha,NeeleshShekhar
mathiiit,NeeleshShekhar
ManishYadav,NeeleshShekhar
PrayagBiswal,NeeleshShekhar
GauravBansal,NeeleshShekhar
TAhmed,NeeleshShekhar
ApoorvJain,NeeleshShekhar
MruthyunjayaRaoPadamata,NeeleshShekhar
gauravdahake,NeeleshShekhar
AnimeshChoudhary,NeeleshShekhar
AyushUpadhyay,NeeleshShekhar
AchillesSaxby,NeeleshShekhar
AurkoChatterjee,NeeleshShekhar
SubhomoyBakshi,NeeleshShekhar
PPachori,NeeleshShekhar
AnanthRajan,NeeleshShekhar
RakeshSarangi,NeeleshShekhar
SiddharthBala,NeeleshShekhar
SumitMohanty,NeeleshShekhar
GauravRathi,NeeleshShekhar
PujaGorai,NeeleshShekhar
DebasishKanhar,NeeleshShekhar
NIPUNKHEMKA,NeeleshShekhar
rupinder,NeeleshShekhar
PKaushal,NeeleshShekhar
AyushGoel,NeeleshShekhar
NishantVats,NeeleshShekhar
SayantanSarkar,NeeleshShekhar
AditiDwivedi1,NeeleshShekhar
NilayBang,NeeleshShekhar
AbhishekChandwani,NeeleshShekhar
SouradeepPaul,NeeleshShekhar
KaustubhKashyap,NeeleshShekhar
TriyanshaVijay,NeeleshShekhar
NikhilKhaitan,NeeleshShekhar
AashayArora,NeeleshShekhar
AKannamwar,NeeleshShekhar
ASingla,NeeleshShekhar
RounakGulati,NeeleshShekhar
RahulGaikwad,NeeleshShekhar
RaunakMukherjee,NeeleshShekhar
BhargavaExcalibur,NeeleshShekhar
JainAbhas,NeeleshShekhar
arijitmukherjee,NeeleshShekhar
AaronMendonca,NeeleshShekhar
parinayjain,NeeleshShekhar
AarshPande,NeeleshShekhar
RajaAmbrish,NeeleshShekhar
PratikSahoo,NeeleshShekhar
SonuSharma,NeeleshShekhar
KaushikMahato,NeeleshShekhar
UjjwalRaghuvanshi,NeeleshShekhar
SmarakSikdar,NeeleshShekhar
ArunTankha,NeeleshShekhar
SaurabhAgarwal,NeeleshShekhar
venugopalnaik,NeeleshShekhar
rahuldeora,NeeleshShekhar
ShishirKumar1,NeeleshShekhar
BismayaSahoo,NeeleshShekhar
RavikiranMaddali,NeeleshShekhar
DeepitPurkayastha,AashayArora
GauravBansal,AashayArora
AnimeshChoudhary,AashayArora
VishalGupta,AashayArora
AyushUpadhyay,AashayArora
AakritiJain,AashayArora
UmeshU,AashayArora
MallikarjunKarra,AashayArora
AkankshaShrivastava,AashayArora
GauravRathi,AashayArora
AditiGupta,AashayArora
MayurRastogi,AashayArora
KiranReddy31,AashayArora
rupinder,AashayArora
NilanjanaBhattacharya,AashayArora
DivyaSappa,AashayArora
SwastikSingh,AashayArora
NishantVats,AashayArora
SachinSharma,AashayArora
SayantanSarkar,AashayArora
MadhurimaKumar,AashayArora
ArushiPratap,AashayArora
RiteshJindal,AashayArora
KaustubhKashyap,AashayArora
NeeleshShekhar,AashayArora
NikhilKhaitan,AashayArora
AKannamwar,AashayArora
ASingla,AashayArora
deepshah1991,AashayArora
arijitmukherjee,AashayArora
arijitmukherjee,AashayArora
AaronMendonca,AashayArora
ArjunWadhawan,AashayArora
KrishnanUnni,AashayArora
MohitChaukikar,AashayArora
TejalKamble,AashayArora
RachitKothari,AashayArora
SmarakSikdar,AashayArora
JayanPrajapati,AashayArora
AparajitaNath,AashayArora
DebadritaDas,AashayArora
AkshayChalikwar,AashayArora
SnehaChilivery,AashayArora
NishchayKala,AashayArora
SnehaSingh,AashayArora
BismayaSahoo,AashayArora
AbhishekChourasiya,AashayArora
KumarAshwin,AashayArora
NandithaUppada,AashayArora
KamalenduGhosh,AashayArora
VivekKumar30,AashayArora
AakashBhowmick,AashayArora
MeenaUppaluri,AashayArora
PradeepRathore,AashayArora
AakashSaxena,AashayArora
AkankshaAgrawal,AashayArora
TanayNigam,AashayArora
PraveenDas,AashayArora
SS,AashayArora
MilindTahalani,AashayArora
ManishYadav,RounakGulati
SiddharthVishwanath,RounakGulati
gauravdahake,RounakGulati
PiyushMayank,RounakGulati
SumeetKaur,RounakGulati
SiddharthBala,RounakGulati
DebasishKanhar,RounakGulati
NIPUNKHEMKA,RounakGulati
NilanjanaBhattacharya,RounakGulati
PKaushal,RounakGulati
NishantVats,RounakGulati
NilayBang,RounakGulati
KaustubhKashyap,RounakGulati
NeeleshShekhar,RounakGulati
AKannamwar,RounakGulati
VisheshSaxena,RounakGulati
ManishKumar390,RounakGulati
MradulYadav,RounakGulati
JainAbhas,RounakGulati
MaheshKS,RounakGulati
RajaAmbrish,RounakGulati
KunalGupta,RounakGulati
PratikSahoo,RounakGulati
GayatriKumari,RounakGulati
AmandeepChanyal,RounakGulati
ManavGarg,RounakGulati
AbhisekDatta,RounakGulati
SaurabhAgarwal,RounakGulati
SreeSudha1,RounakGulati
MeghanaReddy,RounakGulati
BShree,RounakGulati
CGarg,RounakGulati
SanyaChawla,RounakGulati
AninditaGandhi,RounakGulati
NadeemAnjum1,RounakGulati
AbhishekChourasiya,RounakGulati
AJain,RounakGulati
kishorekommi,RounakGulati
RoopamAttree,RounakGulati
AnkitaDas6,RounakGulati
VasudhaSharma,RounakGulati
BiswarupGhosh,RounakGulati
AbhishekKapoor,RounakGulati
KSaiRam,RounakGulati
NehalSiroya,RounakGulati
ArpitaReddy,RounakGulati
MilindTahalani,RounakGulati
RohitShah2,RounakGulati
KalyaniNimbalkar,RounakGulati
PratyushPanjwani,RounakGulati
SundarKumarJvs,RounakGulati
RaunakChitlangia,RounakGulati
SahuSaurav,RounakGulati
SrikarSettur,RounakGulati
RajRohit,RounakGulati
VARUNMISHRA,RounakGulati
AnuragNarula,RounakGulati
RakeshRoshanBehera,RounakGulati
SiddharthRath,RounakGulati
AnirudhSurendran,RounakGulati
MOHDZAMANIAHMAD,VisheshSaxena
MartinBerka,VisheshSaxena
gauravdahake,VisheshSaxena
RaviKiran,VisheshSaxena
ArnavKumar,VisheshSaxena
AbhishekBhardwaj,VisheshSaxena
ShreyGoyal,VisheshSaxena
PinakiGhosh,VisheshSaxena
SwastikSingh,VisheshSaxena
PrateekGupta,VisheshSaxena
ABHISHEKRAJ,VisheshSaxena
AKannamwar,VisheshSaxena
RounakGulati,VisheshSaxena
RahulGaikwad,VisheshSaxena
AjayKumarYadav,VisheshSaxena
KalyanBhattacharjee,VisheshSaxena
ManishKumar390,VisheshSaxena
BhargavaExcalibur,VisheshSaxena
SiddharthHembrom,VisheshSaxena
LayakSingh,VisheshSaxena
RahulDey,VisheshSaxena
ChilukapavanKumar,VisheshSaxena
MaheshKS,VisheshSaxena
DSharma,VisheshSaxena
ManvithaJanagam,VisheshSaxena
ShubhanshuMishra,VisheshSaxena
TharunVVijayan,VisheshSaxena
AnishShenoy,VisheshSaxena
ArunTankha,VisheshSaxena
SaurabhAgarwal,VisheshSaxena
AnurupDatta,VisheshSaxena
AkshayChalikwar,VisheshSaxena
SnehaChilivery,VisheshSaxena
AJain,VisheshSaxena
AbhishekChourasiya,VisheshSaxena
RoopamAttree,VisheshSaxena
SejalChauhanChauhan,VisheshSaxena
KamalenduGhosh,VisheshSaxena
soumenkoley,VisheshSaxena
AbhishekKumar,VisheshSaxena
AbhishekKapoor,VisheshSaxena
KSaiRam,VisheshSaxena
VivekMishra,VisheshSaxena
NAYANGUPTA,VisheshSaxena
MeijJournal,VisheshSaxena
SukumarMdv,VisheshSaxena
SayonDutta,VisheshSaxena
RajatPareek1,VisheshSaxena
PrahladRayapu,VisheshSaxena
SShekhar,VisheshSaxena
Kinshuk,VisheshSaxena
SaahilParekh,VisheshSaxena
AnoopSubramanian,VisheshSaxena
chaitanyacsv,VisheshSaxena
VaibhavSrivastava,VisheshSaxena
UjjwalKumar,VisheshSaxena
SalilAbdulRazak,VisheshSaxena
VARUNMISHRA,VisheshSaxena
AnuragNarula,VisheshSaxena
sulagnaghosh,VisheshSaxena
PrayagBiswal,ManishKumar390
ApoorvJain,ManishKumar390
MruthyunjayaRaoPadamata,ManishKumar390
gauravdahake,ManishKumar390
AnimeshChoudhary,ManishKumar390
PPachori,ManishKumar390
ArnavKumar,ManishKumar390
PujaGorai,ManishKumar390
RaviKumar,ManishKumar390
NIPUNKHEMKA,ManishKumar390
DebasishKanhar,ManishKumar390
AnandAbhishek2,ManishKumar390
AbhishekChandwani,ManishKumar390
PankajMandal,ManishKumar390
ABHISHEKRAJ,ManishKumar390
RounakGulati,ManishKumar390
VijayDevarapalli,ManishKumar390
VisheshSaxena,ManishKumar390
BhargavaExcalibur,ManishKumar390
MaheshKS,ManishKumar390
SonuSharma,ManishKumar390
ShilpaSinha,ManishKumar390
AparajitaNath,ManishKumar390
SaurabhAgarwal,ManishKumar390
VelpuriBhargava,ManishKumar390
ManonitaDas,ManishKumar390
CGarg,ManishKumar390
amolsawant,ManishKumar390
ShishirKumar1,ManishKumar390
drreddy,ManishKumar390
NadeemAnjum1,ManishKumar390
AbhishekChourasiya,ManishKumar390
AJain,ManishKumar390
kishorekommi,ManishKumar390
AnkitaDas6,ManishKumar390
GopinathSoren,ManishKumar390
KSaiRam,ManishKumar390
AbhishekKapoor,ManishKumar390
VinayDegavath,ManishKumar390
KalyaniNimbalkar,ManishKumar390
PrateekKishore,ManishKumar390
SrikarSettur,ManishKumar390
VaibhavSrivastava,ManishKumar390
AmbujTiwari,ManishKumar390
VARUNMISHRA,ManishKumar390
PushpamBhardwaj,ManishKumar390
sulagnaghosh,ManishKumar390
SiddharthRath,ManishKumar390
DwaipayanPradhan,ManishKumar390
AnirudhSurendran,ManishKumar390
SanjayMeena,ManishKumar390
RajPatel75,ManishKumar390
KeshavRatan,ManishKumar390
PraveenKavuri,ManishKumar390
ShoaibShariff,ManishKumar390
SuryaPrakash76,ManishKumar390
ChandrakantChanchal,ManishKumar390
AgrawalHritika,ManishKumar390
SiddharthaSatpathi,ManishKumar390
VishnuRajeev,ManishKumar390
DeepitPurkayastha,AkshayChalikwar
sumeetmeravi,AkshayChalikwar
PrayagBiswal,AkshayChalikwar
Subhendupanigrahi,AkshayChalikwar
AnimeshChoudhary,AkshayChalikwar
VishalGupta,AkshayChalikwar
AyushUpadhyay,AkshayChalikwar
RaviKiran,AkshayChalikwar
PPachori,AkshayChalikwar
SomnathMeher,AkshayChalikwar
UmeshU,AkshayChalikwar
ArnavKumar,AkshayChalikwar
MallikarjunKarra,AkshayChalikwar
mahakim,AkshayChalikwar
MaitreyiYellapragada,AkshayChalikwar
AkankshaShrivastava,AkshayChalikwar
HarikaNelli,AkshayChalikwar
GauravRathi,AkshayChalikwar
rupinder,AkshayChalikwar
SahilJalan,AkshayChalikwar
NilanjanaBhattacharya,AkshayChalikwar
MohammadRokib,AkshayChalikwar
AyushGoel,AkshayChalikwar
GdeDwityaAriefMetera,AkshayChalikwar
DivyaSappa,AkshayChalikwar
NishantVats,AkshayChalikwar
SwastikSingh,AkshayChalikwar
ArijitMondal,AkshayChalikwar
AdrijaDas,AkshayChalikwar
RiteshJindal,AkshayChalikwar
SouradeepPaul,AkshayChalikwar
KaustubhKashyap,AkshayChalikwar
sandeeppappula,AkshayChalikwar
NikhilKhaitan,AkshayChalikwar
AashayArora,AkshayChalikwar
VisheshSaxena,AkshayChalikwar
AaronMendonca,AkshayChalikwar
ArjunWadhawan,AkshayChalikwar
monalisasethi,AkshayChalikwar
KrishnanUnni,AkshayChalikwar
PriyankaRaju,AkshayChalikwar
ManvithaJanagam,AkshayChalikwar
SmarakSikdar,AkshayChalikwar
ApoorvaReddy,AkshayChalikwar
JayanPrajapati,AkshayChalikwar
VisheshGupta,AkshayChalikwar
ShilpaSinha,AkshayChalikwar
SharmaSharad,AkshayChalikwar
RahulMadadi,AkshayChalikwar
AkshataMohanty,AkshayChalikwar
ArnabMahanty,AkshayChalikwar
PrashantSahu,AkshayChalikwar
NiharikaTomar,AkshayChalikwar
NandithaUppada,AkshayChalikwar
HrishikeshUtpat,AkshayChalikwar
VivekKumar30,AkshayChalikwar
AmritaSukrity,AkshayChalikwar
PalkushChawla,AkshayChalikwar
AbhishekKumar,AkshayChalikwar
AkankshaAgrawal,AkshayChalikwar
DeepitPurkayastha,venugopalnaik
PrayagBiswal,venugopalnaik
MruthyunjayaRaoPadamata,venugopalnaik
TarunGehlot,venugopalnaik
AnimeshChoudhary,venugopalnaik
SubhomoyBakshi,venugopalnaik
SiddharthBala,venugopalnaik
SumitMohanty,venugopalnaik
SahilJalan,venugopalnaik
AyushGoel,venugopalnaik
AnandAbhishek2,venugopalnaik
SayantanSarkar,venugopalnaik
NilayBang,venugopalnaik
HimenDoley,venugopalnaik
SouradeepPaul,venugopalnaik
KaustubhKashyap,venugopalnaik
NeeleshShekhar,venugopalnaik
AKannamwar,venugopalnaik
ASingla,venugopalnaik
BhargavaExcalibur,venugopalnaik
AaronMendonca,venugopalnaik
ArjunWadhawan,venugopalnaik
AarshPande,venugopalnaik
DSharma,venugopalnaik
ShubhanshuMishra,venugopalnaik
SonuSharma,venugopalnaik
AmulyaPalle,venugopalnaik
UjjwalRaghuvanshi,venugopalnaik
SmarakSikdar,venugopalnaik
VisheshGupta,venugopalnaik
ArunTankha,venugopalnaik
PraneelJain,venugopalnaik
SaurabhAgarwal,venugopalnaik
SreeSudha1,venugopalnaik
MeghanaReddy,venugopalnaik
CGarg,venugopalnaik
TarunKumar,venugopalnaik
MananMehta7,venugopalnaik
BismayaSahoo,venugopalnaik
NadeemAnjum1,venugopalnaik
RoopamAttree,venugopalnaik
srivatsakandukuri,venugopalnaik
VivekKumar30,venugopalnaik
GopinathSoren,venugopalnaik
AnirbanMajumdar,venugopalnaik
KSaiRam,venugopalnaik
NehalSiroya,venugopalnaik
ArpitaReddy,venugopalnaik
AnshulSingh2,venugopalnaik
SrinivasNuti,venugopalnaik
VamseeSundar,venugopalnaik
ShankarBhukya,venugopalnaik
AmbujTiwari,venugopalnaik
Jesshu22,venugopalnaik
PAgrawal,venugopalnaik
RushabhSanghvi,venugopalnaik
PrashantJha1,venugopalnaik
GunthakantiShivaReddy,venugopalnaik
SiddharthRath,venugopalnaik
SahilLohade,venugopalnaik
AnthonyMelvinCrastoPhD,AJain
sumeetmeravi,AJain
PrayagBiswal,AJain
AmitDatta,AJain
GeorgeKhoury,AJain
devanshubhimwal,AJain
ArnavKumar,AJain
PiyushMayank,AJain
vikashagarwal,AJain
SwastikSingh,AJain
ArijitMondal,AJain
PrateekGupta,AJain
KaustubhKashyap,AJain
NeeleshShekhar,AJain
ABHISHEKRAJ,AJain
RounakGulati,AJain
VijayDevarapalli,AJain
VisheshSaxena,AJain
AjayKumarYadav,AJain
ManishKumar390,AJain
LayakSingh,AJain
arijitmukherjee,AJain
ChilukapavanKumar,AJain
MaheshKS,AJain
TejalKamble,AJain
ShubhanshuMishra,AJain
AmitKankani,AJain
AmandeepChanyal,AJain
SaurabhAgarwal,AJain
ManonitaDas,AJain
AnurupDatta,AJain
KrishnayanHaldar,AJain
TanmoySanyal,AJain
AbhishekKumar,AJain
AbhishekKapoor,AJain
KSaiRam,AJain
NAYANGUPTA,AJain
ShyamMurmu,AJain
VarunBedi,AJain
srinivasaadityapatimalla,AJain
shaileshsingh,AJain
PrahladRayapu,AJain
rishimehan,AJain
AbhishekJaiswal2,AJain
AnoopSubramanian,AJain
SrikanthNayak,AJain
VaibhavSrivastava,AJain
VARUNMISHRA,AJain
AnuragNarula,AJain
AbhinaySali,AJain
DwaipayanPradhan,AJain
ApurvJain,AJain
AnirudhSurendran,AJain
RajPatel75,AJain
KeshavRatan,AJain
RajatSen,AJain
ChandrakantChanchal,AJain
NikeshAryan,AJain
SushilPatro,AJain
raminiramakanth,AJain
DeepitPurkayastha,AbhishekChourasiya
ApoorvJain,AbhishekChourasiya
MruthyunjayaRaoPadamata,AbhishekChourasiya
gauravdahake,AbhishekChourasiya
AnimeshChoudhary,AbhishekChourasiya
AchillesSaxby,AbhishekChourasiya
PPachori,AbhishekChourasiya
ArnavKumar,AbhishekChourasiya
RakeshSarangi,AbhishekChourasiya
GauravRathi,AbhishekChourasiya
rupinder,AbhishekChourasiya
NilanjanaBhattacharya,AbhishekChourasiya
PKaushal,AbhishekChourasiya
SwastikSingh,AbhishekChourasiya
RahatAnindo,AbhishekChourasiya
RiteshJindal,AbhishekChourasiya
KaustubhKashyap,AbhishekChourasiya
NikhilKhaitan,AbhishekChourasiya
AashayArora,AbhishekChourasiya
ABHISHEKRAJ,AbhishekChourasiya
ASingla,AbhishekChourasiya
RounakGulati,AbhishekChourasiya
RahulGaikwad,AbhishekChourasiya
VisheshSaxena,AbhishekChourasiya
AjayKumarYadav,AbhishekChourasiya
ManishKumar390,AbhishekChourasiya
ChilukapavanKumar,AbhishekChourasiya
MaheshKS,AbhishekChourasiya
MohitChaukikar,AbhishekChourasiya
TejalKamble,AbhishekChourasiya
AmitKankani,AbhishekChourasiya
SharmaShrey,AbhishekChourasiya
AmandeepChanyal,AbhishekChourasiya
SaurabhAgarwal,AbhishekChourasiya
deepikabajaj,AbhishekChourasiya
AnshulSinghle,AbhishekChourasiya
KamalenduGhosh,AbhishekChourasiya
AlankarSaxena,AbhishekChourasiya
MeenaUppaluri,AbhishekChourasiya
AbhishekKapoor,AbhishekChourasiya
KSaiRam,AbhishekChourasiya
MilindTahalani,AbhishekChourasiya
SukumarMdv,AbhishekChourasiya
RajatPareek1,AbhishekChourasiya
ChanakyaGujju,AbhishekChourasiya
CharudattaNirmale,AbhishekChourasiya
RajeshMondal,AbhishekChourasiya
VaibhavSrivastava,AbhishekChourasiya
PushpamBhardwaj,AbhishekChourasiya
VARUNMISHRA,AbhishekChourasiya
SiddharthRath,AbhishekChourasiya
AnirudhSurendran,AbhishekChourasiya
RohanKhandelwal,AbhishekChourasiya
AdityaBarelia,AbhishekChourasiya
KeshavRatan,AbhishekChourasiya
ParameswaranS,AbhishekChourasiya
RajatSen,AbhishekChourasiya
RaviVerma22,AbhishekChourasiya
RanjanR,AbhishekChourasiya
ChandrakantChanchal,AbhishekChourasiya
DeepitPurkayastha,JayakrishnaAlwar
RogerWoodman,JayakrishnaAlwar
VictorAsanza,JayakrishnaAlwar
MruthyunjayaRaoPadamata,JayakrishnaAlwar
gauravdahake,JayakrishnaAlwar
PPachori,JayakrishnaAlwar
InternationalJournalofChaosControlModellingandSimulationIJCCMSISSN23195398Online23198990Print,JayakrishnaAlwar
DebasishKanhar,JayakrishnaAlwar
AyushGoel,JayakrishnaAlwar
SayantanSarkar,JayakrishnaAlwar
ManisitDas,JayakrishnaAlwar
PankajMandal,JayakrishnaAlwar
AjayKumarYadav,JayakrishnaAlwar
BhargavaExcalibur,JayakrishnaAlwar
PratikSahoo,JayakrishnaAlwar
RachitKothari,JayakrishnaAlwar
KaushikMahato,JayakrishnaAlwar
ArunTankha,JayakrishnaAlwar
AbhisekDatta,JayakrishnaAlwar
SiddharthMuthukumar,JayakrishnaAlwar
SaurabhAgarwal,JayakrishnaAlwar
CGarg,JayakrishnaAlwar
ShivamSharma,JayakrishnaAlwar
ShishirKumar1,JayakrishnaAlwar
BismayaSahoo,JayakrishnaAlwar
RavikiranMaddali,JayakrishnaAlwar
kishorekommi,JayakrishnaAlwar
RajeshKuppili,JayakrishnaAlwar
NehalSiroya,JayakrishnaAlwar
KSaiRam,JayakrishnaAlwar
ArpitaReddy,JayakrishnaAlwar
AnshulSingh2,JayakrishnaAlwar
PrateekKishore,JayakrishnaAlwar
VamseeSundar,JayakrishnaAlwar
RatanRahul,JayakrishnaAlwar
ShankarBhukya,JayakrishnaAlwar
AbhinavJindal,JayakrishnaAlwar
ramanareddymaddirala,JayakrishnaAlwar
Jesshu22,JayakrishnaAlwar
PujariRajkumar,JayakrishnaAlwar
PraveenKavuri,JayakrishnaAlwar
ShoaibShariff,JayakrishnaAlwar
SaiKotha,JayakrishnaAlwar
SrinivasaRaoGampa,JayakrishnaAlwar
SiddharthaSatpathi,JayakrishnaAlwar
AgrawalHritika,JayakrishnaAlwar
SushilPatro,JayakrishnaAlwar
IJESAJournal,JayakrishnaAlwar
DheerajChowdary,JayakrishnaAlwar
SaiKrishnaKanthHari,JayakrishnaAlwar
SomMadhabBhattacharya,JayakrishnaAlwar
AmitKumar905,JayakrishnaAlwar
VineelGrandhi,JayakrishnaAlwar
VarunAggarwal,JayakrishnaAlwar
ManojTutika,JayakrishnaAlwar
ShubhamGupta108,JayakrishnaAlwar
PalashVijay,JayakrishnaAlwar
KoradaAshish,JayakrishnaAlwar
PavitjotSinghMann,JayakrishnaAlwar
sriharshamadala,JayakrishnaAlwar
DeepitPurkayastha,VivekKumar30
GauravBansal,VivekKumar30
AnimeshChoudhary,VivekKumar30
IjscJournal,VivekKumar30
AurkoChatterjee,VivekKumar30
RakeshSarangi,VivekKumar30
GauravRathi,VivekKumar30
AyushGoel,VivekKumar30
SayantanSarkar,VivekKumar30
ArijitMondal,VivekKumar30
NilayBang,VivekKumar30
SouradeepPaul,VivekKumar30
KaustubhKashyap,VivekKumar30
NeeleshShekhar,VivekKumar30
AashayArora,VivekKumar30
AKannamwar,VivekKumar30
VijayDevarapalli,VivekKumar30
ArjunWadhawan,VivekKumar30
KrishnanUnni,VivekKumar30
DSharma,VivekKumar30
SonuSharma,VivekKumar30
AkshayChalikwar,VivekKumar30
venugopalnaik,VivekKumar30
MrugankBhatt,VivekKumar30
BismayaSahoo,VivekKumar30
srivatsakandukuri,VivekKumar30
AnkitKumarNandanwar,VivekKumar30
NehalSiroya,VivekKumar30
AnshulSingh2,VivekKumar30
AnantAgarwal7,VivekKumar30
AbhishekArijit,VivekKumar30
AmbujTiwari,VivekKumar30
PAgrawal,VivekKumar30
PrashantJha1,VivekKumar30
RAVIMALANI,VivekKumar30
IjcseaJournal,VivekKumar30
SanjayMeena,VivekKumar30
RahulJhawar,VivekKumar30
VibhorAggarwal,VivekKumar30
SushilPatro,VivekKumar30
FrewMichelle,VivekKumar30
SomasishGhosh,VivekKumar30
YashneeilSingh,VivekKumar30
MohitJhalani,VivekKumar30
SaiKrishnaKanthHari,VivekKumar30
souryadey,VivekKumar30
ShashankStifler,VivekKumar30
RishabhPatel,VivekKumar30
AkshaySingh,VivekKumar30
ShashiPrakash,VivekKumar30
KrunalKalbende,VivekKumar30
DeepnathMajumder,VivekKumar30
abhilashvalle,VivekKumar30
manojshinde,VivekKumar30
RajanBuha,VivekKumar30
ShailendraRajora,VivekKumar30
EliasShaik,VivekKumar30
Manvendra_Singh,VivekKumar30
VarunTriphaty,VivekKumar30
AmarOsho,VivekKumar30
DeepitPurkayastha,AnkitKumarNandanwar
ApoorvJain,AnkitKumarNandanwar
AnimeshChoudhary,AnkitKumarNandanwar
AyushUpadhyay,AnkitKumarNandanwar
AurkoChatterjee,AnkitKumarNandanwar
SramanaMitra,AnkitKumarNandanwar
ArnavKumar,AnkitKumarNandanwar
RakeshSarangi,AnkitKumarNandanwar
PujaGorai,AnkitKumarNandanwar
AbhishekBhardwaj,AnkitKumarNandanwar
NIPUNKHEMKA,AnkitKumarNandanwar
DebasishKanhar,AnkitKumarNandanwar
vikashagarwal,AnkitKumarNandanwar
AyushGoel,AnkitKumarNandanwar
NishantVats,AnkitKumarNandanwar
SachinSharma,AnkitKumarNandanwar
AnandAbhishek2,AnkitKumarNandanwar
SayantanSarkar,AnkitKumarNandanwar
NilayBang,AnkitKumarNandanwar
AbhishekChandwani,AnkitKumarNandanwar
SouradeepPaul,AnkitKumarNandanwar
KaustubhKashyap,AnkitKumarNandanwar
NeeleshShekhar,AnkitKumarNandanwar
AKannamwar,AnkitKumarNandanwar
VijayDevarapalli,AnkitKumarNandanwar
RaunakMukherjee,AnkitKumarNandanwar
AjayKumarYadav,AnkitKumarNandanwar
ArjunWadhawan,AnkitKumarNandanwar
MohitChaukikar,AnkitKumarNandanwar
AadityaRaut,AnkitKumarNandanwar
ManojKumarSingh12,AnkitKumarNandanwar
SonuSharma,AnkitKumarNandanwar
UjjwalRaghuvanshi,AnkitKumarNandanwar
SmarakSikdar,AnkitKumarNandanwar
SharmaShrey,AnkitKumarNandanwar
ArunTankha,AnkitKumarNandanwar
PraneelJain,AnkitKumarNandanwar
CGarg,AnkitKumarNandanwar
GokulRamanathan,AnkitKumarNandanwar
amolsawant,AnkitKumarNandanwar
AninditaGandhi,AnkitKumarNandanwar
MrugankBhatt,AnkitKumarNandanwar
SandeshMareddy,AnkitKumarNandanwar
RavikiranMaddali,AnkitKumarNandanwar
RoopamAttree,AnkitKumarNandanwar
srivatsakandukuri,AnkitKumarNandanwar
VivekKumar30,AnkitKumarNandanwar
NehalSiroya,AnkitKumarNandanwar
VireshKumar,AnkitKumarNandanwar
TarunSinghal,AnkitKumarNandanwar
RohitShah2,AnkitKumarNandanwar
ChanakyaGujju,AnkitKumarNandanwar
PrateekKishore,AnkitKumarNandanwar
JAVEDALAM,AnkitKumarNandanwar
SahuSaurav,AnkitKumarNandanwar
SaahilParekh,AnkitKumarNandanwar
VipulJain,AnkitKumarNandanwar
VamseeSundar,AnkitKumarNandanwar
HarmanGill4,AnkitKumarNandanwar
AbhinavJindal,AnkitKumarNandanwar
KishanPB,SrikarSettur
PrayagBiswal,SrikarSettur
MruthyunjayaRaoPadamata,SrikarSettur
gauravdahake,SrikarSettur
ArnavKumar,SrikarSettur
SiddharthBala,SrikarSettur
PujaGorai,SrikarSettur
KiranReddy31,SrikarSettur
DebasishKanhar,SrikarSettur
PKaushal,SrikarSettur
AyushGoel,SrikarSettur
SayantanSarkar,SrikarSettur
NilayBang,SrikarSettur
NeeleshShekhar,SrikarSettur
AKannamwar,SrikarSettur
ASingla,SrikarSettur
RounakGulati,SrikarSettur
VisheshSaxena,SrikarSettur
ManishKumar390,SrikarSettur
BhargavaExcalibur,SrikarSettur
ChilukapavanKumar,SrikarSettur
MaheshKS,SrikarSettur
MohitChaukikar,SrikarSettur
DSharma,SrikarSettur
PratikSahoo,SrikarSettur
SmarakSikdar,SrikarSettur
ArunTankha,SrikarSettur
AbhisekDatta,SrikarSettur
SaurabhAgarwal,SrikarSettur
SreeSudha1,SrikarSettur
SreeSudha1,SrikarSettur
SnehaChilivery,SrikarSettur
venugopalnaik,SrikarSettur
CGarg,SrikarSettur
MrugankBhatt,SrikarSettur
drreddy,SrikarSettur
NadeemAnjum1,SrikarSettur
AJain,SrikarSettur
AbhishekChourasiya,SrikarSettur
NandithaUppada,SrikarSettur
kishorekommi,SrikarSettur
srivatsakandukuri,SrikarSettur
JayakrishnaAlwar,SrikarSettur
VivekKumar30,SrikarSettur
AmritaSukrity,SrikarSettur
GopinathSoren,SrikarSettur
AkankshaAgrawal,SrikarSettur
NehalSiroya,SrikarSettur
KSaiRam,SrikarSettur
KalyanKanigalpula,SrikarSettur
VipulJain,SrikarSettur
ShankarBhukya,SrikarSettur
RatanRahul,SrikarSettur
Jesshu22,SrikarSettur
RushabhSanghvi,SrikarSettur
PAgrawal,SrikarSettur
AnuragNarula,SrikarSettur
PrashantJha1,SrikarSettur
DwaipayanPradhan,SrikarSettur
KeshavRatan,SrikarSettur
Subhendupanigrahi,KeshavRatan
AnimeshChoudhary,KeshavRatan
AyushUpadhyay,KeshavRatan
PPachori,KeshavRatan
ArnavKumar,KeshavRatan
PiyushMayank,KeshavRatan
MallikarjunKarra,KeshavRatan
RakeshSarangi,KeshavRatan
rupinder,KeshavRatan
SachinSharma,KeshavRatan
SayantanSarkar,KeshavRatan
ArushiPratap,KeshavRatan
NikhilKhaitan,KeshavRatan
ASingla,KeshavRatan
RounakGulati,KeshavRatan
VisheshSaxena,KeshavRatan
AjayKumarYadav,KeshavRatan
ManishKumar390,KeshavRatan
ArjunWadhawan,KeshavRatan
MaheshKS,KeshavRatan
AmitKankani,KeshavRatan
KaushikMahato,KeshavRatan
AmandeepChanyal,KeshavRatan
ShishirKumar1,KeshavRatan
AJain,KeshavRatan
AbhishekChourasiya,KeshavRatan
KamalenduGhosh,KeshavRatan
AnirbanMajumdar,KeshavRatan
AnkitKumarNandanwar,KeshavRatan
AbhishekKapoor,KeshavRatan
KSaiRam,KeshavRatan
NAYANGUPTA,KeshavRatan
SharatShekhar,KeshavRatan
JAVEDALAM,KeshavRatan
AnoopSubramanian,KeshavRatan
VaibhavSrivastava,KeshavRatan
VARUNMISHRA,KeshavRatan
Jesshu22,KeshavRatan
AnuragNarula,KeshavRatan
ApurvJain,KeshavRatan
AnirudhSurendran,KeshavRatan
DwaipayanPradhan,KeshavRatan
RajatSen,KeshavRatan
SaiRam,KeshavRatan
SushilPatro,KeshavRatan
SaiKrishnaKanthHari,KeshavRatan
SumitJoshi,KeshavRatan
MayankParasar,KeshavRatan
MainakMustafi,KeshavRatan
SauravKarn,KeshavRatan
ChaitanyaBayanwala,KeshavRatan
NamanNishesh,KeshavRatan
DeepankarPal,KeshavRatan
sumanmondal,KeshavRatan
UtkarshChanchlani,KeshavRatan
deepakjha,KeshavRatan
PranayLohia,KeshavRatan
VedavidhBudimuri,KeshavRatan
GopalKrishna,KeshavRatan
SaiAnvesh,KeshavRatan
sumeetmeravi,SushilPatro
PrayagBiswal,SushilPatro
AnimeshChoudhary,SushilPatro
AyushUpadhyay,SushilPatro
AkankshaShrivastava,SushilPatro
SiddharthBala,SushilPatro
SumitMohanty,SushilPatro
NIPUNKHEMKA,SushilPatro
DebasishKanhar,SushilPatro
SahilJalan,SushilPatro
NilanjanaBhattacharya,SushilPatro
AyushGoel,SushilPatro
SaheliDe1,SushilPatro
AbhishekChandwani,SushilPatro
PankajMandal,SushilPatro
RounakGulati,SushilPatro
ManishKumar390,SushilPatro
ChilukapavanKumar,SushilPatro
MaheshKS,SushilPatro
PratikSahoo,SushilPatro
ManvithaJanagam,SushilPatro
RachitKothari,SushilPatro
ApoorvaReddy,SushilPatro
AmandeepChanyal,SushilPatro
AbhisekDatta,SushilPatro
SaurabhAgarwal,SushilPatro
MeghanaReddy,SushilPatro
RishitaDas,SushilPatro
CGarg,SushilPatro
ShivangiSahu,SushilPatro
BismayaSahoo,SushilPatro
RavikiranMaddali,SushilPatro
NadeemAnjum1,SushilPatro
AJain,SushilPatro
AbhishekChourasiya,SushilPatro
RoopamAttree,SushilPatro
SahuAbhipsa,SushilPatro
JayakrishnaAlwar,SushilPatro
VivekKumar30,SushilPatro
GopinathSoren,SushilPatro
AmrutanshuDash,SushilPatro
BiswarupGhosh,SushilPatro
AbhishekKapoor,SushilPatro
NehalSiroya,SushilPatro
AnshulSingh2,SushilPatro
RohitShah2,SushilPatro
AnjithGeorge,SushilPatro
RayapureddyveeravenkataramalakshmiNarayanarao,SushilPatro
RushabhSanghvi,SushilPatro
RakeshRoshanBehera,SushilPatro
SiddharthRath,SushilPatro
DwaipayanPradhan,SushilPatro
AnirudhSurendran,SushilPatro
AdityaBarelia,SushilPatro
KeshavRatan,SushilPatro
RakeshGeorgian,SushilPatro
SudattaMohanty,SushilPatro
VaibhavMissing,SushilPatro
SomasishGhosh,SushilPatro
SaiKrishnaKanthHari,SushilPatro
PrayagBiswal,SomasishGhosh
ApoorvJain,SomasishGhosh
PrasanthAbraham,SomasishGhosh
MruthyunjayaRaoPadamata,SomasishGhosh
AurkoChatterjee,SomasishGhosh
SumitMohanty,SomasishGhosh
PrateekVijayavargia,SomasishGhosh
AlakanandaSen,SomasishGhosh
ManisitDas,SomasishGhosh
SudiptoMitra,SomasishGhosh
RaunakMukherjee,SomasishGhosh
ArunJain,SomasishGhosh
RahulShinde1,SomasishGhosh
AnishShenoy,SomasishGhosh
ArunTankha,SomasishGhosh
AvinashMudaliar,SomasishGhosh
NavadeepPodapati,SomasishGhosh
KhushbooYadav,SomasishGhosh
AninditaGandhi,SomasishGhosh
drreddy,SomasishGhosh
VivekKumar30,SomasishGhosh
AakashBhowmick,SomasishGhosh
PalkushChawla,SomasishGhosh
AnkitaDas6,SomasishGhosh
MilindTahalani,SomasishGhosh
AnantAgarwal7,SomasishGhosh
SampathSatti,SomasishGhosh
InternationalJournalofKinesiologyandSportsScienceIJKSS,SomasishGhosh
RajatPareek1,SomasishGhosh
DilipParmar,SomasishGhosh
MeetGandhi,SomasishGhosh
RAVIMALANI,SomasishGhosh
SiddharthRath,SomasishGhosh
SravanReddy2,SomasishGhosh
ParameswaranS,SomasishGhosh
AmaraYaswanth,SomasishGhosh
SushilPatro,SomasishGhosh
AmanGoel,SomasishGhosh
DheerajChowdary,SomasishGhosh
SambitDebnath,SomasishGhosh
SaiKrishnaKanthHari,SomasishGhosh
MulaRam,SomasishGhosh
SomMadhabBhattacharya,SomasishGhosh
PradeepCSurendran,SomasishGhosh
ShashiPrakash,SomasishGhosh
ItzNareshVenkat,SomasishGhosh
SurajMenon,SomasishGhosh
MitraKaushik,SomasishGhosh
SiddharthSheth,SomasishGhosh
PrajjavalSingh,SomasishGhosh
AnshulJain,SomasishGhosh
MandalSwarnendu,SomasishGhosh
GlkPrasanth,SomasishGhosh
SaranshGaur,SomasishGhosh
DebmalyaSinha,SomasishGhosh
AnkitJhille,SomasishGhosh
AadityaRaman,SomasishGhosh
AvinashSappidi,SomasishGhosh
ManichandraVaddepalli,SomasishGhosh
DebnathMaji,SomasishGhosh
SubhomoyBakshi,VirinchiChilukuri
NavadeepPodapati,VirinchiChilukuri
RishitaDas,VirinchiChilukuri
venugopalnaik,VirinchiChilukuri
AshokDibbada,VirinchiChilukuri
ManikantaRaju,VirinchiChilukuri
AnantAgarwal7,VirinchiChilukuri
VennelaMiryala,VirinchiChilukuri
SrikarSettur,VirinchiChilukuri
PriyankAgrawal2,VirinchiChilukuri
AmaraYaswanth,VirinchiChilukuri
SiddharthaSatpathi,VirinchiChilukuri
SwaminathanRamabadran,VirinchiChilukuri
BharaniVlsvss,VirinchiChilukuri
VarunManthapuri,VirinchiChilukuri
SaiKrishnaKanthHari,VirinchiChilukuri
VamshiMuga,VirinchiChilukuri
ViswaVardhanPamarthi,VirinchiChilukuri
KolliparaRithwik,VirinchiChilukuri
MohitKedia,VirinchiChilukuri
AtndSaiKiran,VirinchiChilukuri
PankajKumar,VirinchiChilukuri
PraveenVelicheti,VirinchiChilukuri
AvinashThavva,VirinchiChilukuri
JawedAquib,VirinchiChilukuri
MSAi,VirinchiChilukuri
akashraj,VirinchiChilukuri
DineshGoundla,VirinchiChilukuri
CharithaReddy,VirinchiChilukuri
GlkPrasanth,VirinchiChilukuri
ArnavSaha1,VirinchiChilukuri
NallanthighalVenkataSrikanth,VirinchiChilukuri
NileshChandrakar,VirinchiChilukuri
IndukalaPagadala,VirinchiChilukuri
KishoreReddy,VirinchiChilukuri
PranavKumar,VirinchiChilukuri
NayanTeja,VirinchiChilukuri
AnishPahwa,VirinchiChilukuri
abhimanyupavuluri,VirinchiChilukuri
MohanlalBaliwal,VirinchiChilukuri
MadhurimaBanpur,VirinchiChilukuri
AmrutBawane,VirinchiChilukuri
MohanTejaKommi,VirinchiChilukuri
SahilGrover,VirinchiChilukuri
JennyMajeed,VirinchiChilukuri
RusheelClk,VirinchiChilukuri
HareeshVutla,VirinchiChilukuri
AnirbanSantara,VirinchiChilukuri
HimadeepReddy,VirinchiChilukuri
VaibhavMishra,VirinchiChilukuri
DosapatiKarthik,VirinchiChilukuri
balajimada,VirinchiChilukuri
SnsKumar,VirinchiChilukuri
aaag,VirinchiChilukuri
KushalYarlagadda,VirinchiChilukuri
ChaitanyaChandra,VirinchiChilukuri
SakethRambhatla,VirinchiChilukuri
ManikantaHanish,VirinchiChilukuri
ShivaniJain,VirinchiChilukuri
AKHILSAKILE,VirinchiChilukuri
GauravBansal,ShashankStifler
AnimeshChoudhary,ShashankStifler
AurkoChatterjee,ShashankStifler
AditiSinha10,ShashankStifler
SiddharthBala,ShashankStifler
PujaGorai,ShashankStifler
GauravRathi,ShashankStifler
KiranReddy31,ShashankStifler
PKaushal,ShashankStifler
AyushGoel,ShashankStifler
SayantanSarkar,ShashankStifler
NilayBang,ShashankStifler
AbhishekChandwani,ShashankStifler
SouradeepPaul,ShashankStifler
NeeleshShekhar,ShashankStifler
NikhilKhaitan,ShashankStifler
AKannamwar,ShashankStifler
ASingla,ShashankStifler
ArjunWadhawan,ShashankStifler
ChilukapavanKumar,ShashankStifler
MohitChaukikar,ShashankStifler
DSharma,ShashankStifler
PratikSahoo,ShashankStifler
SonuSharma,ShashankStifler
SmarakSikdar,ShashankStifler
UjjwalRaghuvanshi,ShashankStifler
PraneelJain,ShashankStifler
DebadritaDas,ShashankStifler
ShishirKumar1,ShashankStifler
NadeemAnjum1,ShashankStifler
SatyanandVishwakarma,ShashankStifler
srivatsakandukuri,ShashankStifler
VivekKumar30,ShashankStifler
AnirbanMajumdar,ShashankStifler
AnkitKumarNandanwar,ShashankStifler
GeetanjaliYadav,ShashankStifler
PrateekKishore,ShashankStifler
JAVEDALAM,ShashankStifler
AmbujTiwari,ShashankStifler
PAgrawal,ShashankStifler
RushabhSanghvi,ShashankStifler
PrashantJha1,ShashankStifler
SanjayMeena,ShashankStifler
VibhorAggarwal,ShashankStifler
SaiKotha,ShashankStifler
SaiKrishnaKanthHari,ShashankStifler
SauravKarn,ShashankStifler
ShashiPrakash,ShashankStifler
pankajsharma,ShashankStifler
SirishaGutti,ShashankStifler
manojshinde,ShashankStifler
EliasShaik,ShashankStifler
AvnishChauhan,ShashankStifler
ShailendraRajora,ShashankStifler
Manvendra_Singh,ShashankStifler
ShashankSinsinwar,ShashankStifler
RajatPrajapati,ShashankStifler
GarimaSrivastav,ShashankStifler
DeepakKhaneja,ShashankStifler
AkhileshYadav5,ShashankStifler
CausevicAmir,CivejJournal
TungChaiLing,CivejJournal
FrancoBontempi,CivejJournal
Networkscommunication,CivejJournal
VishalJain,CivejJournal
CarmeloFernandezIbaez,CivejJournal
MartinBerka,CivejJournal
FransiscusMintarFerrySihotang,CivejJournal
AnceNapitu,CivejJournal
CharlesLaster,CivejJournal
BalajiNC,CivejJournal
EzekielOgunbode,CivejJournal
IjngnJournal,CivejJournal
LaxmidharBehera,CivejJournal
CarinaStolz,CivejJournal
RezaBarati,CivejJournal
FrancescoPetrini,CivejJournal
SatadalBiswas,CivejJournal
SalvatoreEugenioPappalardo,CivejJournal
HectorSanchezSanchez,CivejJournal
JooMascarenhasMateus,CivejJournal
ShivputraKanade,CivejJournal
PailyMu,CivejJournal
IjdmsAircc,CivejJournal
PrachandManPradhan,CivejJournal
IJCAxJournal,CivejJournal
AciiJournal,CivejJournal
AlmedioSchwartz,CivejJournal
IjistJournal,CivejJournal
AbdulqayoomLawal,CivejJournal
PrakashMohapatra,CivejJournal
agrijjournal,CivejJournal
FarhadSoleimanian,CivejJournal
AravindSubbiah,CivejJournal
MarkAnthonyEscober,CivejJournal
AchmadArifin8,CivejJournal
LalaNurlela,CivejJournal
DoriLalChaudhary,CivejJournal
NismaliaFitriyani,CivejJournal
ShambhaviBatsa,CivejJournal
ijcacsjournal,CivejJournal
CsijJournal,CivejJournal
SanjayPandagale,CivejJournal
NataliyaLushnikova,CivejJournal
LJournal,CivejJournal
SodipBeruthu,CivejJournal
MrutyunjayaMishra,CivejJournal
RupaSonowal,CivejJournal
JayadebaSahoo,CivejJournal
PrashantSinghkalhans,CivejJournal
JantJournal,CivejJournal
SushilKrTiwari,CivejJournal
optljjournal,CivejJournal
AitijJournal,CivejJournal
IjmsaJournal,CivejJournal
ElizabethOcampo,CivejJournal
DuyguKolbay,CivejJournal
DrSanjeevAgarwal,CivejJournal
BernardoViscardi,CivejJournal
AlokUpadhyay3,CivejJournal
MruthyunjayaRaoPadamata,ShashiPrakash
MartinBerka,ShashiPrakash
SiddharthBala,ShashiPrakash
NilanjanaBhattacharya,ShashiPrakash
AnandAbhishek2,ShashiPrakash
BhupenderSingh,ShashiPrakash
PankajMandal,ShashiPrakash
RounakGulati,ShashiPrakash
ManishKumar390,ShashiPrakash
DSharma,ShashiPrakash
SonuSharma,ShashiPrakash
VisheshGupta,ShashiPrakash
DebadritaDas,ShashiPrakash
venugopalnaik,ShashiPrakash
VivekKumar30,ShashiPrakash
GopinathSoren,ShashiPrakash
KSaiRam,ShashiPrakash
MuditSinhal,ShashiPrakash
PAgrawal,ShashiPrakash
SomasishGhosh,ShashiPrakash
SaiKrishnaKanthHari,ShashiPrakash
SauravKarn,ShashiPrakash
ShashankStifler,ShashiPrakash
AleemJaved,ShashiPrakash
PalashVijay,ShashiPrakash
LakshyaGupta,ShashiPrakash
pankajsharma,ShashiPrakash
SHUBHAMCHANDRA,ShashiPrakash
RitwikYadav,ShashiPrakash
AnamikaChowdhury,ShashiPrakash
manojshinde,ShashiPrakash
MaheshBabu,ShashiPrakash
KumarAbhijeet,ShashiPrakash
NaveenSingh,ShashiPrakash
EliasShaik,ShashiPrakash
AakashUpadhyay,ShashiPrakash
NeerajKumar,ShashiPrakash
RajeevVishwas,ShashiPrakash
DeepakKhaneja,ShashiPrakash
SivaCharan,ShashiPrakash
rishmors,ShashiPrakash
AnkitAgrawal5,ShashiPrakash
ManpreetChaudhary,ShashiPrakash
RonakHeliwal,ShashiPrakash
VikasKeshri,ShashiPrakash
ShivshankarMeena,ShashiPrakash
baburanjanthakur,ShashiPrakash
SagarSingh,ShashiPrakash
AnjaliVasudevan,ShashiPrakash
MohamedBuofa,ShashiPrakash
RajatMehta,ShashiPrakash
BipradipDas,ShashiPrakash
BhaskarTiwari,ShashiPrakash
GauravGunawat,ShashiPrakash
HarshSingh16,ShashiPrakash
SusovanPal,ShashiPrakash
GAURAVCHOUDHARY,ShashiPrakash
AKSHAYAGRAWAL,ShashiPrakash
ASHISHMDUNGDUNG,ShashiPrakash
IbrahimMusa,ShashiPrakash
MruthyunjayaRaoPadamata,abhilashvalle
MallikarjunKarra,abhilashvalle
SiddharthBala,abhilashvalle
SumitMohanty,abhilashvalle
PujaGorai,abhilashvalle
KiranReddy31,abhilashvalle
AnandAbhishek2,abhilashvalle
AdrijaDas,abhilashvalle
AKannamwar,abhilashvalle
BhargavaExcalibur,abhilashvalle
ArjunWadhawan,abhilashvalle
ManvithaJanagam,abhilashvalle
GayatriKumari,abhilashvalle
VisheshGupta,abhilashvalle
ShilpaSinha,abhilashvalle
SreeSudha1,abhilashvalle
venugopalnaik,abhilashvalle
BShree,abhilashvalle
srivatsakandukuri,abhilashvalle
JayakrishnaAlwar,abhilashvalle
VivekKumar30,abhilashvalle
PalashDebnath,abhilashvalle
MeenaUppaluri,abhilashvalle
GopinathSoren,abhilashvalle
SumanaTalla,abhilashvalle
AkankshaAgrawal,abhilashvalle
KSaiRam,abhilashvalle
ArpitaReddy,abhilashvalle
AnantAgarwal7,abhilashvalle
DilipParmar,abhilashvalle
VamseeSundar,abhilashvalle
RatanRahul,abhilashvalle
ShankarBhukya,abhilashvalle
Jesshu22,abhilashvalle
HimaTeja,abhilashvalle
VibhorAggarwal,abhilashvalle
SaiKotha,abhilashvalle
SaiKrishnaKanthHari,abhilashvalle
SauravKarn,abhilashvalle
SirishaGutti,abhilashvalle
SHUBHAMCHANDRA,abhilashvalle
BhargavChaitanya,abhilashvalle
PrajjavalSingh,abhilashvalle
MaheshBabu,abhilashvalle
KumarAbhijeet,abhilashvalle
PuttyVikas,abhilashvalle
ParkalaYaskadevaBayari,abhilashvalle
RajeevVishwas,abhilashvalle
ArunKumar161,abhilashvalle
SivaCharan,abhilashvalle
PrasanthGeddam,abhilashvalle
kumarbhaskar,abhilashvalle
HimeshKothari,abhilashvalle
AnugnaReddy,abhilashvalle
NguyenThanhLuan,abhilashvalle
SaiSwaroopReddy,abhilashvalle
EshwarChandraGupta,abhilashvalle
GOPALVERMA,abhilashvalle
SandeepDevarakonda,abhilashvalle
RameshBabuNaladi,abhilashvalle
ShwetaDhoubhadel,KatyBlackwoodMears
harshareddy,KatyBlackwoodMears
PrasenjitBiswas,KatyBlackwoodMears
SiddharthChougule,KatyBlackwoodMears
RajviPatel,KatyBlackwoodMears
BirenParmar,KatyBlackwoodMears
shivamjoshi,KatyBlackwoodMears
sohinibandyopadhyay,KatyBlackwoodMears
ElsayedRaafat,KatyBlackwoodMears
SaiKrishnaKanthHari,KatyBlackwoodMears
YaminiBhatt1,KatyBlackwoodMears
PranjalHaridas,KatyBlackwoodMears
IshwaryaSanthosh,KatyBlackwoodMears
ShonitMittal,KatyBlackwoodMears
utsavtalati,KatyBlackwoodMears
AkshayJain,KatyBlackwoodMears
BiplabPatra,KatyBlackwoodMears
MonishaSangeeth,KatyBlackwoodMears
SagarPatel,KatyBlackwoodMears
ArunvenkateshAlagappan,KatyBlackwoodMears
RabiulRasel,KatyBlackwoodMears
PreethiNeelakantan,KatyBlackwoodMears
AmlanDohutia,KatyBlackwoodMears
SudhanshuDeshpande,KatyBlackwoodMears
ApurvMishra,KatyBlackwoodMears
ArjunShanker,KatyBlackwoodMears
NarayananVivek,KatyBlackwoodMears
KshitijD,KatyBlackwoodMears
DharanVallabhaneni,KatyBlackwoodMears
ATalwar,KatyBlackwoodMears
BibekMishra,KatyBlackwoodMears
samakshkapoor,KatyBlackwoodMears
JaideepRay,KatyBlackwoodMears
pradeepborate,KatyBlackwoodMears
Dalal,KatyBlackwoodMears
HarshKumar,KatyBlackwoodMears
AmrutaPatra,KatyBlackwoodMears
KalluriSreeram,KatyBlackwoodMears
SaptaparniKumar,KatyBlackwoodMears
YogashreeSonawane,KatyBlackwoodMears
NishitaSinha,KatyBlackwoodMears
DebaratiByabartta,KatyBlackwoodMears
HimanshuTripathi,KatyBlackwoodMears
JagadishCool,KatyBlackwoodMears
BarmanSubhamitra,KatyBlackwoodMears
ManasaBharadwaj,KatyBlackwoodMears
JagadishKumaran,KatyBlackwoodMears
VijitEffervescence,KatyBlackwoodMears
BirudaVirkud,KatyBlackwoodMears
KhoaPham3,KatyBlackwoodMears
SoumavaKarmakar,KatyBlackwoodMears
AChalla,KatyBlackwoodMears
AnushGupta,KatyBlackwoodMears
ShashaankMathur,KatyBlackwoodMears
SanghitaBandyopadhyay,KatyBlackwoodMears
AshishGupta,KatyBlackwoodMears
DeepikaPanchalingam,KatyBlackwoodMears
PascaleParker,KatyBlackwoodMears
TarunBhambhani,KatyBlackwoodMears
SallyYang,KatyBlackwoodMears
MruthyunjayaRaoPadamata,EliasShaik
KiranReddy31,EliasShaik
AyushGoel,EliasShaik
SouradeepPaul,EliasShaik
KaustubhKashyap,EliasShaik
NeeleshShekhar,EliasShaik
AashayArora,EliasShaik
AKannamwar,EliasShaik
BhargavaExcalibur,EliasShaik
AaronMendonca,EliasShaik
ArjunWadhawan,EliasShaik
ChayapathiSarath,EliasShaik
SonuSharma,EliasShaik
SmarakSikdar,EliasShaik
SreeSudha1,EliasShaik
venugopalnaik,EliasShaik
BismayaSahoo,EliasShaik
kishorekommi,EliasShaik
srivatsakandukuri,EliasShaik
VivekKumar30,EliasShaik
AnshulSingh2,EliasShaik
VamseeSundar,EliasShaik
HarmanGill4,EliasShaik
PAgrawal,EliasShaik
PrashantJha1,EliasShaik
SanjayMeena,EliasShaik
VibhorAggarwal,EliasShaik
PujariRajkumar,EliasShaik
SaiKotha,EliasShaik
YashneeilSingh,EliasShaik
SaiKrishnaKanthHari,EliasShaik
ShashankStifler,EliasShaik
ShashiPrakash,EliasShaik
ShrutiKanungo,EliasShaik
manojshinde,EliasShaik
ShailendraRajora,EliasShaik
Manvendra_Singh,EliasShaik
RajatPrajapati,EliasShaik
DeepakKhaneja,EliasShaik
KonthamRajesh,EliasShaik
ArunKumar161,EliasShaik
SivaCharan,EliasShaik
PrasanthGeddam,EliasShaik
MohanTejaKommi,EliasShaik
KumarPraveen,EliasShaik
RaghavaReddy,EliasShaik
NarasimhaKarthik,EliasShaik
SaiSwaroopReddy,EliasShaik
VishnuSubramanian,EliasShaik
RatnasaiKosuru,EliasShaik
GunakarYadav,EliasShaik
DaliKarri,EliasShaik
AkhileshReddy,EliasShaik
AbhilashAkkem,EliasShaik
AnilKumarYelam,EliasShaik
SaquibAhmad,EliasShaik
HemanthJayampu,EliasShaik
RANJUTHOMAS,EliasShaik
BipradipDas,EliasShaik
VamsiKrishna181,EliasShaik
AchillesSaxby,NallanthighalVenkataSrikanth
SabareeshNikhilC,NallanthighalVenkataSrikanth
PPachori,NallanthighalVenkataSrikanth
NIPUNKHEMKA,NallanthighalVenkataSrikanth
SaheliDe1,NallanthighalVenkataSrikanth
MadhurimaKumar,NallanthighalVenkataSrikanth
ThulasiJNambiar,NallanthighalVenkataSrikanth
RiteshJindal,NallanthighalVenkataSrikanth
TriyanshaVijay,NallanthighalVenkataSrikanth
prudhvitejimmadi,NallanthighalVenkataSrikanth
AjayKumarYadav,NallanthighalVenkataSrikanth
SumanRajat,NallanthighalVenkataSrikanth
ShishirKumar1,NallanthighalVenkataSrikanth
TarunSinghal,NallanthighalVenkataSrikanth
RatanRahul,NallanthighalVenkataSrikanth
AnkitBarik,NallanthighalVenkataSrikanth
VasudevaraoAllu,NallanthighalVenkataSrikanth
AzeemAbdul1,NallanthighalVenkataSrikanth
AmaraYaswanth,NallanthighalVenkataSrikanth
SaiKrishnaKanthHari,NallanthighalVenkataSrikanth
VirinchiChilukuri,NallanthighalVenkataSrikanth
VamshiMuga,NallanthighalVenkataSrikanth
SameerAshraf,NallanthighalVenkataSrikanth
BhanuVikas,NallanthighalVenkataSrikanth
AtndSaiKiran,NallanthighalVenkataSrikanth
RupeshBansal,NallanthighalVenkataSrikanth
SrinivasGeddam,NallanthighalVenkataSrikanth
VedavidhBudimuri,NallanthighalVenkataSrikanth
BiplabLenin,NallanthighalVenkataSrikanth
VaibhavBajpai,NallanthighalVenkataSrikanth
SaiAnvesh,NallanthighalVenkataSrikanth
OjaswaAnand,NallanthighalVenkataSrikanth
SarasijaGaddameedi,NallanthighalVenkataSrikanth
KishoreReddy,NallanthighalVenkataSrikanth
AnupamKumar,NallanthighalVenkataSrikanth
SriharshaGajarla,NallanthighalVenkataSrikanth
SampathKilaparthi,NallanthighalVenkataSrikanth
HarmandeepSingh,NallanthighalVenkataSrikanth
NAgrawal,NallanthighalVenkataSrikanth
JennyMajeed,NallanthighalVenkataSrikanth
RusheelClk,NallanthighalVenkataSrikanth
SiddharthKandra,NallanthighalVenkataSrikanth
DosapatiKarthik,NallanthighalVenkataSrikanth
SaiSwaroopReddy,NallanthighalVenkataSrikanth
VishnuSubramanian,NallanthighalVenkataSrikanth
ChaitanyaChandra,NallanthighalVenkataSrikanth
MvasChaitanya,NallanthighalVenkataSrikanth
VarunBairaboina,NallanthighalVenkataSrikanth
VISHALGJ,NallanthighalVenkataSrikanth
AnishaMajhi,NallanthighalVenkataSrikanth
VamseeKrishnaMamanduru,NallanthighalVenkataSrikanth
ThrinathReddy,NallanthighalVenkataSrikanth
RAMAVATHRAMESHNAIK,NallanthighalVenkataSrikanth
UdayKiran,NallanthighalVenkataSrikanth
SriharshaAllenki,NallanthighalVenkataSrikanth
AishwaryaSingh14,NallanthighalVenkataSrikanth
RevathKireeti,NallanthighalVenkataSrikanth
DipayanMukherjee,NallanthighalVenkataSrikanth
DilipChevuri,NallanthighalVenkataSrikanth
ShaliniAnji,NallanthighalVenkataSrikanth
ApoorvJain,DeepakKhaneja
MruthyunjayaRaoPadamata,DeepakKhaneja
SiddharthBala,DeepakKhaneja
SumitMohanty,DeepakKhaneja
HarikaNelli,DeepakKhaneja
SahilJalan,DeepakKhaneja
NilayBang,DeepakKhaneja
ManisitDas,DeepakKhaneja
ManishKumar390,DeepakKhaneja
BhargavaExcalibur,DeepakKhaneja
PratikSahoo,DeepakKhaneja
KaushikMahato,DeepakKhaneja
VisheshGupta,DeepakKhaneja
ArunTankha,DeepakKhaneja
AbhisekDatta,DeepakKhaneja
SaurabhAgarwal,DeepakKhaneja
NadeemAnjum1,DeepakKhaneja
GopinathSoren,DeepakKhaneja
AnkitaDas6,DeepakKhaneja
KSaiRam,DeepakKhaneja
MilindTahalani,DeepakKhaneja
ChanakyaGujju,DeepakKhaneja
SundarKumarJvs,DeepakKhaneja
DilipParmar,DeepakKhaneja
JAVEDALAM,DeepakKhaneja
SahuSaurav,DeepakKhaneja
HarmanGill4,DeepakKhaneja
RatanRahul,DeepakKhaneja
AbhinavJindal,DeepakKhaneja
SanjayMeena,DeepakKhaneja
RohanKhandelwal,DeepakKhaneja
PujariRajkumar,DeepakKhaneja
PraveenKavuri,DeepakKhaneja
SaiKrishnaKanthHari,DeepakKhaneja
SomMadhabBhattacharya,DeepakKhaneja
SauravKarn,DeepakKhaneja
AyanHazra,DeepakKhaneja
ShashankStifler,DeepakKhaneja
AtndSaiKiran,DeepakKhaneja
AleemJaved,DeepakKhaneja
LakshyaGupta,DeepakKhaneja
ShashiPrakash,DeepakKhaneja
TelenaPradhan,DeepakKhaneja
SHUBHAMCHANDRA,DeepakKhaneja
RitwikYadav,DeepakKhaneja
AroraSahil,DeepakKhaneja
manojshinde,DeepakKhaneja
MaheshBabu,DeepakKhaneja
SharvashishDas,DeepakKhaneja
EliasShaik,DeepakKhaneja
ShailendraRajora,DeepakKhaneja
ShashankSinsinwar,DeepakKhaneja
NeerajKumar,DeepakKhaneja
RajeevVishwas,DeepakKhaneja
SiddharthMaheshwari,DeepakKhaneja
SivaCharan,DeepakKhaneja
NisargTripathi,DeepakKhaneja
GaurabPaul,DeepakKhaneja
RonakHeliwal,DeepakKhaneja
RishabhAgrawal,DeepakKhaneja
SabareeshNikhilC,VihariPiratla
AniruddhaChakraborty,VihariPiratla
SrinivasNuti,VihariPiratla
vjammula,VihariPiratla
RatanRahul,VihariPiratla
AbhraBasak,VihariPiratla
SaiKrishnaKanthHari,VihariPiratla
VamsiKrishna,VihariPiratla
PrudhviReddy3,VihariPiratla
SaitejaSirikonda,VihariPiratla
DeepakSharma8,VihariPiratla
IJFCSTJournal,VihariPiratla
SaranSrikanth,VihariPiratla
VikhyatKorrapati,VihariPiratla
VenkateshHarisyam,VihariPiratla
VaibhavAgarwal,VihariPiratla
divyagoyal,VihariPiratla
VishalRaheja,VihariPiratla
SaketTiwari,VihariPiratla
SreekanthDama,VihariPiratla
PrithishSeth,VihariPiratla
AhmedIbrahimTaloba,VihariPiratla
RSingh,VihariPiratla
DhirendraSingh14,VihariPiratla
SachinRoongta,VihariPiratla
rohtazsingh,VihariPiratla
SandeepChikkala,VihariPiratla
SampathKumar6,VihariPiratla
SurajBMalode,VihariPiratla
GowthamReddy,VihariPiratla
BharatKoli,VihariPiratla
AnupamSinha,VihariPiratla
VakaPraveen,VihariPiratla
AkhilSoma,VihariPiratla
sriswaroopDasari,VihariPiratla
KarthikPallapothula,VihariPiratla
AmitGore,VihariPiratla
EshwarChandraGupta,VihariPiratla
AkshayKulkarni,VihariPiratla
DebayanKar,VihariPiratla
KuldeepPurohit,VihariPiratla
saikiranboga,VihariPiratla
VivekSaini,VihariPiratla
SurendraKhoja,VihariPiratla
RamyaKolli,VihariPiratla
MohitYadav2,VihariPiratla
KumarBhupesh,VihariPiratla
SagiVarma,VihariPiratla
SaiAdarsh,VihariPiratla
YadavMahesh,VihariPiratla
RohitSangral,VihariPiratla
AmitMeena5,VihariPiratla
DEVENDERKUMAR,VihariPiratla
SanthoshManchikatla,VihariPiratla
KumarMeena,VihariPiratla
AeroEng,VihariPiratla
SriRamya3,VihariPiratla
DayanandaSir,VihariPiratla
RadhenPatel,VihariPiratla
tejaslunawat,VihariPiratla
ApoorvJain,SarojMeena
DrMohamedAbdrabbo,SarojMeena
AkankshaShrivastava,SarojMeena
SumitMohanty,SarojMeena
HarikaNelli,SarojMeena
PujaGorai,SarojMeena
DivyaSappa,SarojMeena
SachinSharma,SarojMeena
MadhurimaKumar,SarojMeena
AbhishekChandwani,SarojMeena
ThulasiJNambiar,SarojMeena
AashayArora,SarojMeena
ManishKumar390,SarojMeena
TejalKamble,SarojMeena
GayatriKumari,SarojMeena
AmulyaPalle,SarojMeena
DebadritaDas,SarojMeena
MeghanaReddy,SarojMeena
BShree,SarojMeena
AninditaGandhi,SarojMeena
NandithaUppada,SarojMeena
VivekKumar30,SarojMeena
AnkitaDas6,SarojMeena
GopinathSoren,SarojMeena
ArpitaReddy,SarojMeena
VinayDegavath,SarojMeena
KalyaniNimbalkar,SarojMeena
SanjayMeena,SarojMeena
SoumyaPasumarthy,SarojMeena
RakeshKrishnaAndey,SarojMeena
NikeshAryan,SarojMeena
priyamishra,SarojMeena
SaiKrishnaKanthHari,SarojMeena
ShashankStifler,SarojMeena
AshitaAnand,SarojMeena
aditikadmawala,SarojMeena
AnjaliGoyal,SarojMeena
SirishaGutti,SarojMeena
SwethaMulaparti,SarojMeena
SamataChaudhuri,SarojMeena
AbhirajikaAgrawal,SarojMeena
SandeepanRoy,SarojMeena
AmarOsho,SarojMeena
AnkitJhille,SarojMeena
KumarRaj,SarojMeena
HarshitaDas,SarojMeena
rishmors,SarojMeena
SakshiSharma,SarojMeena
AnkitAgrawal5,SarojMeena
SwetaKumari,SarojMeena
NAgrawal,SarojMeena
AnugnaReddy,SarojMeena
InderjeetRawat,SarojMeena
daisytigga,SarojMeena
SriNityaAnupindi,SarojMeena
BabitaKota,SarojMeena
ShivshankarMeena,SarojMeena
ShreejaDatta,SarojMeena
baburanjanthakur,SarojMeena
ArnavBinha,SarojMeena
MruthyunjayaRaoPadamata,ArunKumar161
NilayBang,ArunKumar161
RounakGulati,ArunKumar161
BhargavaExcalibur,ArunKumar161
ChilukapavanKumar,ArunKumar161
MeghanaReddy,ArunKumar161
SreeSudha1,ArunKumar161
venugopalnaik,ArunKumar161
kishorekommi,ArunKumar161
GopinathSoren,ArunKumar161
KSaiRam,ArunKumar161
JAVEDALAM,ArunKumar161
VamseeSundar,ArunKumar161
ShankarBhukya,ArunKumar161
RatanRahul,ArunKumar161
Jesshu22,ArunKumar161
KeshavRatan,ArunKumar161
SaiKotha,ArunKumar161
SushilPatro,ArunKumar161
SaiKrishnaKanthHari,ArunKumar161
AkshaySingh,ArunKumar161
abhilashvalle,ArunKumar161
MaheshBabu,ArunKumar161
EliasShaik,ArunKumar161
sureshbabu,ArunKumar161
KorupoluSandeep,ArunKumar161
KonthamRajesh,ArunKumar161
AakashNS,ArunKumar161
BhanuPrakashVakati,ArunKumar161
PrasanthGeddam,ArunKumar161
AnugnaReddy,ArunKumar161
ManideepThogaru,ArunKumar161
SravanKumarVoona,ArunKumar161
AnirbanMalick,ArunKumar161
ChaitanyaChandra,ArunKumar161
EshwarChandraGupta,ArunKumar161
SandeepDevarakonda,ArunKumar161
RameshBabuNaladi,ArunKumar161
KulaSekhar,ArunKumar161
suryatejreddy,ArunKumar161
SinghalGopal,ArunKumar161
AtulyaJyoti,ArunKumar161
MaheshGadmur,ArunKumar161
AnilKumarYelam,ArunKumar161
ArmanSharma,ArunKumar161
JanakRajMeena,ArunKumar161
PrasannaNatta,ArunKumar161
BipradipDas,ArunKumar161
SinghNelson,ArunKumar161
RapakaSamuelPaul,ArunKumar161
SampathSreeKumark,ArunKumar161
PrudhviGurram,ArunKumar161
SKoyya,ArunKumar161
PratapEswar,ArunKumar161
SasidharVenkata,ArunKumar161
MadhuVamaravilli,ArunKumar161
RajivYadav,ArunKumar161
MaddiReddy,ArunKumar161
NagarajThyadi,ArunKumar161
RasmitaDevarakonda,ArunKumar161
MayurRastogi,SivaCharan
AnandAbhishek2,SivaCharan
NeeleshShekhar,SivaCharan
AGupta,SivaCharan
VisheshGupta,SivaCharan
venugopalnaik,SivaCharan
GokulRamanathan,SivaCharan
MrugankBhatt,SivaCharan
RavikiranMaddali,SivaCharan
GopinathSoren,SivaCharan
KSaiRam,SivaCharan
ChanakyaGujju,SivaCharan
VamseeSundar,SivaCharan
ShiladityaBagchi,SivaCharan
Jesshu22,SivaCharan
MSingh,SivaCharan
PriyankAgrawal2,SivaCharan
SaiKotha,SivaCharan
SaiKrishnaKanthHari,SivaCharan
SauravKarn,SivaCharan
AleemJaved,SivaCharan
AtndSaiKiran,SivaCharan
ShashiPrakash,SivaCharan
SHUBHAMCHANDRA,SivaCharan
abhilashvalle,SivaCharan
HariprasadhParthasarathy,SivaCharan
MaheshBabu,SivaCharan
NaveenSingh,SivaCharan
EliasShaik,SivaCharan
AakashUpadhyay,SivaCharan
RahulDewangan,SivaCharan
RajeevVishwas,SivaCharan
DeepakKhaneja,SivaCharan
AnishAgarwal,SivaCharan
rishmors,SivaCharan
AnkitAgrawal5,SivaCharan
KalyanChakravarthy,SivaCharan
RonakHeliwal,SivaCharan
ManiBabu,SivaCharan
Mohitsenapaty,SivaCharan
VishnuSuman,SivaCharan
KulaSekhar,SivaCharan
suryatejreddy,SivaCharan
baburanjanthakur,SivaCharan
ChaitanyaSriKrishna,SivaCharan
GURUBHARATINNAMURI,SivaCharan
ManishKumar439,SivaCharan
PWasnikar,SivaCharan
HarshavardhanTumma,SivaCharan
PrafulChand,SivaCharan
RajatMehta,SivaCharan
RANJUTHOMAS,SivaCharan
SaiSrikar,SivaCharan
ChanduGonuguntla,SivaCharan
GauravGunawat,SivaCharan
KrishnaTejaNellore,SivaCharan
SaitejaswiDasari,SivaCharan
VamsheeJadhav,SivaCharan
NagaRaj22,SivaCharan
AmanTeja,SivaCharan
MruthyunjayaRaoPadamata,PrasanthGeddam
SiddharthBala,PrasanthGeddam
PujaGorai,PrasanthGeddam
DebasishKanhar,PrasanthGeddam
AbhishekChandwani,PrasanthGeddam
BhargavaExcalibur,PrasanthGeddam
AarshPande,PrasanthGeddam
DSharma,PrasanthGeddam
UjjwalRaghuvanshi,PrasanthGeddam
BShree,PrasanthGeddam
venugopalnaik,PrasanthGeddam
RavikiranMaddali,PrasanthGeddam
srivatsakandukuri,PrasanthGeddam
SumanaTalla,PrasanthGeddam
SMandal,PrasanthGeddam
JAVEDALAM,PrasanthGeddam
VamseeSundar,PrasanthGeddam
RatanRahul,PrasanthGeddam
NagendraA,PrasanthGeddam
ShoaibShariff,PrasanthGeddam
SaiKrishnaKanthHari,PrasanthGeddam
RahulKumarSingh5,PrasanthGeddam
BhargavChaitanya,PrasanthGeddam
abhilashvalle,PrasanthGeddam
EliasShaik,PrasanthGeddam
ParkalaYaskadevaBayari,PrasanthGeddam
KonthamRajesh,PrasanthGeddam
ArunKumar161,PrasanthGeddam
AnandSharma3,PrasanthGeddam
kumarbhaskar,PrasanthGeddam
daisytigga,PrasanthGeddam
EshwarChandraGupta,PrasanthGeddam
RameshBabuNaladi,PrasanthGeddam
SravanCh,PrasanthGeddam
SatishKumar146,PrasanthGeddam
KarimullashahMohammed,PrasanthGeddam
VinaySampathYelleti,PrasanthGeddam
JaganKotturu,PrasanthGeddam
SauravRath,PrasanthGeddam
PrabhatKumarAwadhiya,PrasanthGeddam
AmulyaKolusu,PrasanthGeddam
CharanKarumuri,PrasanthGeddam
KaashSingh,PrasanthGeddam
KrishnaPraveen1,PrasanthGeddam
girishdevkumarchaurasiya,PrasanthGeddam
girishdevkumarchaurasiya,PrasanthGeddam
SumanKumar1,PrasanthGeddam
SairammischiefRsnv,PrasanthGeddam
MayurChowdary,PrasanthGeddam
RishabhSingh,PrasanthGeddam
DiwakarPaduchuru,PrasanthGeddam
VenkatRamana6,PrasanthGeddam
PranayKumar,PrasanthGeddam
SuryaSatyanweshi,PrasanthGeddam
VasishtJore,PrasanthGeddam
HarishPeddinti,PrasanthGeddam
JyoteeshReddy,PrasanthGeddam
KakaraPriyanka,PrasanthGeddam
SirapanasettyNuthan,PrasanthGeddam
NithishKolli,PrasanthGeddam
SomnathMeher,VadhriBharadwaj
VishakBharadwaj,VadhriBharadwaj
ArindamDey3,VadhriBharadwaj
HarshRanjan,VadhriBharadwaj
AshokDibbada,VadhriBharadwaj
NarenKrishnaMadhurakavi,VadhriBharadwaj
HariomMeena,VadhriBharadwaj
ManishArora,VadhriBharadwaj
AshishNayak,VadhriBharadwaj
HarshilLodhi,VadhriBharadwaj
RajeevVempuluru,VadhriBharadwaj
KishoreBahadursha,VadhriBharadwaj
PurneshSairam,VadhriBharadwaj
AnuragAgarwal,VadhriBharadwaj
SharvaniChandu,VadhriBharadwaj
deviddas,VadhriBharadwaj
SaiKrishnaKanthHari,VadhriBharadwaj
MedaTeja,VadhriBharadwaj
SaranSrikanth,VadhriBharadwaj
PraveenPendyala,VadhriBharadwaj
AdityaBandi,VadhriBharadwaj
VaddiSekhar,VadhriBharadwaj
PratikKumar3,VadhriBharadwaj
HarishNanduru,VadhriBharadwaj
DineshGoundla,VadhriBharadwaj
AmanKesarwani,VadhriBharadwaj
OmsaiAyyappa,VadhriBharadwaj
TarunReddy,VadhriBharadwaj
RadhaKrishna12,VadhriBharadwaj
AdithyaDahagama,VadhriBharadwaj
DineshReddy,VadhriBharadwaj
SriharshaGajarla,VadhriBharadwaj
BharathBollu,VadhriBharadwaj
AashishKrishnatre,VadhriBharadwaj
JsnReddy,VadhriBharadwaj
AnuvratChitranshi,VadhriBharadwaj
AkshaySaxena,VadhriBharadwaj
KashyapMurthy,VadhriBharadwaj
RaviTeja,VadhriBharadwaj
GajanandYadav1,VadhriBharadwaj
tanmoydeb,VadhriBharadwaj
MunagalaGiridhar,VadhriBharadwaj
AnireddyVamshi,VadhriBharadwaj
SriKanth54,VadhriBharadwaj
HarshitGupta13,VadhriBharadwaj
VineetSangewar,VadhriBharadwaj
ChandrahasKolla,VadhriBharadwaj
AtluriGautham,VadhriBharadwaj
VenuGopalReddyChilakala,VadhriBharadwaj
SampathKiran,VadhriBharadwaj
panchagnularamadevi,VadhriBharadwaj
JyothendranadhSai,VadhriBharadwaj
VamshiReddy18,VadhriBharadwaj
RavitejVarma,VadhriBharadwaj
KarraDinakarReddy,VadhriBharadwaj
PraneethInumula,VadhriBharadwaj
IndraKiran2,VadhriBharadwaj
RahulHbk,VadhriBharadwaj
NaveenMadapana,VadhriBharadwaj
HarshaDonepudi,VadhriBharadwaj
RakeshSarangi,AnkitAgrawal5
MayurRastogi,AnkitAgrawal5
AnandAbhishek2,AnkitAgrawal5
SayantanSarkar,AnkitAgrawal5
BhupenderSingh,AnkitAgrawal5
AKannamwar,AnkitAgrawal5
ASingla,AnkitAgrawal5
RounakGulati,AnkitAgrawal5
ManishKumar390,AnkitAgrawal5
BhargavaExcalibur,AnkitAgrawal5
AarshPande,AnkitAgrawal5
AshwinKrishnan1,AnkitAgrawal5
VisheshGupta,AnkitAgrawal5
ArunTankha,AnkitAgrawal5
CGarg,AnkitAgrawal5
RavikiranMaddali,AnkitAgrawal5
RoopamAttree,AnkitAgrawal5
VivekKumar30,AnkitAgrawal5
GopinathSoren,AnkitAgrawal5
AnkitKumarNandanwar,AnkitAgrawal5
ChanakyaGujju,AnkitAgrawal5
MSingh,AnkitAgrawal5
SinghKeshav,AnkitAgrawal5
SaiKrishnaKanthHari,AnkitAgrawal5
SauravKarn,AnkitAgrawal5
AshitaAnand,AnkitAgrawal5
ShashankStifler,AnkitAgrawal5
DheerajArora,AnkitAgrawal5
AtndSaiKiran,AnkitAgrawal5
ShashiPrakash,AnkitAgrawal5
AnjaliGoyal,AnkitAgrawal5
JawedAquib,AnkitAgrawal5
MaheshBabu,AnkitAgrawal5
RajeevVishwas,AnkitAgrawal5
MritunjayBeniwal,AnkitAgrawal5
KumarRaj,AnkitAgrawal5
SarojMeena,AnkitAgrawal5
RohitChauhan,AnkitAgrawal5
SivaCharan,AnkitAgrawal5
NehalAmin,AnkitAgrawal5
RonakHeliwal,AnkitAgrawal5
RajeshKumar120,AnkitAgrawal5
MondalPayel,AnkitAgrawal5
KumarPraveen,AnkitAgrawal5
SaurabhJain12,AnkitAgrawal5
SaurabhJain12,AnkitAgrawal5
AnkitAnurag,AnkitAgrawal5
SravanKumarVoona,AnkitAgrawal5
AbhishekUpmanyu,AnkitAgrawal5
MdShakil1,AnkitAgrawal5
VishnuDev,AnkitAgrawal5
DeepakBansal4,AnkitAgrawal5
suryatejreddy,AnkitAgrawal5
SankethBangalore,AnkitAgrawal5
NitinSharma18,AnkitAgrawal5
PrakashShashank,AnkitAgrawal5
RavindraKumarVerma,AnkitAgrawal5
PiyushBharti,AnkitAgrawal5
AnuragSaurav,AnkitAgrawal5
GauravGunawat,AnkitAgrawal5
sumeetmeravi,varunkumarreddygoli
DrNatarajanBR,varunkumarreddygoli
Subhendupanigrahi,varunkumarreddygoli
UmaSankarReddyChintha,varunkumarreddygoli
OnkarBagaria,varunkumarreddygoli
AmritPal,varunkumarreddygoli
VasanArunachalam,varunkumarreddygoli
HemantSahal,varunkumarreddygoli
NarenKrishnaMadhurakavi,varunkumarreddygoli
udayashreyas,varunkumarreddygoli
NikhilJones,varunkumarreddygoli
NitinSamuel,varunkumarreddygoli
SaiPadmanabhuni,varunkumarreddygoli
SriPrakyathIyyapu,varunkumarreddygoli
SanjeevKumar,varunkumarreddygoli
KarthikAnnam,varunkumarreddygoli
saileshkondraganti,varunkumarreddygoli
SiddarthYerram,varunkumarreddygoli
PrateikPothuneedi,varunkumarreddygoli
varunkumarreddygoli,varunkumarreddygoli
AkankshaC,varunkumarreddygoli
AshishPiplani,varunkumarreddygoli
BiswaPrasannaMishra,varunkumarreddygoli
GunjeshSingh,varunkumarreddygoli
nabeelahmed,varunkumarreddygoli
SwamyIdln,varunkumarreddygoli
umeshr,varunkumarreddygoli
balakoteshwar,varunkumarreddygoli
SandeepGoli,varunkumarreddygoli
ManishChandraKN,varunkumarreddygoli
TejaDeepak,varunkumarreddygoli
RathishArumugam,varunkumarreddygoli
HariKrishnaUpadhyayula,varunkumarreddygoli
SnehansuPradhan,varunkumarreddygoli
SashankaPaladugu,varunkumarreddygoli
AnvithaAdhikarla,varunkumarreddygoli
SiddharthSrivastav,varunkumarreddygoli
SiddardhGouri,varunkumarreddygoli
YeswanthDevisetty,varunkumarreddygoli
RAJKIRAN,varunkumarreddygoli
dineshvalmiki,varunkumarreddygoli
AAngrish,varunkumarreddygoli
KoushikSai,varunkumarreddygoli
KodakandlaAvinash,varunkumarreddygoli
AkshayAnanthakrishnan,varunkumarreddygoli
viriyalaprakhyath,varunkumarreddygoli
srikanthprasad,varunkumarreddygoli
rohitkandula,varunkumarreddygoli
TejaswiRaghurama,varunkumarreddygoli
JagannathAkella,varunkumarreddygoli
VaideeshParasar,varunkumarreddygoli
AbhinavChoudhury,varunkumarreddygoli
,varunkumarreddygoli
TusharTurumella,varunkumarreddygoli
VijayNarayan,varunkumarreddygoli
SriHarsha8,varunkumarreddygoli
SameerReddy,varunkumarreddygoli
AdityaSingh97,varunkumarreddygoli
ShanthiSwaroopReddy,varunkumarreddygoli
KhareSudeep,varunkumarreddygoli
SantoshReddy21,balakoteshwar
AliAkberKapadia,balakoteshwar
KalyanPingali,balakoteshwar
udayashreyas,balakoteshwar
NitinSamuel,balakoteshwar
SaiPadmanabhuni,balakoteshwar
SriPrakyathIyyapu,balakoteshwar
AnirudhVKrishnan,balakoteshwar
NareshShah,balakoteshwar
saileshkondraganti,balakoteshwar
varunkumarreddygoli,balakoteshwar
DanishAhmadKhan,balakoteshwar
ParitoshDande,balakoteshwar
BobPenielInapanuri,balakoteshwar
AshishPiplani,balakoteshwar
BiswaPrasannaMishra,balakoteshwar
nabeelahmed,balakoteshwar
SwamyIdln,balakoteshwar
AjitVoraboina,balakoteshwar
vinjamuriSAISUDHIRBITSPILANI,balakoteshwar
umeshr,balakoteshwar
RathishArumugam,balakoteshwar
SashankaPaladugu,balakoteshwar
PrasannaJoshi,balakoteshwar
SiddardhGouri,balakoteshwar
YeswanthDevisetty,balakoteshwar
ycelsahilliolu,balakoteshwar
VijayKumar,balakoteshwar
KoushikSai,balakoteshwar
KodakandlaAvinash,balakoteshwar
DineshKumarDasari,balakoteshwar
JagadishBoppana,balakoteshwar
RahulThakur28,balakoteshwar
SampathVelaga,balakoteshwar
viriyalaprakhyath,balakoteshwar
MarlaAditya,balakoteshwar
rohitkandula,balakoteshwar
pushkarbalanagu,balakoteshwar
GokulRaghuraman,balakoteshwar
MakkapatiRohith,balakoteshwar
SrilalithaManchala,balakoteshwar
VaideeshParasar,balakoteshwar
TejasKulkarni,balakoteshwar
VijayNarayan,balakoteshwar
GayatriDhara,balakoteshwar
SumanthGottipati,balakoteshwar
subramanyamch,balakoteshwar
RajeswariGs,balakoteshwar
PratikTc,balakoteshwar
SharathKoundinya,balakoteshwar
NavinRajkumar,balakoteshwar
KrishnaChaitanya,balakoteshwar
BhargavPonnapalli,balakoteshwar
shriyanshvaishya,balakoteshwar
GautamKonda,balakoteshwar
JayadevThrikandiyoor,balakoteshwar
ParthPaik,balakoteshwar
KiranNair5,balakoteshwar
VijayasimhaVellanki,balakoteshwar
RaviTeja,balakoteshwar
RogerWoodman,NitishSatyavolu
KamalSahni,NitishSatyavolu
IjscJournal,NitishSatyavolu
SiddharthaSanghi,NitishSatyavolu
ShoubhikGupta,NitishSatyavolu
RGupta,NitishSatyavolu
FaridAhsan,NitishSatyavolu
PrateekYadav,NitishSatyavolu
ParthArora,NitishSatyavolu
PriyankJaini,NitishSatyavolu
AmitanshGupta,NitishSatyavolu
AyushVarshney,NitishSatyavolu
HarmanjitSingh,NitishSatyavolu
dhrupalshah,NitishSatyavolu
TigmanshuGoyal,NitishSatyavolu
NamanKumar,NitishSatyavolu
ArpanJain,NitishSatyavolu
KhwaabBansal,NitishSatyavolu
DarshilDharod,NitishSatyavolu
IshanBose,NitishSatyavolu
sorengoyal,NitishSatyavolu
AnujAgrawal,NitishSatyavolu
ShivamSharma,NitishSatyavolu
DeepaliMittal,NitishSatyavolu
JiteshDamani,NitishSatyavolu
SahilBhandari,NitishSatyavolu
NikhilAggarwal,NitishSatyavolu
ManishMehta2,NitishSatyavolu
PankajSaini4,NitishSatyavolu
ShivaAsapu,NitishSatyavolu
PradeepSatya,NitishSatyavolu
ShivaniAgrawal,NitishSatyavolu
NSrivastava,NitishSatyavolu
SSingh,NitishSatyavolu
dev3apr,NitishSatyavolu
SiddharthaSrivastava,NitishSatyavolu
SwamyIdln,NitishSatyavolu
Gupta,NitishSatyavolu
DeepamKedia,NitishSatyavolu
GauravAgarwal4,NitishSatyavolu
DeepakPawar,NitishSatyavolu
WaquarAhmad,NitishSatyavolu
AmitBarjatya,NitishSatyavolu
GovindSaria,NitishSatyavolu
BrijeshKumar,NitishSatyavolu
VishalKumar15,NitishSatyavolu
PatelTanuj,NitishSatyavolu
VivekKumar,NitishSatyavolu
ArunaTatavarthy,NitishSatyavolu
DevendraKumar,NitishSatyavolu
BramhendraNaikMude,NitishSatyavolu
ijitmcjournal,NitishSatyavolu
AbhijitBahirat,NitishSatyavolu
GulshanGupta,NitishSatyavolu
SrinivasReddy,NitishSatyavolu
AnantRaj,NitishSatyavolu
AmanAgarwal,NitishSatyavolu
PranayKumar,NitishSatyavolu
AnilMeena,NitishSatyavolu
RachitTripathi,NitishSatyavolu
ArnabBanerjee,SarideAnvesh
SaptarshiLahiri,SarideAnvesh
SushreyoMisra,SarideAnvesh
SoumyaAravind,SarideAnvesh
AbhishekKumar441,SarideAnvesh
SwamyIdln,SarideAnvesh
TathagataRoy,SarideAnvesh
CivejJournal,SarideAnvesh
TriveniMudliar,SarideAnvesh
RohitRaja,SarideAnvesh
AjinBabyMyladiyil,SarideAnvesh
KesavaMaking,SarideAnvesh
AniketDesai,SarideAnvesh
RajeevGandhi,SarideAnvesh
SmitaSingh,SarideAnvesh
MonicaRekapalli,SarideAnvesh
BalendraMouli,SarideAnvesh
UppuluriSowjanya,SarideAnvesh
KomalSirigudi,SarideAnvesh
SravantiBadam,SarideAnvesh
RajarshiDas,SarideAnvesh
PhalgunMoturu,SarideAnvesh
VishnukanthBusetty,SarideAnvesh
mohdharoon1,SarideAnvesh
BabitaKota,SarideAnvesh
dasaradhimalladi,SarideAnvesh
WasimAkram,SarideAnvesh
YeluguriVeereswararao,SarideAnvesh
JanardhanKandada,SarideAnvesh
BaluZapps,SarideAnvesh
IshanRoy,SarideAnvesh
ManikumarChebolu,SarideAnvesh
RajeshParla,SarideAnvesh
RamHitesh,SarideAnvesh
PrasannaKumarBehera,SarideAnvesh
RohithCh,SarideAnvesh
PavanBantupalli,SarideAnvesh
YogeshBhattarai,SarideAnvesh
BrahmareddyTiyyagura,SarideAnvesh
MjMahesh,SarideAnvesh
AshishVishnoi,SarideAnvesh
RaviChandraIvp,SarideAnvesh
VarahalaBabuTamanari,SarideAnvesh
SGoutham,SarideAnvesh
KumarSajal,SarideAnvesh
TarakCivilian,SarideAnvesh
HemanthKumar86,SarideAnvesh
AbhishekSinghal,SarideAnvesh
RajGN,SarideAnvesh
RakhiKulkarni,SarideAnvesh
SrihariPalli,SarideAnvesh
PavanKumar,SarideAnvesh
DivyaLaxmiKalla,SarideAnvesh
ArrojuRamu,SarideAnvesh
kteja,SarideAnvesh
saideekshith,SarideAnvesh
JyothirmaiAnuboyina,SarideAnvesh
ChinnaShenshah,SarideAnvesh
TejaswiPenmethsa,SarideAnvesh
GubbalaChaitanya,SarideAnvesh
GeorgeGrigore,CsijJournal
MichelFEUGERE,CsijJournal
RBoustan,CsijJournal
HECTORADRIANGUERRERO,CsijJournal
TopographiesofEntanglements,CsijJournal
GianPietroBasello,CsijJournal
EOtto,CsijJournal
AndrsMaraAdroherAuroux,CsijJournal
GiaKvashilava,CsijJournal
BrunodAgostino,CsijJournal
FikriKULAKOGLU,CsijJournal
StefanoVassallo,CsijJournal
haerinckernie,CsijJournal
SelimAdal,CsijJournal
ZoltnHorvth,CsijJournal
TizianoFantuzzi,CsijJournal
konstantinosMantas,CsijJournal
HelneWhittaker,CsijJournal
ChiaraTerranova,CsijJournal
JosephSanzo,CsijJournal
MouseionJournal,CsijJournal
annetterathje,CsijJournal
IvoTopalilov,CsijJournal
PEFSCEA,CsijJournal
GeraldFinkielsztejn,CsijJournal
ChristopherOlivola,CsijJournal
pascalvernus,CsijJournal
HGnlYalcin,CsijJournal
NEWTONSAMPAIO,CsijJournal
FayzaHaikal,CsijJournal
DanDeac,CsijJournal
MichelaLuiselli,CsijJournal
GeorgNightingale,CsijJournal
IjngnJournal,CsijJournal
LailaOhanian,CsijJournal
,CsijJournal
LeninRaja,CsijJournal
RoyKotansky,CsijJournal
YohkoHatada,CsijJournal
PasqualeCitera,CsijJournal
SyllogeEpigraphicaBarcinonensisSEBarc,CsijJournal
GuyNONOLOUENKAM,CsijJournal
ZaidAlyasseri,CsijJournal
PeertopeerJournal,CsijJournal
VasileSurducan,CsijJournal
VasileSurducan,CsijJournal
AciiJournal,CsijJournal
agrijjournal,CsijJournal
JournalIJCSIT,CsijJournal
CivejJournal,CsijJournal
IjbesJournal,CsijJournal
LJournal,CsijJournal
IJMEjournal,CsijJournal
FstjJournal,CsijJournal
MohamedKhedr,CsijJournal
sandrosublimi,CsijJournal
JournalIjci,CsijJournal
DarkoIlic,CsijJournal
optljjournal,CsijJournal
NadirKabache,CsijJournal
PrasanthAbraham,JojuZajo
ArunWilson,JojuZajo
ArunSudarsan,JojuZajo
ReshmaBabu,JojuZajo
RahulSreekumar,JojuZajo
ArshadNujoom,JojuZajo
TonyJohnson18,JojuZajo
arjunpurushothaman,JojuZajo
ParvathySurendran,JojuZajo
MerlinDavis,JojuZajo
PradeepEapen,JojuZajo
RohitKondekar,JojuZajo
AravindBk,JojuZajo
VineethRadhakrishnan,JojuZajo
HafizSaleem,JojuZajo
rubnak,JojuZajo
SwamyIdln,JojuZajo
JibinVarghese,JojuZajo
anuragbeniwal,JojuZajo
VishnuSreenath,JojuZajo
AshwinJacob,JojuZajo
JerryChang,JojuZajo
JMathew,JojuZajo
RatanSadanandanOM,JojuZajo
JosephKJ,JojuZajo
VijinKv,JojuZajo
SriramReddyKalluri,JojuZajo
PraveenSah,JojuZajo
JithinBhaskaran,JojuZajo
PradeepRam,JojuZajo
DhrubajyotiDutta,JojuZajo
RennyJohnson,JojuZajo
AjinBabyMyladiyil,JojuZajo
RahulP,JojuZajo
RahulVilla,JojuZajo
SreehariPD,JojuZajo
YashWanth,JojuZajo
IJMEjournal,JojuZajo
VineethShankar,JojuZajo
RadhmallikRadhakrishnan,JojuZajo
PrasadVasudevan,JojuZajo
JosuThomas,JojuZajo
RevathiGirish,JojuZajo
JohnPeter,JojuZajo
PrashantUpadhyay,JojuZajo
AjayJamesThomas,JojuZajo
KiranVenugopal,JojuZajo
ChaithanyaRamkumar,JojuZajo
GovindNarasimman,JojuZajo
SivaSankar,JojuZajo
JafeerHajar,JojuZajo
RexJoseph,JojuZajo
RaviSikarwar,JojuZajo
JayadevNair,JojuZajo
SravanVuchuru,JojuZajo
DivyeshDixit,JojuZajo
LeninRam,JojuZajo
NithinVNath,JojuZajo
JeenoJose,JojuZajo
AnilVishnu,JojuZajo
GarvMalik,PeeyushPashine
SaiPadmanabhuni,PeeyushPashine
PankajMunjal,PeeyushPashine
PrasanthAbraham,PeeyushPashine
PranavRamarao,PeeyushPashine
SwamyIdln,PeeyushPashine
AnupamMaurya,PeeyushPashine
PrateekTamrakar,PeeyushPashine
JatinJani,PeeyushPashine
VinayDwivedi,PeeyushPashine
SahilSukheja,PeeyushPashine
VishalDiwan,PeeyushPashine
NileshChandrakar,PeeyushPashine
AnkitPandey,PeeyushPashine
AKhare,PeeyushPashine
MkTiwari,PeeyushPashine
GouthamMakkena,PeeyushPashine
SibiAbraham,PeeyushPashine
HariKRaghavan,PeeyushPashine
VitragSheth,PeeyushPashine
AparajitaSingh,PeeyushPashine
MayankGarg5,PeeyushPashine
ApoorvaVerma,PeeyushPashine
SoniPranshu,PeeyushPashine
PoojaVivacious,PeeyushPashine
RatneshPandey,PeeyushPashine
AbhinavRai1,PeeyushPashine
AtulPawar,PeeyushPashine
FaizIqbalFaizSheikh,PeeyushPashine
KarthikTejaMummareddi,PeeyushPashine
ManpreetSinghLotey,PeeyushPashine
rabinderhenry,PeeyushPashine
UmakantShekokar,PeeyushPashine
SwaroopjiMR,PeeyushPashine
kamlendrachandra,PeeyushPashine
PDAneesh,PeeyushPashine
NaivedyaMishra,PeeyushPashine
PKumar19,PeeyushPashine
RakeshPrasanna,PeeyushPashine
SurendraSahu,PeeyushPashine
PriyanshuSharma2,PeeyushPashine
KapilRatnani,PeeyushPashine
RajendraShukla,PeeyushPashine
SanketKadam3,PeeyushPashine
SairamMuttavarapu,PeeyushPashine
GhazanfarKhan1,PeeyushPashine
KarthikSrinivasan,PeeyushPashine
PiyushDongre,PeeyushPashine
UdaySaiRanjan,PeeyushPashine
TejaDasari,PeeyushPashine
ambikashankerShukla,PeeyushPashine
SwapnilRudrakar,PeeyushPashine
JayatiShukla,PeeyushPashine
SiddharthSengar,PeeyushPashine
TilakChandrakar,PeeyushPashine
RuturajDeshpande,PeeyushPashine
UtkarshMishra5,PeeyushPashine
SRathi,PeeyushPashine
NehaMishra19,PeeyushPashine
VidyaGopalakrishnan,PeeyushPashine
VasanArunachalam,KoushikSai
ThiruvikramanKandhadai,KoushikSai
NitinSamuel,KoushikSai
saileshkondraganti,KoushikSai
RahulRevu,KoushikSai
varunkumarreddygoli,KoushikSai
PrithviRaj30,KoushikSai
RohitGinoria,KoushikSai
BiswaPrasannaMishra,KoushikSai
SwamyIdln,KoushikSai
balakoteshwar,KoushikSai
RathishArumugam,KoushikSai
SashankaPaladugu,KoushikSai
SiddardhGouri,KoushikSai
KodakandlaAvinash,KoushikSai
RahulThakur28,KoushikSai
SravaniVobilisetty,KoushikSai
NarenNallapareddy,KoushikSai
AshiffShaik,KoushikSai
,KoushikSai
AmbujAggarwal,KoushikSai
SharathKoundinya,KoushikSai
JagadeeshAnmala,KoushikSai
KrishnaChaitanya,KoushikSai
ParthPaik,KoushikSai
VijayasimhaVellanki,KoushikSai
SharanyaReddy,KoushikSai
AdarshBurma,KoushikSai
HariGarikipati,KoushikSai
JagannathReddy,KoushikSai
ParitoshKatyal,KoushikSai
SakethMallipeddi,KoushikSai
KishanKanhaiya,KoushikSai
SuprabhathKalahasti,KoushikSai
SatyaKiranDuggina,KoushikSai
harishathuru,KoushikSai
TalhaMohammed,KoushikSai
AnanthNarayan1,KoushikSai
ApoorvaAditya,KoushikSai
SindhuBoppana,KoushikSai
SravanPathipati,KoushikSai
GangadharUppuluri,KoushikSai
KeshavaKumar,KoushikSai
WadhwaAbhishek,KoushikSai
KarthikPavan,KoushikSai
AnilK9,KoushikSai
RohitaReddy,KoushikSai
PraneethShiva,KoushikSai
GuptaBhushan,KoushikSai
SrujanKumar11,KoushikSai
KumarReddySharath,KoushikSai
SaikiranKotha,KoushikSai
vallipushpa,KoushikSai
VennelaSiri,KoushikSai
ShubhamRanjan,KoushikSai
SaiNarsiReddy,KoushikSai
ShravyaShravz,KoushikSai
SteffiYan,KoushikSai
PeakdeySmors,KoushikSai
ShobhitKala,KoushikSai
saraelhawary,AditiShrivastava
EswaraSai,AditiShrivastava
SaumyaJain,AditiShrivastava
GauravDoshi,AditiShrivastava
SrikanthSuresh,AditiShrivastava
RaiHimanshu,AditiShrivastava
sahilpunchhi,AditiShrivastava
AmrithaJayadev,AditiShrivastava
SaiPadmanabhuni,AditiShrivastava
VaibhavKumar44,AditiShrivastava
SanchitMishra,AditiShrivastava
AbhilashMirji,AditiShrivastava
SuvidChaturvedi,AditiShrivastava
RaunakSinghal,AditiShrivastava
RahulDubey22,AditiShrivastava
PavanKate,AditiShrivastava
GokulNathSridhar,AditiShrivastava
NamanBafna,AditiShrivastava
SwamyIdln,AditiShrivastava
SomyaAgarwal,AditiShrivastava
ARCHITASAHU,AditiShrivastava
SuryaPrathap,AditiShrivastava
akashraj,AditiShrivastava
KaurManjyot,AditiShrivastava
SrinijaVobugari,AditiShrivastava
ShubiAgarwal,AditiShrivastava
VasundharaKoppisetty,AditiShrivastava
MahithaTammineedi,AditiShrivastava
VinayKumar103,AditiShrivastava
SaumyaPatnaik,AditiShrivastava
VishakaThekkedath,AditiShrivastava
ASTHASAHU,AditiShrivastava
AntraSethi,AditiShrivastava
PranaviReddy1,AditiShrivastava
plaharireddy,AditiShrivastava
JahnaviParni,AditiShrivastava
KinneraPaladugu,AditiShrivastava
ravichand,AditiShrivastava
SMalayanur,AditiShrivastava
VaishnaviTadakamalla,AditiShrivastava
ShivaKumar,AditiShrivastava
PiyushKontu,AditiShrivastava
JanhaveeAgrawal,AditiShrivastava
PratyushaKethinedi,AditiShrivastava
NikitaChawla,AditiShrivastava
AnshulPaunikar,AditiShrivastava
SaiChinmayi,AditiShrivastava
DevnaKapoor,AditiShrivastava
AkashChandwani,AditiShrivastava
ViditSharma6,AditiShrivastava
LakshmiKumari3,AditiShrivastava
PalakJain29,AditiShrivastava
JyotsanaSharma,AditiShrivastava
MahithaSree,AditiShrivastava
SoumitraChatterji,AditiShrivastava
JatinTodeshyam,AditiShrivastava
SwethaK4,AditiShrivastava
remueltorres,AditiShrivastava
SakshiGupta,AditiShrivastava
VivekSinha,ashishshukla
AmritPal,ashishshukla
ThiruvikramanKandhadai,ashishshukla
NikhilJones,ashishshukla
SaiPadmanabhuni,ashishshukla
SriPrakyathIyyapu,ashishshukla
ShashwatGandhi,ashishshukla
JoeKochitty,ashishshukla
ShubhamJain85,ashishshukla
ShrutiSane,ashishshukla
GokulNathSridhar,ashishshukla
ArchitaParvatkar,ashishshukla
SwamyIdln,ashishshukla
viveknimbarmunde,ashishshukla
HariKrishnaUpadhyayula,ashishshukla
HariKrishnaUpadhyayula,ashishshukla
SiddharthMishra,ashishshukla
ijitmcjournal,ashishshukla
ChandraVikas,ashishshukla
ParthPareek,ashishshukla
AkshayAnanthakrishnan,ashishshukla
RituTak,ashishshukla
SudharsanVeeravalli,ashishshukla
SampathVelaga,ashishshukla
AnujGala,ashishshukla
SriramKrishnaswamy,ashishshukla
RishiPatel,ashishshukla
AbhitejReddy,ashishshukla
AbhinavChoudhury,ashishshukla
PalakSanghavi,ashishshukla
VarunSoni,ashishshukla
ShrutiRailkar,ashishshukla
MadhusudanKamat,ashishshukla
AnuyaWelling,ashishshukla
AdityaUs,ashishshukla
ShashankArora,ashishshukla
AnkitPatodiya,ashishshukla
BhargavPonnapalli,ashishshukla
MohapatraAsish,ashishshukla
AbishekRamesh,ashishshukla
ArpitaGokhale,ashishshukla
RohitMohan,ashishshukla
AmeyaLonkar,ashishshukla
ShivShukla,ashishshukla
ShreyaAnimesh,ashishshukla
SravanthiPoonganam,ashishshukla
SnehaDhage,ashishshukla
AnanthNarayan1,ashishshukla
MohitKhandelwal,ashishshukla
NikhilAbhyankar,ashishshukla
PramodGurudatt,ashishshukla
hamedashrafi,ashishshukla
MamadAsemani,ashishshukla
ssn92,ashishshukla
KasunRangaWijeweera,ChanduParimi
MartinBerka,ChanduParimi
pratim,ChanduParimi
GarvMalik,ChanduParimi
AnirudhRavi,ChanduParimi
VasanArunachalam,ChanduParimi
AnoopKarnik,ChanduParimi
BhanuSrivatsav,ChanduParimi
ThiruvikramanKandhadai,ChanduParimi
ShantanuKallakuri,ChanduParimi
MitulGirotra,ChanduParimi
GaneshAshwin,ChanduParimi
NarenKrishnaMadhurakavi,ChanduParimi
VinayakVR,ChanduParimi
SatyaJulakanti,ChanduParimi
UtkarshDubey,ChanduParimi
RaunakSinghal,ChanduParimi
PinkyHota,ChanduParimi
SiddarthYerram,ChanduParimi
SiddharthDash1,ChanduParimi
NelakuduruVineeth,ChanduParimi
HridyeshTewani,ChanduParimi
PankajMunjal,ChanduParimi
VeenaLahari,ChanduParimi
PrasanthAbraham,ChanduParimi
GokulNathSridhar,ChanduParimi
GunjeshSingh,ChanduParimi
VinodMunna,ChanduParimi
KiranChakravarthula,ChanduParimi
Kalyankarthik,ChanduParimi
VisishtaKarasani,ChanduParimi
CivejJournal,ChanduParimi
RahmanAbdur,ChanduParimi
PradeepReddy,ChanduParimi
SandeepGoli,ChanduParimi
ArchitaSharma,ChanduParimi
KaranGarg,ChanduParimi
ChiragGarg3,ChanduParimi
AkhilCh,ChanduParimi
SalabhGoyal,ChanduParimi
ThainswemongChoudhury,ChanduParimi
ArvindSunder,ChanduParimi
HariKrishnaUpadhyayula,ChanduParimi
SakshamPhul,ChanduParimi
JaidiJeevan,ChanduParimi
sharathchandra,ChanduParimi
SharathJ,ChanduParimi
GajendraSinghChauhan,ChanduParimi
DheerajKumar,ChanduParimi
SwarnaSaiGopiNihal,ChanduParimi
SrinijaVobugari,ChanduParimi
PushkarPrasun,ChanduParimi
SureshaSn,ChanduParimi
RwitajitMajumdar,ChanduParimi
AkhileshSharma1,ChanduParimi
DineshCyanam,ChanduParimi
DeepshaJain,ChanduParimi
VasundharaKoppisetty,ChanduParimi
SnehaChemarla,ChanduParimi
SumirKapur,ChanduParimi
JosetteBettanySaltikov,SatyendraTripathi
DurgaMadhabMahapatra,SatyendraTripathi
SreevalsaKolathayar,SatyendraTripathi
RakeshBiswas,SatyendraTripathi
GarvMalik,SatyendraTripathi
FlorianKrampe,SatyendraTripathi
KVachaknavee,SatyendraTripathi
MarkPurdon,SatyendraTripathi
HeeraLal,SatyendraTripathi
AnkushGupta2,SatyendraTripathi
InduMurthy,SatyendraTripathi
HasanMehedi,SatyendraTripathi
MariaTysiachniouk,SatyendraTripathi
BishtSurendra,SatyendraTripathi
VasanArunachalam,SatyendraTripathi
RajeshChandraMishra,SatyendraTripathi
SurajitDasgupta,SatyendraTripathi
VinayakVR,SatyendraTripathi
ApekshyaNiraula,SatyendraTripathi
SuptenSarbadhikari,SatyendraTripathi
RajaneeshShukla,SatyendraTripathi
RichardMeissner,SatyendraTripathi
IrfanRashid,SatyendraTripathi
AndrewWallace,SatyendraTripathi
VivekhPrabakaran,SatyendraTripathi
KarlaJaneGonzalvo,SatyendraTripathi
SiddarthYerram,SatyendraTripathi
NelakuduruVineeth,SatyendraTripathi
SiddharthDash1,SatyendraTripathi
,SatyendraTripathi
PankajMunjal,SatyendraTripathi
GunjeshSingh,SatyendraTripathi
FokhruzZaman,SatyendraTripathi
BalaSubrahamanyamD,SatyendraTripathi
Kalyankarthik,SatyendraTripathi
brajeshpandey,SatyendraTripathi
npathak,SatyendraTripathi
ChiragGarg3,SatyendraTripathi
SaradMishra,SatyendraTripathi
divyagautam3,SatyendraTripathi
NikhilKumar,SatyendraTripathi
MDFazleRabby,SatyendraTripathi
SURENDRAPALSINGHGURJAR,SatyendraTripathi
LusineMargaryan,SatyendraTripathi
SagayaShanthy,SatyendraTripathi
SunilDeepak,SatyendraTripathi
JChandra,SatyendraTripathi
TiwariSatyendra,SatyendraTripathi
sharathchandra,SatyendraTripathi
RatneshPandey,SatyendraTripathi
ShivamMittal4,SatyendraTripathi
,SatyendraTripathi
WaliaShubham,SatyendraTripathi
premprakashsingh,SatyendraTripathi
ErickRoman,SatyendraTripathi
YammaniVenkatSubbaRao,SatyendraTripathi
MPanda,SatyendraTripathi
GBudhya,SatyendraTripathi
MainanRay,SatyendraTripathi
GaneshPedgaonkar,SatyendraTripathi
AshokPeddi,RathnadeepKanaparthi
SabareeshNikhilC,RathnadeepKanaparthi
rkala,RathnadeepKanaparthi
PrashantRana,RathnadeepKanaparthi
GarimaAgrawal8,RathnadeepKanaparthi
RahulShinde1,RathnadeepKanaparthi
GauravOjha,RathnadeepKanaparthi
AlexanderVelikiy,RathnadeepKanaparthi
NitishBhardwaj,RathnadeepKanaparthi
VinayakMeena,RathnadeepKanaparthi
SaiPadmanabhuni,RathnadeepKanaparthi
AbhilashKoleti,RathnadeepKanaparthi
rajaajay37,RathnadeepKanaparthi
AzeemAbdul1,RathnadeepKanaparthi
RohitKumar44,RathnadeepKanaparthi
SaurabhKumar2,RathnadeepKanaparthi
Kalyankarthik,RathnadeepKanaparthi
ShivamChandra,RathnadeepKanaparthi
AbhishekDandona,RathnadeepKanaparthi
SheetalReddy,RathnadeepKanaparthi
JagdeepSingh,RathnadeepKanaparthi
HimanshuSrivastava,RathnadeepKanaparthi
PraveenPendyala,RathnadeepKanaparthi
amankasli,RathnadeepKanaparthi
AnuragAgrawal,RathnadeepKanaparthi
SowmyaChittireddy,RathnadeepKanaparthi
KamidiNitesh,RathnadeepKanaparthi
ShranithLinga,RathnadeepKanaparthi
ritikakurele,RathnadeepKanaparthi
SathwikAkula,RathnadeepKanaparthi
AmitSamdarshi,RathnadeepKanaparthi
SurbhiJain,RathnadeepKanaparthi
DuyuKomo,RathnadeepKanaparthi
RahulGodha,RathnadeepKanaparthi
LakshminarayanaPotukuchi,RathnadeepKanaparthi
IchchitAgrawal,RathnadeepKanaparthi
PoornimaKrothapalli,RathnadeepKanaparthi
JeevanSirela,RathnadeepKanaparthi
SmitKumar,RathnadeepKanaparthi
SachchitBansal,RathnadeepKanaparthi
SrikarVelichety,RathnadeepKanaparthi
RishabhUpadhyay,RathnadeepKanaparthi
HiteshSharma,RathnadeepKanaparthi
DeependraSingh,RathnadeepKanaparthi
RojaVani,RathnadeepKanaparthi
AmanKaushal,RathnadeepKanaparthi
VineetKumar11,RathnadeepKanaparthi
SharmaAshu,RathnadeepKanaparthi
NishanthGaddam,RathnadeepKanaparthi
AbhishekJha,RathnadeepKanaparthi
geekypunk,RathnadeepKanaparthi
vikasmittal,RathnadeepKanaparthi
AvinashSri,RathnadeepKanaparthi
KhethavathVamshiRathod,RathnadeepKanaparthi
AnilSaikrishnaDevarasetty,RathnadeepKanaparthi
PrakharTiwari,RathnadeepKanaparthi
MadhavTomar,RathnadeepKanaparthi
AkashKumar,RathnadeepKanaparthi
SinghSwaroop,RathnadeepKanaparthi
ChetnaMeena,RathnadeepKanaparthi
CausevicAmir,PankajMunjal
GarvMalik,PankajMunjal
OnkarBagaria,PankajMunjal
ChanduParimi,PankajMunjal
VasanArunachalam,PankajMunjal
SatyendraTripathi,PankajMunjal
ThiruvikramanKandhadai,PankajMunjal
JooMascarenhasMateus,PankajMunjal
PrasanthAbraham,PankajMunjal
MurariVarma,PankajMunjal
Kalyankarthik,PankajMunjal
saitejakarnati,PankajMunjal
CivejJournal,PankajMunjal
ChiragGarg3,PankajMunjal
ManpreetSingh,PankajMunjal
RathishArumugam,PankajMunjal
SusantaSethy,PankajMunjal
ShiladityaLaskar,PankajMunjal
SergioCardone,PankajMunjal
JatinJani,PankajMunjal
pranjalranjan,PankajMunjal
ShamsherBahadurSingh,PankajMunjal
SharathJ,PankajMunjal
PeeyushPashine,PankajMunjal
DhanyaJaya,PankajMunjal
SumirKapur,PankajMunjal
SibiAbraham,PankajMunjal
AparajitaSingh,PankajMunjal
RonakJain,PankajMunjal
SankalpGupta1,PankajMunjal
ApoorvaVerma,PankajMunjal
SajunPrasad,PankajMunjal
NitinKotkunde,PankajMunjal
AlaguVel,PankajMunjal
TarunDhiman,PankajMunjal
CivilHyd,PankajMunjal
AtulPawar,PankajMunjal
FaizIqbalFaizSheikh,PankajMunjal
VarunSoni,PankajMunjal
KarthikTejaMummareddi,PankajMunjal
GopikrishnaK,PankajMunjal
IglooJain,PankajMunjal
SnehaThangaraja,PankajMunjal
SachinMsachin,PankajMunjal
SahilRaheja,PankajMunjal
SagarTrehan,PankajMunjal
SwaroopjiMR,PankajMunjal
RupakRaman,PankajMunjal
JagadeeshAnmala,PankajMunjal
guruprasadrao,PankajMunjal
MalagavelliVenu,PankajMunjal
PriyanshuSharma2,PankajMunjal
reshminambiar,PankajMunjal
GhazanfarKhan1,PankajMunjal
VedAnand,PankajMunjal
RajnishKaushik,PankajMunjal
sameermehta,PankajMunjal
TahaElSayed,PankajMunjal
DeshpandeSujay,PankajMunjal
TejaDasari,PankajMunjal
MerinMathew3,PrasanthAbraham
SaumyaJain,PrasanthAbraham
ChanduParimi,PrasanthAbraham
VasanArunachalam,PrasanthAbraham
NikhilMathew,PrasanthAbraham
ElizabethThomas,PrasanthAbraham
SamvitaKalyan,PrasanthAbraham
AmrithaJayadev,PrasanthAbraham
SAgrawal,PrasanthAbraham
SatyaJulakanti,PrasanthAbraham
AndreaDSouza,PrasanthAbraham
SiddarthYerram,PrasanthAbraham
ChanduReghu,PrasanthAbraham
PankajMunjal,PrasanthAbraham
Kalyankarthik,PrasanthAbraham
saitejakarnati,PrasanthAbraham
ChiragGarg3,PrasanthAbraham
ArvindSunder,PrasanthAbraham
AlbertJames,PrasanthAbraham
NairAswin,PrasanthAbraham
SharathJ,PrasanthAbraham
ShivamMittal4,PrasanthAbraham
likithnadella,PrasanthAbraham
PeeyushPashine,PrasanthAbraham
GayathryMohan,PrasanthAbraham
GeorgeLiyah,PrasanthAbraham
GauthamPadmanabhan,PrasanthAbraham
RahulJayakumar,PrasanthAbraham
SreesankaranNamboothiri,PrasanthAbraham
VikkyVishak,PrasanthAbraham
BilalAhmedKhan,PrasanthAbraham
KavyaMohan,PrasanthAbraham
VishakaThekkedath,PrasanthAbraham
SajunPrasad,PrasanthAbraham
SachinRane,PrasanthAbraham
SidharthRaghu,PrasanthAbraham
RohitMathews,PrasanthAbraham
AswindasMohandas,PrasanthAbraham
ThomasRohit,PrasanthAbraham
PasumarthiSandeep,PrasanthAbraham
SristiGupta,PrasanthAbraham
UnniAparna,PrasanthAbraham
SridharAnupKumar,PrasanthAbraham
AmrithaNair,PrasanthAbraham
RReji,PrasanthAbraham
ShruthinP,PrasanthAbraham
BennyMathew,PrasanthAbraham
HariKrishnan,PrasanthAbraham
SwaroopjiMR,PrasanthAbraham
AdityaSubramanyam,PrasanthAbraham
GeorgeJoseph21,PrasanthAbraham
mandarganbavale,PrasanthAbraham
AravindGP,PrasanthAbraham
AnoopJayaram,PrasanthAbraham
MalagavelliVenu,PrasanthAbraham
AhujaKanika,PrasanthAbraham
AshwiniSrihari,PrasanthAbraham
PriyanshuSharma2,PrasanthAbraham
GhazanfarKhan1,PrasanthAbraham
AjayKottakattu,PrasanthAbraham
AppleMicahAmpit,JoseOrtega9
ChristineAngelicaEvangelista,JoseOrtega9
VyeDumale,JoseOrtega9
ChristopherJamesGuira,JoseOrtega9
BeaClarito,JoseOrtega9
AlexJohnAbando,JoseOrtega9
RamosAlbert,JoseOrtega9
RhoshelaRendon,JoseOrtega9
CCastillo,JoseOrtega9
RonaJoyAlderite,JoseOrtega9
HarryBo,JoseOrtega9
ChristianCandido,JoseOrtega9
MarvinArbitrario,JoseOrtega9
VidaSorayaVerzosa,JoseOrtega9
MarkIanNicolasOlivar,JoseOrtega9
NelsonEnano,JoseOrtega9
AnneShangrilaFuentes,JoseOrtega9
MMapanao,JoseOrtega9
DawnCrisologo,JoseOrtega9
ArnoldCesarRomero,JoseOrtega9
ReinnaMicaellaBiaca,JoseOrtega9
CarlEspinas,JoseOrtega9
NeillJohnsonHerrera,JoseOrtega9
RitchieTonzoGamot,JoseOrtega9
TanyaHo,JoseOrtega9
AnnieRodriguez,JoseOrtega9
VCalag,JoseOrtega9
FritzieMaeValenzuela,JoseOrtega9
LejiTolimao,JoseOrtega9
KwisManrique,JoseOrtega9
GilleanneEstrada,JoseOrtega9
JoseAntonioSantos,JoseOrtega9
RonnelPaclibar,JoseOrtega9
LaurenceGido,JoseOrtega9
JaphetMarquez,JoseOrtega9
JessaMaeCamposano,JoseOrtega9
JJYacapin,JoseOrtega9
JethLorenzAng,JoseOrtega9
MaryAnneVillanueva,JoseOrtega9
LibradoJrArante,JoseOrtega9
HannahMarizGo,JoseOrtega9
KyleAdrianBasan,JoseOrtega9
KarenLamorena,JoseOrtega9
PsycheDesireeEenCastillo,JoseOrtega9
RanMaliwat,JoseOrtega9
AlexandraAllysonYap,JoseOrtega9
JorenCalunsag,JoseOrtega9
ClarissaThereseMordeno,JoseOrtega9
JeffersonNueza,JoseOrtega9
AgiIbanez,JoseOrtega9
AbramJohnAlontaga,JoseOrtega9
JosephArthurAvila,JoseOrtega9
ElizabethVelasco3,JoseOrtega9
JoaquinMadamba,JoseOrtega9
JoyElizabethNadua,JoseOrtega9
EdelUgdang,JoseOrtega9
PrincessAlyssaAbid,JoseOrtega9
ChinaHo,JoseOrtega9
JhayEhidio,JoseOrtega9
BryceAbrahamAos,JoseOrtega9
GarvMalik,MurariVarma
SSrinivasaVittala,MurariVarma
ShravyaLahari,MurariVarma
VasanArunachalam,MurariVarma
SatyendraTripathi,MurariVarma
ThiruvikramanKandhadai,MurariVarma
SheronFigarado,MurariVarma
VinayakVR,MurariVarma
SiddarthYerram,MurariVarma
NelakuduruVineeth,MurariVarma
HridyeshTewani,MurariVarma
PankajMunjal,MurariVarma
PrasanthAbraham,MurariVarma
Kalyankarthik,MurariVarma
ChiragGarg3,MurariVarma
RathishArumugam,MurariVarma
SalabhGoyal,MurariVarma
SashankaPaladugu,MurariVarma
JaidiJeevan,MurariVarma
DamodharaMailapalli,MurariVarma
sharathchandra,MurariVarma
ShijuAlex,MurariVarma
SivanParameswaran,MurariVarma
SwarnaSaiGopiNihal,MurariVarma
GP,MurariVarma
AMITKUMARSHARMA,MurariVarma
BalramCheruparambil,MurariVarma
SreesankaranNamboothiri,MurariVarma
MahithaTammineedi,MurariVarma
KavyaMohan,MurariVarma
AashishVyas,MurariVarma
SatTomer,MurariVarma
YusufJaveed,MurariVarma
VishwasKhatri,MurariVarma
RajibMaity,MurariVarma
NitinKotkunde,MurariVarma
BimleshKumar,MurariVarma
TusharTurumella,MurariVarma
DeepaIttimani,MurariVarma
PriyanshiRajput,MurariVarma
JangaReddyManne,MurariVarma
GopikrishnaK,MurariVarma
VarunSoni,MurariVarma
RijilRamchand,MurariVarma
PasumarthiSandeep,MurariVarma
AvinashSoni,MurariVarma
SnehaThangaraja,MurariVarma
MickeleBragg,MurariVarma
RajeevKumar,MurariVarma
SwaroopjiMR,MurariVarma
PraveenReddy30,MurariVarma
mandarganbavale,MurariVarma
JagadeeshAnmala,MurariVarma
akbansal288,MurariVarma
MalagavelliVenu,MurariVarma
ParamitaBhattacharya2,MurariVarma
RakeshPrasanna,MurariVarma
SriKalyanaRamaJ,MurariVarma
VeenaSoraganvi,MurariVarma
VidyaViswanathan,MurariVarma
AritraSarkar,KarthikReddy
sudheerkatta,KarthikReddy
RajeshJosephAbraham,KarthikReddy
AkashDeep,KarthikReddy
SaitejaJakkula,KarthikReddy
VislaKrishna,KarthikReddy
aymankamel,KarthikReddy
HarishvarmaPakalapati,KarthikReddy
NishitBaburaj,KarthikReddy
CvSankar,KarthikReddy
DheerajRao2,KarthikReddy
GeorgePapazafeiropoulos,KarthikReddy
Kalyankarthik,KarthikReddy
AbhishekPatil1,KarthikReddy
NKalyanSrinivasan,KarthikReddy
MadhuHarsha,KarthikReddy
SaiSrinivas,KarthikReddy
RaviTeja143,KarthikReddy
SandeepYadla,KarthikReddy
HemanPhinehas,KarthikReddy
TulasiChowdary,KarthikReddy
MaggiMeghanath,KarthikReddy
FebinJohnJames,KarthikReddy
IqbalFirdaus,KarthikReddy
OmsaiAyyappa,KarthikReddy
RashmitsinghSukhmani,KarthikReddy
ShashankSuresh,KarthikReddy
JitheshCM,KarthikReddy
AbhishekPanchal,KarthikReddy
BijuDas,KarthikReddy
AnanduJayan,KarthikReddy
ChintuMalli,KarthikReddy
ShubhamAgarwal,KarthikReddy
AbhishekManiyar,KarthikReddy
DhirojKumarBehera,KarthikReddy
PotlaRohit,KarthikReddy
PrithviVelicheti,KarthikReddy
VivekTirunagiri,KarthikReddy
RohitSingh142,KarthikReddy
VamsiKrishnaPotluri,KarthikReddy
YogeshKhedar,KarthikReddy
SuchitReddy,KarthikReddy
yugeshegala,KarthikReddy
VinayYadav13,KarthikReddy
JayantSinghal,KarthikReddy
ChandrahasKolla,KarthikReddy
PRADEEPKOSHY,KarthikReddy
NishanthChowdary,KarthikReddy
SameerParuchuri,KarthikReddy
VinodPallapolu,KarthikReddy
VivekDpsv,KarthikReddy
AshwinGujrati,KarthikReddy
KisHoreRv,KarthikReddy
LoverajJestha,KarthikReddy
praveenkumar,KarthikReddy
PrasadBairy,KarthikReddy
AnanyaRay2,KarthikReddy
AmitDe,KarthikReddy
ShivaReddy,KarthikReddy
SachinKamath1,KarthikReddy
AnantGupta,RohitRao
SaiNadimpalli,RohitRao
BandiSailesh,RohitRao
NavtejSinghSaini,RohitRao
CvSankar,RohitRao
Kalyankarthik,RohitRao
RRaj,RohitRao
KrishnaGanesh,RohitRao
AyushAgarwal35,RohitRao
JayanthKumar,RohitRao
SAURABHNARANG,RohitRao
SiddharthDas,RohitRao
ShivaReisende,RohitRao
SantoshRupesh,RohitRao
RRao,RohitRao
KrishnasaiGudavalli,RohitRao
VinaysrichandBandaru,RohitRao
AnishRam,RohitRao
ChaitanyaKolasani,RohitRao
SouravLodh,RohitRao
SaketGuddeti,RohitRao
ArunPrabhath,RohitRao
TejaDevanaboyina,RohitRao
MohanVinay,RohitRao
AlakshyenderSingh,RohitRao
VivekShankar3,RohitRao
PragneshVajram,RohitRao
VarmaPraneethR,RohitRao
ReddyChandrakanth,RohitRao
SaiTeja20,RohitRao
SanthoshDuddu,RohitRao
AnuragPati,RohitRao
SaikatGhosh2,RohitRao
SriChaithanya,RohitRao
VivekAthmakuri,RohitRao
VigneshAnand,RohitRao
SandeshSai,RohitRao
NavajyothKumar,RohitRao
KaliRoshan,RohitRao
vamshikrishna,RohitRao
GouthamiBanoth,RohitRao
DineshMedarametla,RohitRao
SameerParuchuri,RohitRao
KunalSingh1,RohitRao
AyushGupta2,RohitRao
PraneethAmbati,RohitRao
KandepiPrudhviRaj,RohitRao
ChinmayPandey,RohitRao
TejasRavi,RohitRao
VibhuteshSingh,RohitRao
JeevanReddy,RohitRao
AjayKumar162,RohitRao
SravanKumar32,RohitRao
HarshithGadiraju,RohitRao
DineshKumar196,RohitRao
RashiGarg4,RohitRao
DarshanRv,RohitRao
AdarshVenkat,RohitRao
SakethKumar,RohitRao
DeepakDhilip,RohitRao
ShivalGupta,PritishDebnath
RajivBaruah,PritishDebnath
RishabhSamdarshi,PritishDebnath
NayanDas5,PritishDebnath
ArindamBarman,PritishDebnath
AbhinandanBora,PritishDebnath
SwapnilSaha,PritishDebnath
ArindamDutta,PritishDebnath
ParanjyotiLahkar,PritishDebnath
VikashNagar,PritishDebnath
RajMahanta,PritishDebnath
MirazNabiAzad,PritishDebnath
pritamsagarburagohain,PritishDebnath
RupeshBhadu,PritishDebnath
SamujjwalBaruah,PritishDebnath
Avtar,PritishDebnath
PritamPrasad,PritishDebnath
ArunavaMitra,PritishDebnath
SatyadhrikSharma,PritishDebnath
AbhishekAnand57,PritishDebnath
ShivankVerma,PritishDebnath
AakashSrivastava,PritishDebnath
JuwelLaskar,PritishDebnath
MandeepDeka,PritishDebnath
AbhijitRajkhowa,PritishDebnath
SujitSingh4,PritishDebnath
AmlanChakravorty,PritishDebnath
PramodPrasad,PritishDebnath
VedantDutta,PritishDebnath
AbhibasuSen,PritishDebnath
AmanKumar,PritishDebnath
SekharSarma,PritishDebnath
AtishModi,PritishDebnath
DheerajRastogi,PritishDebnath
IrfanJafferSamsi,PritishDebnath
RajkumarSutradhar,PritishDebnath
SumitPatra,PritishDebnath
VaibhavKishore,PritishDebnath
AvinashKumar117,PritishDebnath
SatyamDwivedi,PritishDebnath
ShakibRizvi,PritishDebnath
PruthviRaj,PritishDebnath
GOLAPBORAH,PritishDebnath
AjayChanyal,PritishDebnath
AmleshSingh,PritishDebnath
MdAftabAnsari,PritishDebnath
JitumoniDas,PritishDebnath
PrabinAgarwala,PritishDebnath
BiprajeetKar,PritishDebnath
XigmiBasumatary,PritishDebnath
ArunChouhan,PritishDebnath
RupamBhattacharjee,PritishDebnath
DhaneshwarMandal,PritishDebnath
JAYANTAGOGOI,PritishDebnath
AkhileshKumar19,PritishDebnath
RahulDas34,PritishDebnath
RishabhTyagi,PritishDebnath
BedantaDas,PritishDebnath
PankajjyotiDash,PritishDebnath
AdityaKumarGiri,PritishDebnath
BennyMoses,SantoshRupesh
EshwarVikas,SantoshRupesh
Kalyankarthik,SantoshRupesh
sidhu,SantoshRupesh
RohitRao,SantoshRupesh
SandeepYadla,SantoshRupesh
HabeebSayeed,SantoshRupesh
TarunReddy,SantoshRupesh
SaranCh,SantoshRupesh
RRao,SantoshRupesh
NitishAlluri,SantoshRupesh
SivaKumar471,SantoshRupesh
AnugnaReddy,SantoshRupesh
SarathYarramalli,SantoshRupesh
SrilakshmiChintala,SantoshRupesh
SriHarsha,SantoshRupesh
sreelekhaRevur,SantoshRupesh
ShyamKaruparthy,SantoshRupesh
sahithiseedarala,SantoshRupesh
ArunPrabhath,SantoshRupesh
SaichandChowdary,SantoshRupesh
SriHarshaTirumala,SantoshRupesh
MeherTezz,SantoshRupesh
AmritSingh10,SantoshRupesh
VIVEKDPSV,SantoshRupesh
MadhuDileep,SantoshRupesh
YeswanthAvuthu,SantoshRupesh
NavajyothKumar,SantoshRupesh
SameerParuchuri,SantoshRupesh
SoniaBathija,SantoshRupesh
SoniaBathija,SantoshRupesh
CharithBoppana,SantoshRupesh
AvinashDarsi,SantoshRupesh
ShivajiAlaparthi,SantoshRupesh
NathDeepjyoti,SantoshRupesh
HemanthYadavAradhyula,SantoshRupesh
LavanyaPolavarapu,SantoshRupesh
KarimSk,SantoshRupesh
PrashanthBandlamudi,SantoshRupesh
SwaatyYudhishtir,SantoshRupesh
SujitSajja,SantoshRupesh
AnnapaReddyDineshReddy,SantoshRupesh
ShivaReddy,SantoshRupesh
AnuragSarika,SantoshRupesh
ShivajiChowdary,SantoshRupesh
ManiSegu,SantoshRupesh
ShivajiChowdary,SantoshRupesh
KrishnaChaitanyaVarma,SantoshRupesh
KarimsSachin,SantoshRupesh
Sivapurapu,SantoshRupesh
SrinaagSamudrala,SantoshRupesh
RohanSrivastava4,SantoshRupesh
VasanthaSumanth,SantoshRupesh
KarthikKrishna,SantoshRupesh
SudheerDhulipalla,SantoshRupesh
SunnyDeepak,SantoshRupesh
VenkateshPulivarthi,SantoshRupesh
GowthamReddy,SantoshRupesh
SriramRudraraju,SantoshRupesh
BhupalPolavarapu,SantoshRupesh
SriVenkatPoolla,RRao
SANCHITAGGARWAL,RRao
KrishnaSravanth,RRao
SubhavKalra,RRao
Kalyankarthik,RRao
ArunYadav,RRao
RohitRao,RRao
SandeepYadla,RRao
samanchicharan,RRao
SathyaNarayanan,RRao
SingamJagadeeswarReddy,RRao
SantoshRupesh,RRao
VivekYerubandi,RRao
MohammadAslam,RRao
AkhilSoma,RRao
AbhiCherukuri,RRao
TumuKumar,RRao
SaiPraneethBommasani,RRao
SanjayDhanda,RRao
ReddyArvind,RRao
ArunPrabhath,RRao
PragneshVajram,RRao
SriChaithanya,RRao
YudhisterReddy,RRao
RajShekar13,RRao
RohithRocky,RRao
AakarshRoyal,RRao
MaheshwariAyush,RRao
DineshKaki,RRao
NavajyothKumar,RRao
DattaKiran,RRao
SameerParuchuri,RRao
RakeshBalusa,RRao
KandepiPrudhviRaj,RRao
NihalGoalla,RRao
VivekDpsv,RRao
JayaramRajula,RRao
JeevanReddy,RRao
NitinGauri,RRao
ReddyHitesh,RRao
AjayKumar162,RRao
HarshithGadiraju,RRao
MahendraNalluri,RRao
PrathyushaChowdary,RRao
LohithakshaMMaiyar,RRao
BhavanaReddy9,RRao
KushalSreekar,RRao
VikasSharma196,RRao
AdarshVenkat,RRao
RahulDayal,RRao
SandeepYaganti,RRao
AbhiLash5,RRao
YashwanthChowdary,RRao
ShivaReddy,RRao
SnehaJ2,RRao
SasikanthThota,RRao
BharathKumar,RRao
SantoshVanga,RRao
VasanthaSumanth,RRao
PoojaReddy,RRao
ChanduParimi,SankalpGupta1
VasanArunachalam,SankalpGupta1
SwetabhKumar,SankalpGupta1
SudheerVazrapu,SankalpGupta1
ShantanuKallakuri,SankalpGupta1
SrikantBharadwaj,SankalpGupta1
UMishra,SankalpGupta1
VikasKotha,SankalpGupta1
SarthakGhosh,SankalpGupta1
PankajMunjal,SankalpGupta1
Kalyankarthik,SankalpGupta1
VikramsimhareddyKallam,SankalpGupta1
SriHarsha,SankalpGupta1
VibhorGarg,SankalpGupta1
sharathchandra,SankalpGupta1
RakeshSaripalli,SankalpGupta1
abhinavsrivastava,SankalpGupta1
PRATHAMESHBILGUNDE,SankalpGupta1
VarunChappidi,SankalpGupta1
TejaswiSoori,SankalpGupta1
SavyasacheeJha,SankalpGupta1
AmarKewlani,SankalpGupta1
SushmitaChowdary,SankalpGupta1
VamsiNarne,SankalpGupta1
AnupPampari,SankalpGupta1
PavanKumarThota,SankalpGupta1
PasumarthiSandeep,SankalpGupta1
AshishSarda,SankalpGupta1
YashAgarwal14,SankalpGupta1
SridharAnupKumar,SankalpGupta1
MdMujahedAli,SankalpGupta1
NikhilAyyagari,SankalpGupta1
JagadeeshAnmala,SankalpGupta1
AnkitPatodiya,SankalpGupta1
AyushTripathi2,SankalpGupta1
SarjakShah,SankalpGupta1
AbhishekJain,SankalpGupta1
DeepakKumar,SankalpGupta1
AmeyaLonkar,SankalpGupta1
TripathiKshitij,SankalpGupta1
DhruvSharma9,SankalpGupta1
FarhanRasheed,SankalpGupta1
ChethnKrishna,SankalpGupta1
ShubhamShukla3,SankalpGupta1
SumitSrivastava,SankalpGupta1
SudhanshuSonwane,SankalpGupta1
AlexanderVondrak,SankalpGupta1
AkashSaxena6,SankalpGupta1
MelissaJayne,SankalpGupta1
HimanshuMalik4,SankalpGupta1
PrateekRanjan1,SankalpGupta1
PrateekRanjan,SankalpGupta1
RishitaSurapaneni,AbhiCherukuri
NarasimhanNarasimhan,AbhiCherukuri
Kalyankarthik,AbhiCherukuri
VishnuVardhanVinjam,AbhiCherukuri
RRaj,AbhiCherukuri
KarthicAshokan,AbhiCherukuri
RohitChand,AbhiCherukuri
MohamedHamza4,AbhiCherukuri
SkKhasim,AbhiCherukuri
BhavishyaKamineni,AbhiCherukuri
ChanduValluru,AbhiCherukuri
RRao,AbhiCherukuri
VinaysrichandBandaru,AbhiCherukuri
AkhilKonijeti,AbhiCherukuri
SaiPraneethBommasani,AbhiCherukuri
KilaruNithinKrishna,AbhiCherukuri
ReddyArvind,AbhiCherukuri
AnuraagMulpuri,AbhiCherukuri
PragneshVajram,AbhiCherukuri
RajShekar13,AbhiCherukuri
AakarshRoyal,AbhiCherukuri
VishalMedepalli,AbhiCherukuri
PraneethAmbati,AbhiCherukuri
JeevanReddy,AbhiCherukuri
Baid,AbhiCherukuri
VadlamudiChowdary,AbhiCherukuri
KavuruBharat,AbhiCherukuri
HarshithGadiraju,AbhiCherukuri
MahendraNalluri,AbhiCherukuri
PuneethChowdaryPolavarapu,AbhiCherukuri
ManiRatnam,AbhiCherukuri
SandeepYaganti,AbhiCherukuri
AdarshVenkat,AbhiCherukuri
SagarSolanki2,AbhiCherukuri
AbhiLash5,AbhiCherukuri
AnuragShah1,AbhiCherukuri
JalsaBoyTnkChaitanya,AbhiCherukuri
SastryNarasimha,AbhiCherukuri
GokulMedasani,AbhiCherukuri
DRatakonda,AbhiCherukuri
MParekh,AbhiCherukuri
AnneChaitanya,AbhiCherukuri
MadhaviMovva,AbhiCherukuri
NarraRamaKrishna,AbhiCherukuri
VadlamudiNithin,AbhiCherukuri
JayadevYelamanchi,AbhiCherukuri
UPMAshik,AbhiCherukuri
UdayRoyal,AbhiCherukuri
MatthewDouglas,AbhiCherukuri
ESWANTHravi,AbhiCherukuri
sumersinghgurjar,AbhiCherukuri
VasanArunachalam,GayatriDhara
ThiruvikramanKandhadai,GayatriDhara
SwethaNimmagadda,GayatriDhara
PriyaChowdhary,GayatriDhara
AchyutSiddu,GayatriDhara
BobPenielInapanuri,GayatriDhara
rishabhsaraswat,GayatriDhara
Kalyankarthik,GayatriDhara
balakoteshwar,GayatriDhara
VisishtaKarasani,GayatriDhara
SandeepGoli,GayatriDhara
ChowdharySaiPriya,GayatriDhara
SowmyaChittireddy,GayatriDhara
vamshikrishnakore,GayatriDhara
SashankKurella,GayatriDhara
SowmyaKatragadda,GayatriDhara
DamacharlaSnehankita,GayatriDhara
BabithaMachireddy,GayatriDhara
MakkapatiRohith,GayatriDhara
sahithiseedarala,GayatriDhara
AshishSarda,GayatriDhara
SnehaSingh10,GayatriDhara
AdityaSingh97,GayatriDhara
SufiyanAhmed,GayatriDhara
MounicaJonnalagadda,GayatriDhara
KritiChandra,GayatriDhara
SindhuraNadella,GayatriDhara
ManasaReddy,GayatriDhara
GayatriVeerapaneni,GayatriDhara
AnushaKankanala,GayatriDhara
NimilaJilla,GayatriDhara
GitaKajjam,GayatriDhara
LavanyaSekharamahanti,GayatriDhara
SravanthiPoonganam,GayatriDhara
NavyaVandanapu,GayatriDhara
SaurabhUnni,GayatriDhara
SindhuChejerla,GayatriDhara
GouthamiBoinpally,GayatriDhara
SpoorthiNedunoori,GayatriDhara
SangeetaVatsavai,GayatriDhara
MohdHussain,GayatriDhara
AjayKolan,GayatriDhara
PuvvadiMeghana,GayatriDhara
SushmaBurujupalli,GayatriDhara
MaryamAhmed2,GayatriDhara
PravaliMandava,GayatriDhara
ShravyaLahari,AnupPampari
AnoopKarnik,AnupPampari
SwetabhKumar,AnupPampari
SudheerVazrapu,AnupPampari
ShantanuKallakuri,AnupPampari
PrasanthAkki,AnupPampari
SrikantBharadwaj,AnupPampari
SwethaNimmagadda,AnupPampari
SaiPadmanabhuni,AnupPampari
SarthakGhosh,AnupPampari
SaiTejoKiran,AnupPampari
VinodhReddyChennu,AnupPampari
Kalyankarthik,AnupPampari
JeevanRomee,AnupPampari
VenkateshMundada,AnupPampari
HariKrishnaUpadhyayula,AnupPampari
SriHarsha,AnupPampari
JaidiJeevan,AnupPampari
sharathchandra,AnupPampari
SaiRaghuVamsi,AnupPampari
RakeshSaripalli,AnupPampari
SharathJ,AnupPampari
AkshithAnand,AnupPampari
VarunChappidi,AnupPampari
DineshKumarDasari,AnupPampari
RahulThakur28,AnupPampari
RishiPatel,AnupPampari
SriramKrishnaswamy,AnupPampari
PhanenderReddyKasireddy,AnupPampari
SankalpGupta1,AnupPampari
SajunPrasad,AnupPampari
AshokNaren,AnupPampari
NidhiSri,AnupPampari
ManikantasaiParimi,AnupPampari
KranthiAileni,AnupPampari
DineshVemula,AnupPampari
HariKrishnan,AnupPampari
AnkitPatodiya,AnupPampari
AnushriPampari,AnupPampari
SyedRaziuddin,AnupPampari
JalaiahNandanavanam,AnupPampari
VarshiniLingam,AnupPampari
ganeshsunkavalli,AnupPampari
BunnyBharath,AnupPampari
KrishnaChaitanya47,AnupPampari
RajeshJosephAbraham,ArunPrabhath
ShankarBhukya,ArunPrabhath
VislaKrishna,ArunPrabhath
HarishvarmaPakalapati,ArunPrabhath
Kalyankarthik,ArunPrabhath
,ArunPrabhath
RanaSumit,ArunPrabhath
SandeepKumar24,ArunPrabhath
MadhuHarsha,ArunPrabhath
RohitRao,ArunPrabhath
RaviTeja143,ArunPrabhath
RaviTeja179,ArunPrabhath
OmsaiAyyappa,ArunPrabhath
SatyaTejaswi,ArunPrabhath
RaviTejGunisetty,ArunPrabhath
SantoshRupesh,ArunPrabhath
PriyankaNatani,ArunPrabhath
AnmolGarg,ArunPrabhath
RRao,ArunPrabhath
AnugnaReddy,ArunPrabhath
AnuragThakur1,ArunPrabhath
NazeemSrt,ArunPrabhath
ShariqSa,ArunPrabhath
PrithviVelicheti,ArunPrabhath
RohitSingh142,ArunPrabhath
VamsiKrishnaPotluri,ArunPrabhath
ABisht,ArunPrabhath
VinayYadav13,ArunPrabhath
NavajyothKumar,ArunPrabhath
SameerParuchuri,ArunPrabhath
NishanthChowdary,ArunPrabhath
AbhijitRoy,ArunPrabhath
BabuNaik,ArunPrabhath
PavanSoudharpet,ArunPrabhath
RohitTyagi,ArunPrabhath
AbhishekVerma7,ArunPrabhath
VasanthaSumanth,ArunPrabhath
KoushikJalali,ArunPrabhath
DiggiPandey,ArunPrabhath
AshokChinta,ArunPrabhath
SureshYadav,ArunPrabhath
MannemChowdary,ArunPrabhath
LaxmanAnanthoju,ArunPrabhath
preethamreddy,ArunPrabhath
ShravyaLahari,SaumitraTiwari
SaumyaJain,SaumitraTiwari
SrikanthSuresh,SaumitraTiwari
AnoopKarnik,SaumitraTiwari
SwetabhKumar,SaumitraTiwari
ananthkotti,SaumitraTiwari
SudheerVazrapu,SaumitraTiwari
ShantanuKallakuri,SaumitraTiwari
AurghoBhattacharjee,SaumitraTiwari
NikhilJones,SaumitraTiwari
AmrithaJayadev,SaumitraTiwari
SwethaNimmagadda,SaumitraTiwari
VaibhavKumar44,SaumitraTiwari
SanchitMishra,SaumitraTiwari
AbhilashMirji,SaumitraTiwari
ShubhangiGoswami,SaumitraTiwari
SarthakGhosh,SaumitraTiwari
ShubhamJain85,SaumitraTiwari
SaiTripathy,SaumitraTiwari
Kalyankarthik,SaumitraTiwari
AkshayBhat,SaumitraTiwari
ApoorvaMusunuri,SaumitraTiwari
ShankarVenkatraman,SaumitraTiwari
DeepshikaGilbile,SaumitraTiwari
GuptaChavi,SaumitraTiwari
AbhiramChavali,SaumitraTiwari
KaurManjyot,SaumitraTiwari
AkshithAnand,SaumitraTiwari
SharadaRayan,SaumitraTiwari
DamacharlaSnehankita,SaumitraTiwari
plaharireddy,SaumitraTiwari
NikhitaBhatia,SaumitraTiwari
MdMujahedAli,SaumitraTiwari
AnkitPatodiya,SaumitraTiwari
AgarwalSurbhi,SaumitraTiwari
SharmaDhruv,SaumitraTiwari
TripathiKshitij,SaumitraTiwari
NithinGuptha,SaumitraTiwari
ShyamPv,SaumitraTiwari
AdityaSuripeddi,SaumitraTiwari
SushmithaBelede,SaumitraTiwari
AbhimanyuTomar,SaumitraTiwari
SatishTrivedi,SaumitraTiwari
AbhishekGoyal,SaumitraTiwari
ChanduParimi,PasumarthiSandeep
VasanArunachalam,PasumarthiSandeep
SudheerVazrapu,PasumarthiSandeep
PrasanthAkki,PasumarthiSandeep
SrikantBharadwaj,PasumarthiSandeep
SuryaKlsv,PasumarthiSandeep
PrasanthAbraham,PasumarthiSandeep
MurariVarma,PasumarthiSandeep
SwamyIdln,PasumarthiSandeep
Kalyankarthik,PasumarthiSandeep
ShankarVenkatraman,PasumarthiSandeep
HariKrishnaUpadhyayula,PasumarthiSandeep
SandeepKumar24,PasumarthiSandeep
VikramsimhareddyKallam,PasumarthiSandeep
SriHarsha,PasumarthiSandeep
PraneethMaganti,PasumarthiSandeep
NikhilNallella,PasumarthiSandeep
sharathchandra,PasumarthiSandeep
AkhileshSharma1,PasumarthiSandeep
SoumyaGanguly,PasumarthiSandeep
SankalpGupta1,PasumarthiSandeep
VarunSoni,PasumarthiSandeep
ManikantasaiParimi,PasumarthiSandeep
SridharAnupKumar,PasumarthiSandeep
ShruthinP,PasumarthiSandeep
DineshVemula,PasumarthiSandeep
JVamaraju,PasumarthiSandeep
JagadeeshAnmala,PasumarthiSandeep
RajagopalBojanapalli,PasumarthiSandeep
SameeraRangavajjula,PasumarthiSandeep
SatyaKarthik,PasumarthiSandeep
DilawarTeesawar,PasumarthiSandeep
PraneethReddy25,PasumarthiSandeep
ThilakR,PasumarthiSandeep
KrishnaVarun,PasumarthiSandeep
VasanthKamaraj,PasumarthiSandeep
SurendraGatiganti,PasumarthiSandeep
NrgowthamiReddy,PasumarthiSandeep
Lokeshkumar48,PasumarthiSandeep
SriChaitanyaChadalawada,PasumarthiSandeep
ShipiSivaprakasan,PasumarthiSandeep
ssn92,PasumarthiSandeep
DanRubino,PasumarthiSandeep
GarvMalik,PavanKumarThota
ShravyaLahari,PavanKumarThota
ChanduParimi,PavanKumarThota
VasanArunachalam,PavanKumarThota
AnoopKarnik,PavanKumarThota
SudheerVazrapu,PavanKumarThota
PrasanthAkki,PavanKumarThota
SrikantBharadwaj,PavanKumarThota
VinayakVR,PavanKumarThota
SwethaNimmagadda,PavanKumarThota
SaiPadmanabhuni,PavanKumarThota
SriPrakyathIyyapu,PavanKumarThota
SuryaKlsv,PavanKumarThota
VamseeSundar,PavanKumarThota
SarthakGhosh,PavanKumarThota
RayapureddyveeravenkataramalakshmiNarayanarao,PavanKumarThota
NavyaSahithi,PavanKumarThota
Kalyankarthik,PavanKumarThota
KaranGarg,PavanKumarThota
JeevanRomee,PavanKumarThota
SnehansuPradhan,PavanKumarThota
MadhuHarsha,PavanKumarThota
SriHarsha,PavanKumarThota
JaidiJeevan,PavanKumarThota
sharathchandra,PavanKumarThota
TejeshwarSingh,PavanKumarThota
KodavalliRajesh,PavanKumarThota
DineshKumarDasari,PavanKumarThota
AkhileshSharma1,PavanKumarThota
SowmyaKatragadda,PavanKumarThota
SankalpGupta1,PavanKumarThota
AbhiramKondreddi,PavanKumarThota
NikithaBollipalli,PavanKumarThota
JagadeeshAnmala,PavanKumarThota
UdayaKiranKompella,PavanKumarThota
NaveenCh,PavanKumarThota
AdithyaShourie,PavanKumarThota
KakarlaRahul,PavanKumarThota
ChaitanyaPrasad4,PavanKumarThota
ManiKumar39,PavanKumarThota
varmamanthena,PavanKumarThota
VMudunuri,PavanKumarThota
RahulRoy34,PavanKumarThota
BasilHamed,AhmedAbumarasa
HasanQunoo,AhmedAbumarasa
malser,AhmedAbumarasa
MohammedSuliman,AhmedAbumarasa
OsamaAlisawi,AhmedAbumarasa
AnasDaqqa,AhmedAbumarasa
AhmadKhateb,AhmedAbumarasa
wazenshbair,AhmedAbumarasa
IbrahimHassan28,AhmedAbumarasa
AhmedALmassri,AhmedAbumarasa
MahmoudAbuGhosh,AhmedAbumarasa
MisbahAiad,AhmedAbumarasa
AkmalAldahdouh,AhmedAbumarasa
EngAhmadFarajAllah,AhmedAbumarasa
MotasemMAlwazir,AhmedAbumarasa
AhmedMahmoud23,AhmedAbumarasa
AbdallahAlostaz,AhmedAbumarasa
MahmoudAbuzayed,AhmedAbumarasa
AnasAbuSall,AhmedAbumarasa
BelalWaleed,AhmedAbumarasa
MohammedAlmashharawi,AhmedAbumarasa
HammamNabahin,AhmedAbumarasa
BelalElfarra,AhmedAbumarasa
WajedBIsleem,AhmedAbumarasa
HassanEbeid,AhmedAbumarasa
ZakNasser,AhmedAbumarasa
AhmedAyash,AhmedAbumarasa
EngKhalidAram,AhmedAbumarasa
AhmadSroor,AhmedAbumarasa
EihabElRadie,AhmedAbumarasa
AElshareif,AhmedAbumarasa
AtallahQuader,AhmedAbumarasa
IbrahimShaqura,AhmedAbumarasa
IsmailSafadi,AhmedAbumarasa
KaramMatar,AhmedAbumarasa
ZakaaAldeen,AhmedAbumarasa
AbdellahAbuAbsa,AhmedAbumarasa
SamanthaGaser,AhmedAbumarasa
KatarzynaJednoraek,AhmedAbumarasa
BayanMarasa,AhmedAbumarasa
MhmdALDahdouh,AhmedAbumarasa
SudheerVazrapu,SridharAnupKumar
ThiruvikramanKandhadai,SridharAnupKumar
ShantanuKallakuri,SridharAnupKumar
PrasanthAkki,SridharAnupKumar
PrasanthAbraham,SridharAnupKumar
SwamyIdln,SridharAnupKumar
VinodhReddyChennu,SridharAnupKumar
Kalyankarthik,SridharAnupKumar
PrudhviReddy3,SridharAnupKumar
RahmanAbdur,SridharAnupKumar
ReddyAvinash,SridharAnupKumar
JeevanRomee,SridharAnupKumar
VikramsimhareddyKallam,SridharAnupKumar
SriHarsha,SridharAnupKumar
PraneethMaganti,SridharAnupKumar
sharathchandra,SridharAnupKumar
SashankKurella,SridharAnupKumar
SoumyaGanguly,SridharAnupKumar
AnudeepNaidu,SridharAnupKumar
SankalpGupta1,SridharAnupKumar
SajunPrasad,SridharAnupKumar
VarunSoni,SridharAnupKumar
PasumarthiSandeep,SridharAnupKumar
AshishSarda,SridharAnupKumar
ManikantasaiParimi,SridharAnupKumar
ShahulMohammed,SridharAnupKumar
AnudeepGupta,SridharAnupKumar
karunbhogadula,SridharAnupKumar
DineshVemula,SridharAnupKumar
SaiSriharsha,SridharAnupKumar
SameerParuchuri,SridharAnupKumar
UdayaKiranKompella,SridharAnupKumar
SatyaKarthik,SridharAnupKumar
ShubhamShukla3,SridharAnupKumar
GouthamiBoinpally,SridharAnupKumar
AshishBodhankar,SridharAnupKumar
AkshitaReddy,SridharAnupKumar
PrasadPonnuru,SridharAnupKumar
ssn92,SridharAnupKumar
ThiruvikramanKandhadai,karunbhogadula
ShantanuKallakuri,karunbhogadula
PrasanthAkki,karunbhogadula
Kalyankarthik,karunbhogadula
JeevanRomee,karunbhogadula
VikramsimhareddyKallam,karunbhogadula
SriHarsha,karunbhogadula
PraneethMaganti,karunbhogadula
SashankKurella,karunbhogadula
SoumyaGanguly,karunbhogadula
CGarimella,karunbhogadula
VarunSoni,karunbhogadula
RajeswariGs,karunbhogadula
AshishSarda,karunbhogadula
SiddarthChinda,karunbhogadula
SridharAnupKumar,karunbhogadula
DineshVemula,karunbhogadula
MdMujahedAli,karunbhogadula
AdityaSubramanyam,karunbhogadula
Hemanthtaliya,karunbhogadula
SameerParuchuri,karunbhogadula
AnjaniKumar19,karunbhogadula
RahulReddy,karunbhogadula
UdayaKiranKompella,karunbhogadula
VamshiTarun,karunbhogadula
AshishBodhankar,karunbhogadula
SantoshNarayan,karunbhogadula
ReddySrikara,karunbhogadula
RohitPl,karunbhogadula
PrasadPonnuru,karunbhogadula
RakeshReddy18,karunbhogadula
MpForwardz,karunbhogadula
PrathyushaKamarajugadda,karunbhogadula
SharanYadav,karunbhogadula
AsupTod,karunbhogadula
KoreSachin,karunbhogadula
TarunGuraja,karunbhogadula
ssn92,karunbhogadula
SudheerVazrapu,ShruthinP
ThiruvikramanKandhadai,ShruthinP
BennyMoses,ShruthinP
PrasanthAkki,ShruthinP
SiddarthYerram,ShruthinP
LeelaYanamaddi,ShruthinP
PrasanthAbraham,ShruthinP
Kalyankarthik,ShruthinP
SandeepGoli,ShruthinP
VikramsimhareddyKallam,ShruthinP
PraneethMaganti,ShruthinP
SriHarsha,ShruthinP
JaidiJeevan,ShruthinP
SowmyaChittireddy,ShruthinP
TulasiChowdary,ShruthinP
SaiRaghuVamsi,ShruthinP
TarunReddy,ShruthinP
ShivaReisende,ShruthinP
VarunChappidi,ShruthinP
SandeepChikkala,ShruthinP
MohammadAslam,ShruthinP
SunkaraAshish,ShruthinP
AshokNaren,ShruthinP
ManojKumar307,ShruthinP
PasumarthiSandeep,ShruthinP
ManikantasaiParimi,ShruthinP
VamshedharReddy,ShruthinP
RuthwikBharadwaj,ShruthinP
SasidharKasi,ShruthinP
SaiKrishna,ShruthinP
KrishnaTejaMedavarapu,ShruthinP
LohitReddy,ShruthinP
VivekReddy,ShruthinP
AdilAhmed,ShruthinP
ChethnKrishna,ShruthinP
YaswanthVanarasi,ShruthinP
MuraliMohan14,ShruthinP
SudheerVazrapu,DineshVemula
ThiruvikramanKandhadai,DineshVemula
PrasanthAkki,DineshVemula
SiddarthYerram,DineshVemula
SwamyIdln,DineshVemula
Kalyankarthik,DineshVemula
RahmanAbdur,DineshVemula
ChiragGarg3,DineshVemula
JeevanRomee,DineshVemula
VikramsimhareddyKallam,DineshVemula
PraneethMaganti,DineshVemula
SriHarsha,DineshVemula
SaiRaghuVamsi,DineshVemula
BhaskarAdari,DineshVemula
SashankKurella,DineshVemula
KalyanKota,DineshVemula
GowthamReddy,DineshVemula
RatnasaiKosuru,DineshVemula
AnupPampari,DineshVemula
PasumarthiSandeep,DineshVemula
IndrajitHaridas,DineshVemula
SiddarthChinda,DineshVemula
SridharAnupKumar,DineshVemula
karunbhogadula,DineshVemula
LohitReddy,DineshVemula
ShashidharGorantla,DineshVemula
ANKUSHGUPTA,DineshVemula
ChakradharGavireddy,DineshVemula
KumarReddyPraveen,DineshVemula
RavitejaByna,DineshVemula
PKumar,DineshVemula
PrashanthReddy19,DineshVemula
SravanKota,DineshVemula
AsupTod,DineshVemula
HarshaBeeram,DineshVemula
RiteshReddy,DineshVemula
SaiNaidu2,DineshVemula
samhithasathyagari,DineshVemula
NehaInnanje,SindhuraNadella
EswaraSai,SindhuraNadella
VasanArunachalam,SindhuraNadella
ThiruvikramanKandhadai,SindhuraNadella
SudheerVazrapu,SindhuraNadella
AntarikshaYelkawar,SindhuraNadella
PrasanthAkki,SindhuraNadella
SwethaNimmagadda,SindhuraNadella
SaiPadmanabhuni,SindhuraNadella
SuryaKlsv,SindhuraNadella
ShubhamJain85,SindhuraNadella
AbdulRauf,SindhuraNadella
VeenaLahari,SindhuraNadella
Kalyankarthik,SindhuraNadella
NavyaSahithi,SindhuraNadella
PraveenPendyala,SindhuraNadella
AnvithaAdhikarla,SindhuraNadella
SriHarsha,SindhuraNadella
SowmyaChittireddy,SindhuraNadella
JaidiJeevan,SindhuraNadella
TejeshwarSingh,SindhuraNadella
SowmyaKatragadda,SindhuraNadella
GautamGunda,SindhuraNadella
santoshnalamothu,SindhuraNadella
GayatriDhara,SindhuraNadella
SaiPavanKumar,SindhuraNadella
VarunSoni,SindhuraNadella
SaiSriharsha,SindhuraNadella
AnushaKankanala,SindhuraNadella
SurabhiPaharia,SindhuraNadella
RaviTeja,SindhuraNadella
KanakasunandaVemulapalli,SindhuraNadella
ArunPrasadJavvaji,SindhuraNadella
GouthamiBoinpally,SindhuraNadella
MadhurimaMunjuluri,SindhuraNadella
SindhuChaithanya,SindhuraNadella
samyukthagandham,SindhuraNadella
SmayanaSreeram,SindhuraNadella
ShravyaLahari,NikhilAyyagari
SwetabhKumar,NikhilAyyagari
ThiruvikramanKandhadai,NikhilAyyagari
SwethaNimmagadda,NikhilAyyagari
ShubhamJain85,NikhilAyyagari
SwamyIdln,NikhilAyyagari
Kalyankarthik,NikhilAyyagari
KetanShahade,NikhilAyyagari
SivaPrasad78,NikhilAyyagari
SriHarsha,NikhilAyyagari
sharathchandra,NikhilAyyagari
NarayananAnanth,NikhilAyyagari
ChandraVikas,NikhilAyyagari
AkshayAnanthakrishnan,NikhilAyyagari
SoumyaGanguly,NikhilAyyagari
GowthamReddy,NikhilAyyagari
SavyasacheeJha,NikhilAyyagari
KiranGolla,NikhilAyyagari
SriramKrishnaswamy,NikhilAyyagari
RishiPatel,NikhilAyyagari
SibiAbraham,NikhilAyyagari
SankalpGupta1,NikhilAyyagari
AshokNaren,NikhilAyyagari
AshishSarda,NikhilAyyagari
NaveenReddyYedla,NikhilAyyagari
PradeepKiran,NikhilAyyagari
HariKrishnan,NikhilAyyagari
MdMujahedAli,NikhilAyyagari
TarunKakar,NikhilAyyagari
AsheeshMahindrakar,NikhilAyyagari
SushantKumar,NikhilAyyagari
GauravJaiswal9,NikhilAyyagari
ShivtejaAyyagari,NikhilAyyagari
AnirudhreddySafal,NikhilAyyagari
AdityaAnnangi,NikhilAyyagari
KarthikReddy2,NikhilAyyagari
ssn92,NikhilAyyagari
SrikanthSuresh,AdityaSubramanyam
SwetabhKumar,AdityaSubramanyam
ThiruvikramanKandhadai,AdityaSubramanyam
SudheerVazrapu,AdityaSubramanyam
ShantanuKallakuri,AdityaSubramanyam
PrasanthAkki,AdityaSubramanyam
GaneshAshwin,AdityaSubramanyam
SrikantBharadwaj,AdityaSubramanyam
SwethaNimmagadda,AdityaSubramanyam
GokulNathSridhar,AdityaSubramanyam
NamanBafna,AdityaSubramanyam
PrasanthAbraham,AdityaSubramanyam
krishnakarthick,AdityaSubramanyam
VishalRaveendranathan,AdityaSubramanyam
Kalyankarthik,AdityaSubramanyam
BalakrishnanRaghavan,AdityaSubramanyam
VikramsimhareddyKallam,AdityaSubramanyam
PraneethMaganti,AdityaSubramanyam
SriHarsha,AdityaSubramanyam
SaiRaghuVamsi,AdityaSubramanyam
vamshikrishnakore,AdityaSubramanyam
SharathJ,AdityaSubramanyam
AravindKarthik,AdityaSubramanyam
PavitraVenkateswaran,AdityaSubramanyam
SuryaTeja,AdityaSubramanyam
AkshayAnanthakrishnan,AdityaSubramanyam
AdhithiKanthan,AdityaSubramanyam
SavyasacheeJha,AdityaSubramanyam
SriramKrishnaswamy,AdityaSubramanyam
VenkyIyer,AdityaSubramanyam
VishnuNarayanan,AdityaSubramanyam
karunbhogadula,AdityaSubramanyam
AbhishekNair10,AdityaSubramanyam
BalajiHR,AdityaSubramanyam
UdayaKiranKompella,AdityaSubramanyam
ChethnKrishna,AdityaSubramanyam
SurajSingh,AdityaSubramanyam
ShDabour,NavajyothKumar
AmarjotSingh,NavajyothKumar
SivaNandyala,NavajyothKumar
PrashantChandra,NavajyothKumar
sydulumaheswarapusydulu,NavajyothKumar
AniketGarg,NavajyothKumar
SomanaSarath,NavajyothKumar
Kalyankarthik,NavajyothKumar
AmitKumar905,NavajyothKumar
RohitRao,NavajyothKumar
JournalIJEL,NavajyothKumar
SantoshRupesh,NavajyothKumar
SandeepKumar67,NavajyothKumar
EmyFacundes,NavajyothKumar
RRao,NavajyothKumar
AnugnaReddy,NavajyothKumar
ArunPrabhath,NavajyothKumar
PaulinaMadrigalVargas,NavajyothKumar
SameerParuchuri,NavajyothKumar
NishanthChowdary,NavajyothKumar
MustafaAhmed11,NavajyothKumar
ShubhamRander,NavajyothKumar
SaiKiranPalika,NavajyothKumar
SiddhuSiddhartha,NavajyothKumar
HarishTalari,NavajyothKumar
MaheshKumar8,NavajyothKumar
KunalRoy6,NavajyothKumar
ArunKarngala,NavajyothKumar
ksharma,NavajyothKumar
VasanthaSumanth,NavajyothKumar
ShamilRasheed,NavajyothKumar
niharikachaudhary,NavajyothKumar
UDAYPANDEY,NavajyothKumar
VenkateshMegavath,NavajyothKumar
ArpitRaj2,NavajyothKumar
ChanduParimi,JagadeeshAnmala
VasanArunachalam,JagadeeshAnmala
SatyendraTripathi,JagadeeshAnmala
SuryaKlsv,JagadeeshAnmala
HridyeshTewani,JagadeeshAnmala
PankajMunjal,JagadeeshAnmala
VeenaLahari,JagadeeshAnmala
VinodMunna,JagadeeshAnmala
MurariVarma,JagadeeshAnmala
Kalyankarthik,JagadeeshAnmala
SashankaPaladugu,JagadeeshAnmala
JaidiJeevan,JagadeeshAnmala
sharathchandra,JagadeeshAnmala
KoushikSai,JagadeeshAnmala
VenkataSriramaKrishnaTejaKonduri,JagadeeshAnmala
SankalpGupta1,JagadeeshAnmala
NitinKotkunde,JagadeeshAnmala
GopikrishnaK,JagadeeshAnmala
PasumarthiSandeep,JagadeeshAnmala
PavanKumarThota,JagadeeshAnmala
NaveenReddyYedla,JagadeeshAnmala
mandarganbavale,JagadeeshAnmala
MalagavelliVenu,JagadeeshAnmala
bharatreddy5,JagadeeshAnmala
SivakumarMvn,JagadeeshAnmala
SumitSrivastava,JagadeeshAnmala
KrithikaAishwarya,JagadeeshAnmala
JalaiahNandanavanam,JagadeeshAnmala
KurraSuresh,JagadeeshAnmala
MahenderReddy13,JagadeeshAnmala
VijayReddy,JagadeeshAnmala
HemanthkumarNarsetti,JagadeeshAnmala
BarlaMadhavi,JagadeeshAnmala
JeswithaChintalacheruvu,JagadeeshAnmala
akhilkanuparthi,JagadeeshAnmala
SwetabhKumar,SameerParuchuri
ShantanuKallakuri,SameerParuchuri
PrasanthAkki,SameerParuchuri
UpasanaHembram,SameerParuchuri
CvSankar,SameerParuchuri
Kalyankarthik,SameerParuchuri
KarthikReddy,SameerParuchuri
RohitRao,SameerParuchuri
PraneethMaganti,SameerParuchuri
SriHarsha,SameerParuchuri
SowmyaChittireddy,SameerParuchuri
ShivaReisende,SameerParuchuri
SanjayKumar,SameerParuchuri
VarunChappidi,SameerParuchuri
SantoshRupesh,SameerParuchuri
RRao,SameerParuchuri
PratikBhavsar,SameerParuchuri
AnugnaReddy,SameerParuchuri
dileepgrandhi,SameerParuchuri
AdityaBattu,SameerParuchuri
KasarlaSreeram,SameerParuchuri
ArunPrabhath,SameerParuchuri
SridharAnupKumar,SameerParuchuri
karunbhogadula,SameerParuchuri
BinodDriller,SameerParuchuri
NavajyothKumar,SameerParuchuri
RisheekRishi,SameerParuchuri
HarikaJayam,SameerParuchuri
VishalNaidu1,SameerParuchuri
Nandipati,SameerParuchuri
RamNP,SameerParuchuri
MassyJob,SameerParuchuri
AsupTod,SameerParuchuri
EswaraSai,PradeepR
SrikanthSuresh,PradeepR
PraneethSmk,PradeepR
VaibhavKumar44,PradeepR
AbhilashMirji,PradeepR
RahulDubey22,PradeepR
VinodhReddyChennu,PradeepR
Kalyankarthik,PradeepR
PrudhviReddy3,PradeepR
SrikanthReddy70,PradeepR
RahmanAbdur,PradeepR
NitinMythreya,PradeepR
SuryaPrathap,PradeepR
AkhileshKambhampati,PradeepR
LakshmiNarayanaG,PradeepR
RohithMulugu,PradeepR
ShobhanRoy,PradeepR
RaviTeja,PradeepR
AkhilKakkireni,PradeepR
BhanuChekuri,PradeepR
VishnuVardhan67,PradeepR
venkatreddy,PradeepR
SharatManda,PradeepR
MuniMunnaMunna,PradeepR
HemanthYadavAradhyula,PradeepR
SriKasireddy,PradeepR
AnirudhreddySafal,PradeepR
HemasriSai,PradeepR
AkshayChandgude,PradeepR
NagarajuMandla,PradeepR
ShwetaKoli,PradeepR
EswaraSai,GitaKajjam
ShravyaLahari,GitaKajjam
VasanArunachalam,GitaKajjam
SwetabhKumar,GitaKajjam
SudheerVazrapu,GitaKajjam
AntarikshaYelkawar,GitaKajjam
ShantanuKallakuri,GitaKajjam
SwethaNimmagadda,GitaKajjam
SaiPadmanabhuni,GitaKajjam
SuryaKlsv,GitaKajjam
ShubhamJain85,GitaKajjam
SwamyIdln,GitaKajjam
Kalyankarthik,GitaKajjam
ShankarVenkatraman,GitaKajjam
SowmyaChittireddy,GitaKajjam
TejeshwarSingh,GitaKajjam
SiddardhGouri,GitaKajjam
VenkataSriramaKrishnaTejaKonduri,GitaKajjam
SampathVelaga,GitaKajjam
SowmyaKatragadda,GitaKajjam
GowthamReddy,GitaKajjam
SahithiPinnamaneni,GitaKajjam
GayatriDhara,GitaKajjam
sahithiseedarala,GitaKajjam
SMalayanur,GitaKajjam
AnushaKankanala,GitaKajjam
VanshKhurana,GitaKajjam
GouthamiBoinpally,GitaKajjam
niharikasreeram,GitaKajjam
GouthamKumar18,GitaKajjam
ShravyaLahari,AdithyaShourie
AmritPal,AdithyaShourie
ErRamNiteshArya,AdithyaShourie
SaiPadmanabhuni,AdithyaShourie
SriPrakyathIyyapu,AdithyaShourie
SuryaKlsv,AdithyaShourie
ShubhamJain85,AdithyaShourie
SwamyIdln,AdithyaShourie
Kalyankarthik,AdithyaShourie
RathishArumugam,AdithyaShourie
HariKrishnaUpadhyayula,AdithyaShourie
AnvithaAdhikarla,AdithyaShourie
ChandraVikas,AdithyaShourie
AkshayAnanthakrishnan,AdithyaShourie
AkhileshSharma1,AdithyaShourie
SampathVelaga,AdithyaShourie
SudharsanVeeravalli,AdithyaShourie
RishiPatel,AdithyaShourie
RavitejaBhagi,AdithyaShourie
VishwajeetJonnada,AdithyaShourie
AbhijeetPendyala,AdithyaShourie
PavanKumarThota,AdithyaShourie
bharatreddy5,AdithyaShourie
AjjuVijju,AdithyaShourie
DivyaKv,AdithyaShourie
RamesamGanti,AdithyaShourie
JonnadaGopal,AdithyaShourie
KarthikGoparaju,AdithyaShourie
TAhmed,NitinSamuel
IjseaJournal,NitinSamuel
IjngnJournal,NitinSamuel
AmritPal,NitinSamuel
VinayakVR,NitinSamuel
NikhilJones,NitinSamuel
SaiPadmanabhuni,NitinSamuel
FaisalAhmad3,NitinSamuel
SankhadeepRakshit,NitinSamuel
saileshkondraganti,NitinSamuel
MehtaTanya,NitinSamuel
KanikaVirmani,NitinSamuel
SushmaRao3,NitinSamuel
ShashankGupta49,NitinSamuel
varunkumarreddygoli,NitinSamuel
HarnoorLamba,NitinSamuel
AmanGupta,NitinSamuel
BiswaPrasannaMishra,NitinSamuel
nabeelahmed,NitinSamuel
HemantAgarwal,NitinSamuel
AnishNamasivayam,NitinSamuel
SowmyaManjunath,NitinSamuel
balakoteshwar,NitinSamuel
KamalLohia,NitinSamuel
SandeepGoli,NitinSamuel
RonakJain5,NitinSamuel
RathishArumugam,NitinSamuel
JeevanRomee,NitinSamuel
HariKrishnaUpadhyayula,NitinSamuel
ManuMehrotra,NitinSamuel
SambitChaudhury,NitinSamuel
SachinPrasad5,NitinSamuel
SashankaPaladugu,NitinSamuel
HeenaPahuja,NitinSamuel
AnuLundia,NitinSamuel
AashishBelwalkar,NitinSamuel
NehaMittal,NitinSamuel
GurunathSadhanandan,NitinSamuel
SiddardhGouri,NitinSamuel
PriyaJadwani,NitinSamuel
AkshatKedia,NitinSamuel
LovleshRai,NitinSamuel
VaibhavGogate,NitinSamuel
KoushikSai,NitinSamuel
KodakandlaAvinash,NitinSamuel
AkshayAnanthakrishnan,NitinSamuel
AshishGupta,NitinSamuel
SouvikSaha,NitinSamuel
AnkitaChakraborty,NitinSamuel
ParneetKaur3,NitinSamuel
RahulThakur28,NitinSamuel
PushpRaj2,NitinSamuel
BharatPant,NitinSamuel
MadanSingh,NitinSamuel
BharathBhushan,NitinSamuel
AMohanty,NitinSamuel
AshiffShaik,NitinSamuel
ArunJain,NitinSamuel
KaranGupta18,NitinSamuel
PhaniKishore2,NitinSamuel
AmitVerma,RohanSharma
VimlenduJha,RohanSharma
AnubhavDas,RohanSharma
RoyRituraj,RohanSharma
ShubhamJindal,RohanSharma
JhaNikhil,RohanSharma
AshwinChandrasekhar,RohanSharma
AdityaGrover,RohanSharma
VatsalNaresh,RohanSharma
CharudattChaudhari,RohanSharma
AkhilSaiAnumolu,RohanSharma
LohiUppalapati,RohanSharma
ShitanshuJain,RohanSharma
AnkitGupta25,RohanSharma
AnmolBansal,RohanSharma
PrernaBhagi,RohanSharma
SiddharthJain46,RohanSharma
StephaniaMathew,RohanSharma
AdityaBhatt5,RohanSharma
HimanishGanjoo,RohanSharma
SumitBinnani,RohanSharma
priyankasuneja,RohanSharma
PremSolanki,RohanSharma
JayantJain,RohanSharma
AkshitSandooja,RohanSharma
AgamGoel,RohanSharma
RoshanMishra,RohanSharma
AnubhaKaushik,RohanSharma
VandinikaShukla,RohanSharma
JeevanRomee,RohanSharma
JeevanRomee,RohanSharma
GauravGupta38,RohanSharma
KaranMankotia,RohanSharma
YadavPalak,RohanSharma
VipulAggarwal,RohanSharma
HJain,RohanSharma
SagarArora,RohanSharma
ShubhangniGupta,RohanSharma
ArushiPrakash,RohanSharma
DaminiMohan,RohanSharma
TrishanuBorah,RohanSharma
NisheetGulati,RohanSharma
VeethiVyas,RohanSharma
SagarRaheja,RohanSharma
NamanSharma1,RohanSharma
NehaJawalkar,RohanSharma
JainSaloni,RohanSharma
VrindaDharmarha,RohanSharma
GarimaBatra,RohanSharma
KartikSinghal,RohanSharma
AnkitSaxena14,RohanSharma
JyoteshSingh,RohanSharma
VinayChaubey,RohanSharma
RPriyadarshi,RohanSharma
ShantanuDahiya,RohanSharma
YashAggarwal,RohanSharma
AgarwalChaitanya,RohanSharma
NamanMaheshwari,RohanSharma
ShekharSuman,RohanSharma
MansiGupta3,RohanSharma
SwetabhKumar,AmanGupta
AntarikshaYelkawar,AmanGupta
SudheerVazrapu,AmanGupta
ShantanuKallakuri,AmanGupta
SrikantBharadwaj,AmanGupta
DeepthiMeduri,AmanGupta
NikhilJones,AmanGupta
DushyantMishra,AmanGupta
VivekSaraswat,AmanGupta
SarthakGhosh,AmanGupta
chaitanyapaga,AmanGupta
HridyeshTewani,AmanGupta
SonakshiSharma,AmanGupta
rishabhsaraswat,AmanGupta
BiswaPrasannaMishra,AmanGupta
rajatsaxena,AmanGupta
JeevanRomee,AmanGupta
VikramsimhareddyKallam,AmanGupta
VenkateshHarisyam,AmanGupta
LoveShah,AmanGupta
RakeshSaripalli,AmanGupta
TejeshwarSingh,AmanGupta
WaliaShubham,AmanGupta
sahilgupta1,AmanGupta
VarunChappidi,AmanGupta
AdhithiKanthan,AmanGupta
AkshayAnanthakrishnan,AmanGupta
SoumyaGanguly,AmanGupta
SavyasacheeJha,AmanGupta
AartiKashyap,AmanGupta
RishiPatel,AmanGupta
RohanGoyal,AmanGupta
DeepShah16,AmanGupta
VijayNarayan,AmanGupta
VimarshSrivastava,AmanGupta
AnirudhSriram,AmanGupta
YashAgarwal14,AmanGupta
AdiShantanu,AmanGupta
SnehaSingh10,AmanGupta
ShashankArora,AmanGupta
SaiSriharsha,AmanGupta
ParthKalyani,AmanGupta
LoveVarma,AmanGupta
BeaulaBenny,AmanGupta
VanshKhurana,AmanGupta
VanshKhurana,AmanGupta
AgrawalAkhil,AmanGupta
RohiniShanmugam,AmanGupta
AdityaBharti,AmanGupta
BisleshanDas,AmanGupta
FarhanRasheed,AmanGupta
EkanshGupta,AmanGupta
NirmalGaneshM,AmanGupta
ShubhamShukla3,AmanGupta
PavanKumarReddyMalgari,AmanGupta
PujanKumarVerma,AmanGupta
rituparnsingh,AmanGupta
JayeshSarode,AmanGupta
RajaneniChakradhar,AmanGupta
ShikharAhuja,AmanGupta
SuvonilChatterjee,AchyuthNaidu
MazumdarS,AchyuthNaidu
CharudattChaudhari,AchyuthNaidu
AkhilSaiAnumolu,AchyuthNaidu
RathiTushar,AchyuthNaidu
AroraAnkit,AchyuthNaidu
AlokPacholi,AchyuthNaidu
PranshuAgarwal,AchyuthNaidu
SamhithaGomatam,AchyuthNaidu
SivaBanda,AchyuthNaidu
NitinChakravarthy,AchyuthNaidu
JeevanRomee,AchyuthNaidu
AgniPushp,AchyuthNaidu
NeeharikaPalaka,AchyuthNaidu
AjayBhise,AchyuthNaidu
JaswantNag,AchyuthNaidu
SaiDola,AchyuthNaidu
VishnuChundi,AchyuthNaidu
IshanGupta,AchyuthNaidu
AkankSha,AchyuthNaidu
SistaAsura,AchyuthNaidu
RachitShrivastava,AchyuthNaidu
TejaswiReddy,AchyuthNaidu
RohitNaidu,AchyuthNaidu
HarshitSharma,AchyuthNaidu
SharmaSuryateja,AchyuthNaidu
AbhishekSharma75,AchyuthNaidu
JvnKarthik,AchyuthNaidu
YashaswyRao,AchyuthNaidu
PrateekMaheshwari,AchyuthNaidu
TejasRamesh,AchyuthNaidu
HAhuja,AchyuthNaidu
ArpitaSoni,AchyuthNaidu
RishikRaavi,AchyuthNaidu
ChanakyaKrishna,AchyuthNaidu
PururajSingh,AchyuthNaidu
ShanthanReddy,AchyuthNaidu
ChandraHarsha,AchyuthNaidu
NiradNunna,AchyuthNaidu
PraveenRavipalli,AchyuthNaidu
VivekAnchalia,AchyuthNaidu
AnuragRawat,AchyuthNaidu
ShashiKiran8,AchyuthNaidu
SuyashSrivastava,AchyuthNaidu
SukrutiReddy,AchyuthNaidu
PuranamPicasso,AchyuthNaidu
KapoorShrey,AchyuthNaidu
saikrishnaSrigiriraju,AchyuthNaidu
JaiBharathReddy,AchyuthNaidu
NiteshRai,AchyuthNaidu
RohanDesai,AchyuthNaidu
SudhamshuSekhar,AchyuthNaidu
AnantimRaj,AchyuthNaidu
VijayVarma,AchyuthNaidu
AbhiprayAgrawal,AchyuthNaidu
PendyalaShashank,AchyuthNaidu
YashaswiVenkatNerella,AchyuthNaidu
SiriChandana5,AchyuthNaidu
KumarPankhuri,AchyuthNaidu
KrishnaTeja25,AchyuthNaidu
EswaraSai,GowthamReddy
EstelleAsmodelle,GowthamReddy
SwetabhKumar,GowthamReddy
SudheerVazrapu,GowthamReddy
SaideepKaripalli,GowthamReddy
SaiPadmanabhuni,GowthamReddy
YellaReddy,GowthamReddy
SaiKotha,GowthamReddy
VamsiKrishna,GowthamReddy
PrudhviReddy3,GowthamReddy
ManojBobba,GowthamReddy
SameerAshraf,GowthamReddy
JeevanRomee,GowthamReddy
VenkateshHarisyam,GowthamReddy
SaiSrivatsavaVemu,GowthamReddy
SowmyaChittireddy,GowthamReddy
HussainImam,GowthamReddy
SaiRaghuVamsi,GowthamReddy
ManojDasi,GowthamReddy
TarunNukala,GowthamReddy
SkKhasim,GowthamReddy
VarunChappidi,GowthamReddy
VihariPiratla,GowthamReddy
SoumyaGanguly,GowthamReddy
BharathAkinapally,GowthamReddy
HarishVuba,GowthamReddy
sriswaroopDasari,GowthamReddy
KarthikPallapothula,GowthamReddy
VasalaSaiKrishna,GowthamReddy
BadaRohit,GowthamReddy
ManikantasaiParimi,GowthamReddy
NaveenReddyYedla,GowthamReddy
SiddarthChinda,GowthamReddy
DineshVemula,GowthamReddy
ReddyManeesh,GowthamReddy
NikhilAyyagari,GowthamReddy
AnudeepCool,GowthamReddy
RaviKanthUppuluri,GowthamReddy
NagendraReddyVennapusa,GowthamReddy
RaviTeja,GowthamReddy
VikramPradhan,GowthamReddy
GitaKajjam,GowthamReddy
ManiSegu,GowthamReddy
SindhuSingumahanti,GowthamReddy
LakshmiNarayana5,GowthamReddy
SivaReddy26,GowthamReddy
SushmaBurujupalli,GowthamReddy
GitaVatsalyaKajjam,GowthamReddy
SaddamRock,GowthamReddy
venkataphanitejamaganti,GowthamReddy
mkishorekumarreddy,GowthamReddy
BhupalReddy,GowthamReddy
ManeeshKarra,GowthamReddy
SinghAmol,GowthamReddy
harshadevireddy,GowthamReddy
kusumakarbodha,GowthamReddy
JUNNURIARAVIND,GowthamReddy
SuhasVenkat,GowthamReddy
VishnuVardhan28,GowthamReddy
ManojBN,GowthamReddy
EswaraSai,MayankGarg5
UtsavGudhaka,MayankGarg5
HarshaAechuri,MayankGarg5
SwetabhKumar,MayankGarg5
IJDPSJournal,MayankGarg5
RahulDubey22,MayankGarg5
DrGarimaMathur,MayankGarg5
PrudhviReddy3,MayankGarg5
ShiladityaLaskar,MayankGarg5
JeevanRomee,MayankGarg5
VineethKartha,MayankGarg5
akashraj,MayankGarg5
SrimanthChaudari,MayankGarg5
NarayananAnanth,MayankGarg5
PeeyushPashine,MayankGarg5
AshuPachauri,MayankGarg5
PrashantManuja,MayankGarg5
SaurabhDharangaonkar,MayankGarg5
MayankGarg26,MayankGarg5
AarthiJanakiraman,MayankGarg5
AbhishekVijayvargia,MayankGarg5
VivekShankar3,MayankGarg5
mandarganbavale,MayankGarg5
SureshFatehpuria,MayankGarg5
ShashikantTiwari3,MayankGarg5
ReballyAditya,MayankGarg5
MohanKumar,MayankGarg5
RagamadhuriNallam,MayankGarg5
VasudhaBhadoria,MayankGarg5
RajendraShukla,MayankGarg5
AhamedJeelani,MayankGarg5
PrabhjotSingh17,MayankGarg5
NagaprasadKPBhat,MayankGarg5
NarendraAgrawal,MayankGarg5
ambikashankerShukla,MayankGarg5
JayatiShukla,MayankGarg5
SatyamAgarwal,MayankGarg5
PranayNimje,MayankGarg5
VartikaAgrawal2,MayankGarg5
NithinPramodVemuri,MayankGarg5
HemantAgrawal4,MayankGarg5
GeethaMaruvadaDeviprasad,MayankGarg5
BoonSernChew,MayankGarg5
TarunSharma86,MayankGarg5
RiteshReddy,MayankGarg5
chewsern,MayankGarg5
NeerajBanthia,MayankGarg5
PavanAlluri,MayankGarg5
AbhishekJarwal,MayankGarg5
jonathanmakomo,MayankGarg5
KenFujimoto,MayankGarg5
mohamedsalman1,MayankGarg5
SimonaPetroni,MayankGarg5
,TusharTurumella
PrasanthAbraham,TusharTurumella
ShrenikKhot,TusharTurumella
MandeepSingh132,TusharTurumella
AmberMohit,TusharTurumella
HarshitMalik,TusharTurumella
ShravyaLahari,TusharTurumella
HarishBala,TusharTurumella
SantoshReddy21,TusharTurumella
TusharBindal,TusharTurumella
StewartFrancis,TusharTurumella
VardanNagar,TusharTurumella
NeeleshTanwar,TusharTurumella
AnkitaVerma19,TusharTurumella
VasanArunachalam,TusharTurumella
SwetabhKumar,TusharTurumella
HrishikeshNandakumarKulkarni,TusharTurumella
AkhilMalik,TusharTurumella
SmitKumar2,TusharTurumella
RishabhBajaj,TusharTurumella
NitinSamuel,TusharTurumella
SriPrakyathIyyapu,TusharTurumella
MadhavaTurumella,TusharTurumella
KamalGaneriwala,TusharTurumella
PriyankaKeshavdas,TusharTurumella
DipakDaga,TusharTurumella
VijitSonawane,TusharTurumella
MurariVarma,TusharTurumella
PrateekAgarwal12,TusharTurumella
AbhisekMohanty,TusharTurumella
PraveenKumar719,TusharTurumella
JeevanRomee,TusharTurumella
viveknimbarmunde,TusharTurumella
SrishtiSahu,TusharTurumella
SpbKumar,TusharTurumella
JimmyJoy,TusharTurumella
AbhishekPrasad,TusharTurumella
HimanshuDas,TusharTurumella
RahulThakur28,TusharTurumella
AshutoshSarda,TusharTurumella
SahithiMaley,TusharTurumella
DileepMore,TusharTurumella
AmritaBanerjee,TusharTurumella
BhargavYakkaladevi,TusharTurumella
AppuPaduthol,TusharTurumella
WadhwaAbhishek,TusharTurumella
kelvinweymes,TusharTurumella
MuralidharanErumpala,TusharTurumella
MallikarjunKarra,VijayNarayan
ShravyaLahari,VijayNarayan
PradvaySivashankar,VijayNarayan
PrasanthAkki,VijayNarayan
RahulSeth,VijayNarayan
MihirHaryal,VijayNarayan
SwethaNimmagadda,VijayNarayan
NitinSamuel,VijayNarayan
AnirudhVKrishnan,VijayNarayan
GokulNathSridhar,VijayNarayan
SivaPrasad78,VijayNarayan
balakoteshwar,VijayNarayan
AbhisekMohanty,VijayNarayan
RathishArumugam,VijayNarayan
ShankarVenkatraman,VijayNarayan
JeevanRomee,VijayNarayan
SiddharthaGarud,VijayNarayan
SashankaPaladugu,VijayNarayan
SesharunKarumanchi,VijayNarayan
AnandParmar,VijayNarayan
NitishNayak,VijayNarayan
KodakandlaAvinash,VijayNarayan
AmanGupta,VijayNarayan
RahulThakur28,VijayNarayan
RavitejaBhagi,VijayNarayan
GokulRaghuraman,VijayNarayan
AbhinavChoudhury,VijayNarayan
PraneethSrikanti,VijayNarayan
,VijayNarayan
RathoreRajveer,VijayNarayan
SharathKoundinya,VijayNarayan
AgrawalSarthak,VijayNarayan
ManishSoni,VijayNarayan
KrishnaChaitanya,VijayNarayan
BhargavPonnapalli,VijayNarayan
shriyanshvaishya,VijayNarayan
ParthPaik,VijayNarayan
VijayasimhaVellanki,VijayNarayan
RohitMohan,VijayNarayan
HariGarikipati,VijayNarayan
BhaveshKakadiya,VijayNarayan
TalhaMohammed,VijayNarayan
NithyaKoka,VijayNarayan
VivekVenugopal2,VijayNarayan
RekhaLagu,VijayNarayan
PraharshChandra,VijayNarayan
AradhnaMangla,VijayNarayan
GarvMalik,AdityaSingh97
ShravyaLahari,AdityaSingh97
AnoopKarnik,AdityaSingh97
SwetabhKumar,AdityaSingh97
AntarikshaYelkawar,AdityaSingh97
ShantanuKallakuri,AdityaSingh97
MitulGirotra,AdityaSingh97
SwethaNimmagadda,AdityaSingh97
NitinSamuel,AdityaSingh97
FaisalAhmad3,AdityaSingh97
Soham,AdityaSingh97
UtkarshDubey,AdityaSingh97
ShresthaRay,AdityaSingh97
ShubhamJain85,AdityaSingh97
rishabhsaraswat,AdityaSingh97
AbhisekMohanty,AdityaSingh97
JeevanRomee,AdityaSingh97
viveknimbarmunde,AdityaSingh97
RameshAdithya,AdityaSingh97
IyiolaOare,AdityaSingh97
RahulThakur28,AdityaSingh97
AnudeepNaidu,AdityaSingh97
nehalnehal,AdityaSingh97
GayatriDhara,AdityaSingh97
sushantgoel,AdityaSingh97
KritiChandra,AdityaSingh97
shriyanshvaishya,AdityaSingh97
RohiniKar,AdityaSingh97
NeelamPathania,AdityaSingh97
ManuSethi,AdityaSingh97
ArsalanGohar,AdityaSingh97
HarshaBasavaraj,AdityaSingh97
JayeshSarode,AdityaSingh97
SharmaBonika,AdityaSingh97
AjinkyaSathe,AdityaSingh97
AasthaChoudhary,AdityaSingh97
SravanPathipati,AdityaSingh97
PTewari,AdityaSingh97
LuYunSu,AdityaSingh97
HusainBaaqel,AdityaSingh97
ShuangChu,AdityaSingh97
AnirudhMurthy,SnehaSingh10
EswaraSai,SnehaSingh10
SiddharthSharad,SnehaSingh10
MahboobReza,SnehaSingh10
AayushSharma,SnehaSingh10
AmberShukla,SnehaSingh10
AntarikshaYelkawar,SnehaSingh10
PrasanthAkki,SnehaSingh10
AnkitKumar,SnehaSingh10
SrikantBharadwaj,SnehaSingh10
RathoreAnjali,SnehaSingh10
AnamZaman,SnehaSingh10
SwethaNimmagadda,SnehaSingh10
mehaksharma,SnehaSingh10
TusharPrabhakar,SnehaSingh10
NikhilRanjan7,SnehaSingh10
GokulNathSridhar,SnehaSingh10
SuyashHassija,SnehaSingh10
VrashaliKhandelwal,SnehaSingh10
MohitKedia,SnehaSingh10
JeevanRomee,SnehaSingh10
VikramsimhareddyKallam,SnehaSingh10
SriHarsha,SnehaSingh10
AmanGupta,SnehaSingh10
AvinavPansari,SnehaSingh10
SowmyaKatragadda,SnehaSingh10
SavyasacheeJha,SnehaSingh10
SakshiKapoor,SnehaSingh10
DamacharlaSnehankita,SnehaSingh10
AbhishekBagchi,SnehaSingh10
GayatriDhara,SnehaSingh10
AshishSarda,SnehaSingh10
DharSaptarshi,SnehaSingh10
AdiShantanu,SnehaSingh10
MounicaJonnalagadda,SnehaSingh10
KritiChandra,SnehaSingh10
ShwetamberaParashar,SnehaSingh10
ShafaqueAli,SnehaSingh10
KshamtaSharma,SnehaSingh10
PrincessVarsha,SnehaSingh10
AhlamAbuAlSadat,SnehaSingh10
ShravyaLahari,KhareSudeep
VasanArunachalam,KhareSudeep
SwethaNimmagadda,KhareSudeep
NitinSamuel,KhareSudeep
FaisalAhmad3,KhareSudeep
SankhadeepRakshit,KhareSudeep
MehtaTanya,KhareSudeep
KanikaVirmani,KhareSudeep
VasanthRamalingam,KhareSudeep
KartikGupta,KhareSudeep
ShubhamJain85,KhareSudeep
SChopra,KhareSudeep
HarnoorLamba,KhareSudeep
ApratimMaitra,KhareSudeep
SoumyajyotiBhowmick,KhareSudeep
HanzlaRahman,KhareSudeep
Jaidka,KhareSudeep
AnubhavProothi,KhareSudeep
SowmyaManjunath,KhareSudeep
RonakJain5,KhareSudeep
DivyaYadav7,KhareSudeep
JeevanRomee,KhareSudeep
TanmayJain,KhareSudeep
viveknimbarmunde,KhareSudeep
ManuMehrotra,KhareSudeep
SachinPrasad5,KhareSudeep
JaidiJeevan,KhareSudeep
NeelanjanBhattacharya,KhareSudeep
SAtri,KhareSudeep
GurunathSadhanandan,KhareSudeep
ApoorvaDave,KhareSudeep
AkshatKedia,KhareSudeep
KhyateshChavan,KhareSudeep
SDeshkar,KhareSudeep
VishalBeotra,KhareSudeep
ParneetKaur3,KhareSudeep
RahulThakur28,KhareSudeep
TavishiRanjan,KhareSudeep
RanaAnupama,KhareSudeep
KunalBhatt,KhareSudeep
AmitashOjha,PaladhiKumar
RatanRahul,PaladhiKumar
JeevanRomee,PaladhiKumar
Sakethsainarayana,PaladhiKumar
TaruniKancharla,PaladhiKumar
DivyaKodali,PaladhiKumar
CharanMedisetty,PaladhiKumar
AnuraagPulumati,PaladhiKumar
KatakamPrashanth,PaladhiKumar
VinodKumar376,PaladhiKumar
SaikrishnaSama,PaladhiKumar
UdayReddy,PaladhiKumar
BapujiVarma,PaladhiKumar
ChandraKanth4,PaladhiKumar
NishanthNair1,PaladhiKumar
NishanthNair1,PaladhiKumar
SomnathGwynnor,PaladhiKumar
RanjanMelpal,PaladhiKumar
Sgrkchry,PaladhiKumar
ManikantaKrishna,PaladhiKumar
AdityaBheemathati,PaladhiKumar
VijayBhaskar,PaladhiKumar
ShantanVemuganti,PaladhiKumar
BhargavaNissankara,PaladhiKumar
SaiSrinath,PaladhiKumar
GhanapuramSruthi,PaladhiKumar
AbhiRam15,PaladhiKumar
SankeerthReddy,PaladhiKumar
AnupBhimineni,PaladhiKumar
HemanthKrishna,PaladhiKumar
SaiKrishna,PaladhiKumar
PaladhiNetha,PaladhiKumar
JunaidAliKhanBidar,PaladhiKumar
InchargeAtlBvrit,PaladhiKumar
NusrathFathima,PaladhiKumar
RevanthMadasu,PaladhiKumar
SailiRaviKiran,PaladhiKumar
ManshaFatimaa,PaladhiKumar
SmartSmarty,PaladhiKumar
EswaraSai,ManasaReddy
PriyankaRaju,ManasaReddy
VasanArunachalam,ManasaReddy
ManvithaJanagam,ManasaReddy
AntarikshaYelkawar,ManasaReddy
ShantanuKallakuri,ManasaReddy
PrasanthAkki,ManasaReddy
SrikantBharadwaj,ManasaReddy
NikhilJones,ManasaReddy
SwethaNimmagadda,ManasaReddy
SaiPadmanabhuni,ManasaReddy
VeenaLahari,ManasaReddy
krishnakarthick,ManasaReddy
saitejakarnati,ManasaReddy
RathishArumugam,ManasaReddy
JeevanRomee,ManasaReddy
HariKrishnaUpadhyayula,ManasaReddy
SowmyaChittireddy,ManasaReddy
TejeshwarSingh,ManasaReddy
ViswanathKambhampaty,ManasaReddy
SowmyaKatragadda,ManasaReddy
DamacharlaSnehankita,ManasaReddy
PranaviReddy1,ManasaReddy
GayatriDhara,ManasaReddy
NikithaBollipalli,ManasaReddy
ShaliniMahadev,ManasaReddy
RajulaHarishKumarReddy,ManasaReddy
KarthikReddy54,ManasaReddy
ChandiniChoudhary,ManasaReddy
SparshJain,ManasaReddy
LakshmiPraseeda,ManasaReddy
PrashanthVeeramalla,ManasaReddy
pranavdheram,ManasaReddy
bipinchowdary,ManasaReddy
Saurabhm,ManasaReddy
BalnaviorMacasa,ManasaReddy
ZdenkHk,ManasaReddy
GarvMalik,AdityaUs
ShravyaLahari,AdityaUs
DhineshBabu4,AdityaUs
ChanduParimi,AdityaUs
SrikanthSuresh,AdityaUs
AnoopKarnik,AdityaUs
SwetabhKumar,AdityaUs
ShantanuKallakuri,AdityaUs
NikhilJones,AdityaUs
SwethaNimmagadda,AdityaUs
NitinSamuel,AdityaUs
SriPrakyathIyyapu,AdityaUs
FaisalAhmad3,AdityaUs
SarthakGhosh,AdityaUs
ShubhamJain85,AdityaUs
NamanBafna,AdityaUs
SaranSrikanth,AdityaUs
AbhisekMohanty,AdityaUs
JeevanRomee,AdityaUs
AnvithaAdhikarla,AdityaUs
AshishJain16,AdityaUs
AbhinavSharma13,AdityaUs
GovindaPingali,AdityaUs
AmbilySivadas,AdityaUs
GouthamMakkena,AdityaUs
ashishshukla,AdityaUs
VikrantGarg,AdityaUs
VighneshThiruppathi,AdityaUs
ArunReddyKancharla,AdityaUs
UmeshReddyMuli,AdityaUs
PranitKamarshi,AdityaUs
VivekVenugopal2,AdityaUs
SandeepPodishetti,AdityaUs
SandeepBasani,AdityaUs
sumitpaul,AdityaUs
venkatapathyKaliyamoorthy,AdityaUs
KrishnaVijay,JVamaraju
ShravyaLahari,JVamaraju
ChanduParimi,JVamaraju
VasanArunachalam,JVamaraju
AnoopKarnik,JVamaraju
SwetabhKumar,JVamaraju
SudheerVazrapu,JVamaraju
ShantanuKallakuri,JVamaraju
NitinSamuel,JVamaraju
SriPrakyathIyyapu,JVamaraju
PathikJoshi,JVamaraju
ShubhamJain85,JVamaraju
NiyatiParameswaran,JVamaraju
SandeepKavadi,JVamaraju
ApoorvaMusunuri,JVamaraju
JeevanRomee,JVamaraju
viveknimbarmunde,JVamaraju
PriscillaJamir,JVamaraju
PKumari,JVamaraju
AnvithaAdhikarla,JVamaraju
PrachiMehta,JVamaraju
JasasweeDas,JVamaraju
RahulThakur28,JVamaraju
SowmyaKatragadda,JVamaraju
RajyalakshmiKola,JVamaraju
SrilalithaManchala,JVamaraju
PraneethSrikanti,JVamaraju
BharathwajSankaran,JVamaraju
PasumarthiSandeep,JVamaraju
SowmyaTirumanisetti,JVamaraju
NimilaJilla,JVamaraju
PrithviSirolikar,JVamaraju
GogireddyKiranmai,JVamaraju
ThamizhManivannan,JVamaraju
RangaraoSankara,JVamaraju
SaumyaJain,SaiSriharsha
SwetabhKumar,SaiSriharsha
SudheerVazrapu,SaiSriharsha
RaiHimanshu,SaiSriharsha
ShantanuKallakuri,SaiSriharsha
SrikantBharadwaj,SaiSriharsha
SwethaNimmagadda,SaiSriharsha
VeenaLahari,SaiSriharsha
NamanBafna,SaiSriharsha
JeevanRomee,SaiSriharsha
ARCHITASAHU,SaiSriharsha
ShankarVenkatraman,SaiSriharsha
VikramsimhareddyKallam,SaiSriharsha
SriHarsha,SaiSriharsha
SowmyaChittireddy,SaiSriharsha
SaiRaghuVamsi,SaiSriharsha
AmanGupta,SaiSriharsha
VarunChappidi,SaiSriharsha
SowmyaKatragadda,SaiSriharsha
VasundharaKoppisetty,SaiSriharsha
AdwaithGoud,SaiSriharsha
ManikantasaiParimi,SaiSriharsha
SridharAnupKumar,SaiSriharsha
SindhuraNadella,SaiSriharsha
SridevMohapatra,SaiSriharsha
Sampath369,SaiSriharsha
RajeevReddy2,SaiSriharsha
NimilaJilla,SaiSriharsha
TripathiKshitij,SaiSriharsha
SindhuChejerla,SaiSriharsha
AdityaSuripeddi,SaiSriharsha
RamyaKirtanaVaranasi,SaiSriharsha
SuryaVamsy,SaiSriharsha
TeliJohnSudeep,SaiSriharsha
SushmaBurujupalli,SaiSriharsha
SiddharthVishwanath,AmritaKini
ArunabhSingh,AmritaKini
ThejasRajagopal,AmritaKini
GloriaDavis,AmritaKini
SomnathMeher,AmritaKini
LeelaAnnam,AmritaKini
SaumyaMisra,AmritaKini
KaruneshJigyasu,AmritaKini
AnkitGoswami4,AmritaKini
ParvathyNair,AmritaKini
RahulSinghThakur,AmritaKini
PrateekSaxena7,AmritaKini
MradulYadav,AmritaKini
SatarupaBarma,AmritaKini
SowjanyaKanuri,AmritaKini
HimanshuGeed,AmritaKini
AnkitaVerma19,AmritaKini
SubhashishBhadra,AmritaKini
MiteshKarwa,AmritaKini
RachitKothari,AmritaKini
NaseefKpo,AmritaKini
SabarniSen,AmritaKini
GauravAgarwal3,AmritaKini
KshitijChaudhary3,AmritaKini
RadhaMadhuri,AmritaKini
SwatiThakur,AmritaKini
KumarHarshita,AmritaKini
ShipraAgrawal,AmritaKini
DeekshaChugh,AmritaKini
AmarDungdung,AmritaKini
TejovanthN,AmritaKini
RohitSarkar,AmritaKini
ChaitanyaVijay,AmritaKini
KanishkaSinha,AmritaKini
AdityaPrakash,AmritaKini
ShashankShekhar,AmritaKini
KonarkPanday,AmritaKini
PratikGoyal,AmritaKini
RaghavRaghunathan,AmritaKini
VSingh,AmritaKini
BhanuBirla,AmritaKini
GauravKumar,AmritaKini
HarshUpadhyay,AmritaKini
AshishRanjan10,AmritaKini
HariP,AmritaKini
AswathiSreedharan,AmritaKini
AndreaDSouza,AmritaKini
SwapnikaNag,AmritaKini
AkankshaMittal,AmritaKini
ArkoAdhya,AmritaKini
SubirRoy,AmritaKini
ThakurSiddharth,AmritaKini
AbhinavKR,AmritaKini
PrakrinKumar,AmritaKini
AvinashUnni,AmritaKini
YashuYashaswini,AmritaKini
SouravDas45,AmritaKini
chandramoulisharma,AmritaKini
ShodhanSanjeev,AmritaKini
AbhinitModi,AmritaKini
AshishChaulagain,RtrSARAVANANK
AvashPiya,RtrSARAVANANK
RtrReshamGhimire,RtrSARAVANANK
LnAmitavBiswas,RtrSARAVANANK
RtrDillipKhuntia,RtrSARAVANANK
MarilynAxler,RtrSARAVANANK
TeUtiz,RtrSARAVANANK
OsaiKalidasan,RtrSARAVANANK
SIswaryaPhysio,RtrSARAVANANK
ManishSolanki7,RtrSARAVANANK
KarthikArvind,RtrSARAVANANK
VishnuBalu,RtrSARAVANANK
SureshRamasamy3,RtrSARAVANANK
VishnuPriyan2,RtrSARAVANANK
LuxmanGnanakurubaran,RtrSARAVANANK
GnanaPrakash,RtrSARAVANANK
DineshKirupha,RtrSARAVANANK
IJMEjournal,RtrSARAVANANK
PalanivelRajan,RtrSARAVANANK
SarangVijayan,RtrSARAVANANK
PrabhuMoorthy,RtrSARAVANANK
DarshanShah32,RtrSARAVANANK
KarthikVishwanathan,RtrSARAVANANK
ManjunathGowda,RtrSARAVANANK
IppDineshKumarRtr,RtrSARAVANANK
ShruthiVenkat,RtrSARAVANANK
JacobBen,RtrSARAVANANK
AiswaryadeviJaganmohanBTech,RtrSARAVANANK
FranciscoMate,RtrSARAVANANK
ArjunSai,RtrSARAVANANK
BhaskarVijay,RtrSARAVANANK
MylsamyMohanasundaram,RtrSARAVANANK
PSankar,RtrSARAVANANK
HariharanRagothaman,RtrSARAVANANK
KandappanVAVickky,RtrSARAVANANK
VaishnaviVenkatesh,RtrSARAVANANK
PradeepRengaswamy,RtrSARAVANANK
PravinaVDiya,RtrSARAVANANK
sudharsanPV,RtrSARAVANANK
RamPraSad3,RtrSARAVANANK
KumaravelanKaadai,RtrSARAVANANK
PrakashShankar,RtrSARAVANANK
PraveenkhannaUdayakumar,RtrSARAVANANK
GokulnathRajendran,RtrSARAVANANK
Prakashsundar,RtrSARAVANANK
KrishnaKumarr,RtrSARAVANANK
Prakashsundar,RtrSARAVANANK
SNOWBENMASCARENHASSTEPHEN,RtrSARAVANANK
RtrLakshmi,RtrSARAVANANK
UmasudanMass,RtrSARAVANANK
DineshKarthigeyan,RtrSARAVANANK
VHariRamShankar,RtrSARAVANANK
NandhaKumar34,RtrSARAVANANK
GephaNaveenraj,RtrSARAVANANK
apandiyan,RtrSARAVANANK
ThirumaranJayaraman,RtrSARAVANANK
ShruthiNarayanan1,RtrSARAVANANK
PrasanthRamJ,RtrSARAVANANK
KartikRaman,RtrSARAVANANK
PranayChangoiwala,RtrSARAVANANK
HunaidAli,SayandeepMajumder
ShrutiGupta47,SayandeepMajumder
PujaRay,SayandeepMajumder
GourabBhattacharya,SayandeepMajumder
SarbajayaBhattacharya,SayandeepMajumder
PrithwijitMukherjee,SayandeepMajumder
SangbitSamaddar,SayandeepMajumder
PrabahanChakraborty,SayandeepMajumder
SujaanMukherjee,SayandeepMajumder
RitamayaC,SayandeepMajumder
SouraviTarafdar,SayandeepMajumder
SambitPsrasanajitNaik,SayandeepMajumder
PujitaGuha,SayandeepMajumder
SiddharthSikka,SayandeepMajumder
TanmoySanyal,SayandeepMajumder
MarkBorres,SayandeepMajumder
JashojitMukherjee,SayandeepMajumder
UditaMukherjee,SayandeepMajumder
AnaghMukherjee,SayandeepMajumder
RitTar,SayandeepMajumder
RipanSaha,SayandeepMajumder
SushreyoMisra,SayandeepMajumder
SubhanishDey,SayandeepMajumder
RitajitRaychaudhuri,SayandeepMajumder
SayaniMitra,SayandeepMajumder
KhannaNeeraj,SayandeepMajumder
SARBAJITMUKHERJEE,SayandeepMajumder
ChoudharyRitu,SayandeepMajumder
KushalDey,SayandeepMajumder
IndradeepBanerjee,SayandeepMajumder
DevakiGhose,SayandeepMajumder
RohiniDatta,SayandeepMajumder
PurnabhaDasgupta,SayandeepMajumder
VishnuBalu,SayandeepMajumder
AbhishekSarkar,SayandeepMajumder
SubhamMitra,SayandeepMajumder
AakanshaBhaduri,SayandeepMajumder
ShreyoMallik,SayandeepMajumder
MadhubantiDas,SayandeepMajumder
AnubhabSahin,SayandeepMajumder
SreejitDatta,SayandeepMajumder
mridulagarwal,SayandeepMajumder
GautamRajeev,SayandeepMajumder
ShishBasuPalit,SayandeepMajumder
PrateekChoudhary,SayandeepMajumder
BhattacharyyaRahul,SayandeepMajumder
DebleenaTripathi,SayandeepMajumder
ChandanShahi,SayandeepMajumder
SateeshkrishnaDhuli,SayandeepMajumder
RaviVooda,SayandeepMajumder
DebmalyaNandy,SayandeepMajumder
KumarAbhishek,SayandeepMajumder
VipinSharma10,SayandeepMajumder
KarthikDinesh,SayandeepMajumder
TurmoliNeogi,SayandeepMajumder
AmartyaBiswas,SayandeepMajumder
AnushreeBasu,SayandeepMajumder
NeerajGupta,SayandeepMajumder
AmritaPal,SayandeepMajumder
DebarshiMukherjee,SayandeepMajumder
TrishantSimlai,VinodReddy5
AnirudhMurthy,VinodReddy5
GloriaDavis,VinodReddy5
SiddharthSharad,VinodReddy5
MahboobReza,VinodReddy5
AayushSharma,VinodReddy5
AbhimanyuHarlalka,VinodReddy5
HarinderPelia,VinodReddy5
GarimaAgrawal8,VinodReddy5
AyushVashishtha,VinodReddy5
RitamayaC,VinodReddy5
ShreetamSubhrankar,VinodReddy5
AbhaveSharma,VinodReddy5
PriyajeevKumar,VinodReddy5
RadhikaOza,VinodReddy5
AnkitKumar,VinodReddy5
RahulBasu,VinodReddy5
AnushaMandavilli,VinodReddy5
DashNishant,VinodReddy5
RathoreAnjali,VinodReddy5
DhruvGupta17,VinodReddy5
AnamZaman,VinodReddy5
KomalBhatia,VinodReddy5
AyusheeDas,VinodReddy5
SomilGoel,VinodReddy5
PratyushJha,VinodReddy5
MallAkshay,VinodReddy5
BhavyaVats,VinodReddy5
TathagatChatterjee,VinodReddy5
RuchitaLakra,VinodReddy5
ApurvArora,VinodReddy5
PratishRaj,VinodReddy5
AvishekRay,VinodReddy5
NishantVageriya,VinodReddy5
JaideepKanhere,VinodReddy5
TusharPrabhakar,VinodReddy5
SumedhaSahani,VinodReddy5
SuyashHassija,VinodReddy5
AkshayAntony,VinodReddy5
ShantanuDewan,VinodReddy5
AjayMurali,VinodReddy5
VishnuBalu,VinodReddy5
KamalTallam,VinodReddy5
PrateekSharma22,VinodReddy5
PranavAggarwal,VinodReddy5
AvinashUpadhyay3,VinodReddy5
GauravAggarwal,VinodReddy5
srininvasmaddipati,VinodReddy5
GhotonGhosh,VinodReddy5
RushabhVora,VinodReddy5
VaibhavGoel5,VinodReddy5
DebarkaChakraborty,VinodReddy5
VikasKumar,VinodReddy5
PatnaikRohit,VinodReddy5
AkarshGoel,VinodReddy5
MohitGaba,VinodReddy5
NiteshGoyal1,VinodReddy5
AnsumanMishra,VinodReddy5
AnupamMaity1,VinodReddy5
AyushiRastogi,VinodReddy5
IshanDutta,ChitradeepDuttaRoy
KaushikMukherjee,ChitradeepDuttaRoy
AbhishekMitra,ChitradeepDuttaRoy
AnupamBanerjee,ChitradeepDuttaRoy
SohamTalukdar,ChitradeepDuttaRoy
SayandeepMajumder,ChitradeepDuttaRoy
YusufJameel,ChitradeepDuttaRoy
SarthakParui,ChitradeepDuttaRoy
KinjalRoy,ChitradeepDuttaRoy
SibDatta,ChitradeepDuttaRoy
SohamSinha,ChitradeepDuttaRoy
SomnathBandyopadhyay,ChitradeepDuttaRoy
sandipan,ChitradeepDuttaRoy
AbhishekSarkar,ChitradeepDuttaRoy
VishnuBalu,ChitradeepDuttaRoy
SomGhosh,ChitradeepDuttaRoy
MohankrishnaManchala,ChitradeepDuttaRoy
PrateekChoudhary,ChitradeepDuttaRoy
SouvikChakravarty,ChitradeepDuttaRoy
ShashankPandey,ChitradeepDuttaRoy
AKishanSupreet,ChitradeepDuttaRoy
UpabaliSarma,ChitradeepDuttaRoy
PritamBhattacharya,ChitradeepDuttaRoy
JoydeepSaha,ChitradeepDuttaRoy
SaptarshiChatterjee,ChitradeepDuttaRoy
Saikatghoshroy,ChitradeepDuttaRoy
SamiraDaruki,ChitradeepDuttaRoy
AbhishekDutta10,ChitradeepDuttaRoy
DebapratimChakraborty,ChitradeepDuttaRoy
ParsitaKundu,ChitradeepDuttaRoy
saptarshighosal,ChitradeepDuttaRoy
AnanyoBhattacharya,ChitradeepDuttaRoy
AkashBhattacharya,ChitradeepDuttaRoy
SaikatMitra,ChitradeepDuttaRoy
SiddharthKabra,ChitradeepDuttaRoy
BhanjaArindamChowdhury,ChitradeepDuttaRoy
ShalineeSuman,ChitradeepDuttaRoy
DhananjayAhluwalia,ChitradeepDuttaRoy
SantoshGhosh,ChitradeepDuttaRoy
AtanuSikder,ChitradeepDuttaRoy
AnirbanKarak,ChitradeepDuttaRoy
SarathKrishna,ChitradeepDuttaRoy
NireekshaLuke,ChitradeepDuttaRoy
NarenSreenivasan,ChitradeepDuttaRoy
KSau,ChitradeepDuttaRoy
ArighnaRoy,ChitradeepDuttaRoy
vineelyalamarthy,ChitradeepDuttaRoy
PratikChakraborty,ChitradeepDuttaRoy
TamasreeRoy,ChitradeepDuttaRoy
BaishaliDuttaChowdhury,ChitradeepDuttaRoy
SasiTharan,ChitradeepDuttaRoy
VarunShankar,ChitradeepDuttaRoy
GangulyShubhojyoti,ChitradeepDuttaRoy
SahuMonika,ChitradeepDuttaRoy
PriyankaChandrashekar,ChitradeepDuttaRoy
MansyeRonalAyal,ChitradeepDuttaRoy
ShaondipBhattacharya,ChitradeepDuttaRoy
YohhanKarkera,ChitradeepDuttaRoy
VarunSharma36,ChitradeepDuttaRoy
AvijitBose1,ChitradeepDuttaRoy
AnkitAgrawal44,SaravanaPrabhu1
LohithMenchu,SaravanaPrabhu1
RamnikBansal,SaravanaPrabhu1
SharanSivakumar,SaravanaPrabhu1
RahulSrivastav,SaravanaPrabhu1
SureshEn,SaravanaPrabhu1
SwapnilChobe,SaravanaPrabhu1
VishnuBalu,SaravanaPrabhu1
AnilGr,SaravanaPrabhu1
GunjanArora8,SaravanaPrabhu1
SarathYarramalli,SaravanaPrabhu1
AlarkReddy,SaravanaPrabhu1
RaghuramMohan,SaravanaPrabhu1
AvikMahapatra,SaravanaPrabhu1
DhritiRaj,SaravanaPrabhu1
AnudeepGupta,SaravanaPrabhu1
PrajasKaranth,SaravanaPrabhu1
PriyaNissi,SaravanaPrabhu1
DilipReddy,SaravanaPrabhu1
TipuRahaman,SaravanaPrabhu1
ApoorvaDwivedi,SaravanaPrabhu1
ShivaAttili,SaravanaPrabhu1
PrasanthSukhavasi,SaravanaPrabhu1
AcharyaSakthiVel,SaravanaPrabhu1
ShivarajKumar,SaravanaPrabhu1
PMalladi,SaravanaPrabhu1
YashdaAskurn,SaravanaPrabhu1
SatishSaranam,SaravanaPrabhu1
MounikaOruganti,SaravanaPrabhu1
AKalyani,SaravanaPrabhu1
AGopakumar,SaravanaPrabhu1
ChaitanyaPillai,SaravanaPrabhu1
RajanDawar,SaravanaPrabhu1
SuryaKorivipadu,SaravanaPrabhu1
PrasadSubramaniam,SaravanaPrabhu1
NivedithaPeddi,SaravanaPrabhu1
VandanaKorra,SaravanaPrabhu1
KumarReddyA,SaravanaPrabhu1
SimonDoss,SaravanaPrabhu1
RahulRooney,SaravanaPrabhu1
PrajwalKuthnikar,SaravanaPrabhu1
NamrathaDcruz,SaravanaPrabhu1
JosephAbdulla,SaravanaPrabhu1
RajaniKanth5,SaravanaPrabhu1
AmbareeshJonnavittula,SaravanaPrabhu1
SureshKumar487,SaravanaPrabhu1
RubainaAymen,SaravanaPrabhu1
SaiKrishna45,SaravanaPrabhu1
AjayKumar612,SaravanaPrabhu1
Karthikvvs,SaravanaPrabhu1
AarushPatnam,SaravanaPrabhu1
HariniDevulapalli,SaravanaPrabhu1
ChandanUmesha,SaravanaPrabhu1
SaiVeenaSourireToujours,SaravanaPrabhu1
SlSailendra,SaravanaPrabhu1
RajeswariSai,SaravanaPrabhu1
KranthiKumarMarasu,SaravanaPrabhu1
SSandy,SaravanaPrabhu1
yeswanthkuruba,SaravanaPrabhu1
AmulyaGummakonda,SaravanaPrabhu1
AniruddhaChakraborty,AbhishekSarkar
ssarfarazahmed,AbhishekSarkar
SagarnilDas,AbhishekSarkar
AngshumanMajumder,AbhishekSarkar
HomagniBhattacharjee,AbhishekSarkar
SouvikSinhaRoy,AbhishekSarkar
NicolasSacco,AbhishekSarkar
ArkaNag,AbhishekSarkar
SayandeepMajumder,AbhishekSarkar
JayakrishnanMadathilWarriem,AbhishekSarkar
ShainkiBagga,AbhishekSarkar
TRoy,AbhishekSarkar
DebayanGupta,AbhishekSarkar
AbhikMazumder,AbhishekSarkar
ShinjiniSircar,AbhishekSarkar
PrafullaSwain,AbhishekSarkar
HarshaJithin,AbhishekSarkar
VishnuBalu,AbhishekSarkar
AshishMishra,AbhishekSarkar
WasiurRahman,AbhishekSarkar
AubhiHome,AbhishekSarkar
PavanSrinivas,AbhishekSarkar
ApurvaSarkar,AbhishekSarkar
NehaBharadwaj,AbhishekSarkar
AYANDASGUPTA,AbhishekSarkar
PrateekChoudhary,AbhishekSarkar
KinjalBhattacharyya,AbhishekSarkar
SnehaBhansali,AbhishekSarkar
RitwikaRay,AbhishekSarkar
SwagatoBarmanRoy,AbhishekSarkar
abhinavmane,AbhishekSarkar
RanabirBhattacharyya,AbhishekSarkar
SaptarshiChatterjee,AbhishekSarkar
SujitChakraborty1,AbhishekSarkar
SaunakDas,AbhishekSarkar
AChakraborty,AbhishekSarkar
ChiranjibGuhaMajumder,AbhishekSarkar
SurinderSingh20,AbhishekSarkar
ArnabPaul9,AbhishekSarkar
SaumabhaBhattacharya,AbhishekSarkar
BiswasSujay,AbhishekSarkar
prithasaha,AbhishekSarkar
DebaratiDutta2,AbhishekSarkar
JayeetaSarkar,AbhishekSarkar
HindoleChakraborty,AbhishekSarkar
SushenSaha,AbhishekSarkar
DorisPradhan,AbhishekSarkar
BappadityaChoudhury,AbhishekSarkar
AnindyaDey,AbhishekSarkar
AbhaySoman,AbhishekSarkar
rajeevkumar,AbhishekSarkar
PriyankaChandrashekar,AbhishekSarkar
RAJARSHIRAY,AbhishekSarkar
PankajSingh,AbhishekSarkar
DushyantBajaj,AbhishekSarkar
SaurabhBhatt,AbhishekSarkar
VidyaSagar,AbhishekSarkar
SanhitaDas,AbhishekSarkar
APaul,AbhishekSarkar
AbhishekSarkar,AbhishekSarkar
SaravanaKumar202,VenkatramRamanathan
VishnuBalu,VenkatramRamanathan
JinTeng,VenkatramRamanathan
AparnaNambiar,VenkatramRamanathan
AshwathiIyer,VenkatramRamanathan
JitinSurendran,VenkatramRamanathan
PravinRamesh,VenkatramRamanathan
BharathwajChandrasekhar,VenkatramRamanathan
BinRen,VenkatramRamanathan
SharanyaSrinivasan,VenkatramRamanathan
SivaVisakanSooriyan,VenkatramRamanathan
SMurali,VenkatramRamanathan
SumanthKashyap,VenkatramRamanathan
QianZhu,VenkatramRamanathan
SriCharan,VenkatramRamanathan
VaradharajanChandran,VenkatramRamanathan
VigneshKrishnan1,VenkatramRamanathan
DineshKaruppiah,VenkatramRamanathan
AvinashSrikantan,VenkatramRamanathan
PadmajaSasi,VenkatramRamanathan
AjaiNair,VenkatramRamanathan
UmeshKesavan,VenkatramRamanathan
VidyaViswanathan,VenkatramRamanathan
DavidOgirala,VenkatramRamanathan
SrihariRadhakrishnan,VenkatramRamanathan
VivekHari,VenkatramRamanathan
VikramDilip,VenkatramRamanathan
ErdenizBas,VenkatramRamanathan
WeiJiang,VenkatramRamanathan
BharadhwajBalasubramaniam,VenkatramRamanathan
SaiSanthosh5,VenkatramRamanathan
DacongYan,VenkatramRamanathan
RadhikaVenugopal,VenkatramRamanathan
KalpanaRanganathan,VenkatramRamanathan
CherinJoseph,VenkatramRamanathan
MaanasaGanesh,VenkatramRamanathan
UttaraAnanthakrishnan,VenkatramRamanathan
TaraRajendran,VenkatramRamanathan
KameshKumar,VenkatramRamanathan
NisargShah,VenkatramRamanathan
VinodKumarKjc,VenkatramRamanathan
SarangarajanIyengar,VenkatramRamanathan
RajalakshmiRamesh,VenkatramRamanathan
MukundhanMuralidharan,VenkatramRamanathan
ShruthiVenkatesh,VenkatramRamanathan
BalajiVairamuthu,VenkatramRamanathan
NinaFeurer,VenkatramRamanathan
HarishS2,VenkatramRamanathan
SriramRamesh2,VenkatramRamanathan
DeepaDevanathan,VenkatramRamanathan
AshwinGururaghavendran,VenkatramRamanathan
AshutoshSabnis,VenkatramRamanathan
NandakumarSathiyamoorthy,VenkatramRamanathan
BharathGanesh,VenkatramRamanathan
SureshkumarMahaliswamy,VenkatramRamanathan
AnandRaj,VenkatramRamanathan
anukamineni,VenkatramRamanathan
SubramanianSankaran1,VenkatramRamanathan
SatishKumar99,VenkatramRamanathan
VigneshBalasubramanian,VenkatramRamanathan
gauravdahake,PrateekChoudhary
ArunPrasannakumar,PrateekChoudhary
AmitBhojane,PrateekChoudhary
TusharBhargava,PrateekChoudhary
AroraAnkit,PrateekChoudhary
SakethSabbineni,PrateekChoudhary
SayandeepMajumder,PrateekChoudhary
AseemRohatgi,PrateekChoudhary
PrateikPothuneedi,PrateekChoudhary
DebjitMohapatra,PrateekChoudhary
AnupamMaurya,PrateekChoudhary
SudheerMarisetty,PrateekChoudhary
AadityaJain,PrateekChoudhary
SaurabhDwivedi2,PrateekChoudhary
VishnuBalu,PrateekChoudhary
AbhishekSarkar,PrateekChoudhary
AvinashUpadhyay3,PrateekChoudhary
SayanPaul4,PrateekChoudhary
PranjalHaridas,PrateekChoudhary
DevyaniPatra,PrateekChoudhary
TusharGarg8,PrateekChoudhary
TanishqGoyal,PrateekChoudhary
AnkitSinghania,PrateekChoudhary
AnupamDhamija,PrateekChoudhary
NamanRastogi,PrateekChoudhary
VishalVaradharajan,PrateekChoudhary
KrishnapalSingh,PrateekChoudhary
RwitajitMajumdar,PrateekChoudhary
PrashantGupta3,PrateekChoudhary
DivitaBhandari,PrateekChoudhary
DivitaBhandari,PrateekChoudhary
LokeshRaj,PrateekChoudhary
TapanAvasthi,PrateekChoudhary
AsaniLikhithreddy,PrateekChoudhary
TejaswiRaghurama,PrateekChoudhary
GautamAnchalia,PrateekChoudhary
ShashankSahu2,PrateekChoudhary
SainathYalakurthi,PrateekChoudhary
SuryaVangala,PrateekChoudhary
ckstarun,PrateekChoudhary
SameerLodha,PrateekChoudhary
AnshulSharma,PrateekChoudhary
SprihaTantia,PrateekChoudhary
PankajKumar56,PrateekChoudhary
anirudhkumar,PrateekChoudhary
ParveshJain,PrateekChoudhary
VishwaParekh,PrateekChoudhary
RahulAgarwal8,PrateekChoudhary
BharadwajRaghavendra,PrateekChoudhary
DeepakCheenath,PrateekChoudhary
AshishKumar249,PrateekChoudhary
NikhilBanthiya,PrateekChoudhary
AdityaAgarwal,PrateekChoudhary
BiyaniHarsh,PrateekChoudhary
NeelChoudhury,PrateekChoudhary
RaviKiran152,PrateekChoudhary
VivekTiwari49,PrateekChoudhary
Sharvakant,PrateekChoudhary
KnjSandeepKumar,PrateekChoudhary
RaghavKapoor3,PrateekChoudhary
deepikabajaj,SaiPujitha
AnjaliWarrier,SaiPujitha
GiridaranManivannan,SaiPujitha
ArchismanSahoo,SaiPujitha
MukunthRaghavan,SaiPujitha
RovinBhandari,SaiPujitha
KeerthiRaju,SaiPujitha
VishnuBalu,SaiPujitha
GirishRaghav,SaiPujitha
GayathriSivakumar,SaiPujitha
AjayTo,SaiPujitha
Anushvasanth,SaiPujitha
jeh,SaiPujitha
GuruPrasanna,SaiPujitha
YashwantDivakar,SaiPujitha
PraneshBalakrishnan,SaiPujitha
SachinVasant,SaiPujitha
KarthikaAs,SaiPujitha
ArunkumarSomalinga,SaiPujitha
SudhaPrabhu,SaiPujitha
ArjunShivanandKannan,SaiPujitha
NivedithaNarasimhan,SaiPujitha
CRaviprakash,SaiPujitha
RuthuRuthvik,SaiPujitha
PrawinThangaraju,SaiPujitha
gjthKumaravel,SaiPujitha
JananiVenkataraman,SaiPujitha
KiranGowtham,SaiPujitha
YuvaAadhiVenkateswaran,SaiPujitha
SharmilaVenugopal,SaiPujitha
RohitMakheja,SaiPujitha
AmruthaBasker,SaiPujitha
CatherineSharon,SaiPujitha
SamhitaPn,SaiPujitha
AbinayaSwamy,SaiPujitha
KarthikaJayaprakash,SaiPujitha
JayeshLimbani,SaiPujitha
FathimaFara,SaiPujitha
ArunRamachandran,SaiPujitha
SukanyaSuresh,SaiPujitha
GracilBenedict,SaiPujitha
SiddharthNegandhi,SaiPujitha
RagavMaddali,SaiPujitha
RamakrishnaKittu,SaiPujitha
HemaRajesh,SaiPujitha
KumarShantanu2,SaiPujitha
VigneshKumar66,SaiPujitha
RajakumarSundarasamy,SaiPujitha
JainKushboo,SaiPujitha
DhanyaSubramanian,SaiPujitha
InthuKdevan,SaiPujitha
SharmadhaSainath,SaiPujitha
KrishSowmya,SaiPujitha
PankajSharma1,SaiPujitha
SivaranjiniNarayanan,SaiPujitha
AmrithaRangasami,SaiPujitha
ShobanaChokkalingam,SaiPujitha
PoornimaVenkatesh,SaiPujitha
GayathiriAthiappan,SaiPujitha
MeenakshiVaradharajan,SaiPujitha
PriyaRanjan,RamanathanSeshan
AravindanNeelakandan,RamanathanSeshan
AbhishekPandey55,RamanathanSeshan
AmrithamViveka,RamanathanSeshan
VishnuBalu,RamanathanSeshan
GarimallaSubramanian,RamanathanSeshan
,RamanathanSeshan
EmmanuelNaveenKumar,RamanathanSeshan
KaushikSuresh,RamanathanSeshan
MahimaMurali,RamanathanSeshan
SoundaramRamanathan,RamanathanSeshan
AdarshGilly,RamanathanSeshan
AvinashNatarajan,RamanathanSeshan
RamachandranGirish,RamanathanSeshan
SitaramThakare,RamanathanSeshan
KrishnanMurali1,RamanathanSeshan
HarshavardhanShinde,RamanathanSeshan
NavaneeKannan,RamanathanSeshan
RamkrishnaKaranth,RamanathanSeshan
JoseAlan,RamanathanSeshan
RamachandranVenkatesh,RamanathanSeshan
RtrLakshmi,RamanathanSeshan
NaveenCsn,RamanathanSeshan
subramaniankathiravan,RamanathanSeshan
AtulGaur,RamanathanSeshan
NishaanthBalakrishnan,RamanathanSeshan
BharadwajSatchidanandan,RamanathanSeshan
VenkatVishal,RamanathanSeshan
DeepikaIyer,RamanathanSeshan
MihirSaran,RamanathanSeshan
DGuruPrakash,RamanathanSeshan
RajPravin,RamanathanSeshan
SyamkrishnaKamath,RamanathanSeshan
GowrishankarJ,RamanathanSeshan
ManjuVhp,RamanathanSeshan
RashmaVenugopal,RamanathanSeshan
JineshShah,RamanathanSeshan
UmaShankri,RamanathanSeshan
PramodTrivedi,RamanathanSeshan
TapooThakur,RamanathanSeshan
DeerajThiagarajan,RamanathanSeshan
MalvikaBadri,RamanathanSeshan
VyasVed,RamanathanSeshan
SurajSingh7,RamanathanSeshan
AdeepAhmed,RamanathanSeshan
AruneshwarR,RamanathanSeshan
JayKrishnan2,RamanathanSeshan
AKSHAYAVS,RamanathanSeshan
DeekshithaBabu,RamanathanSeshan
SimhanYesyelyen,RamanathanSeshan
SandeepSai1,RamanathanSeshan
YuvabalaJaganathan,RamanathanSeshan
RagavRon,RamanathanSeshan
ShaktaBharat,RamanathanSeshan
HamsavardhanSaravanakumar,RamanathanSeshan
HamsaVardhan,RamanathanSeshan
rpsoni,RamanathanSeshan
SoniJoseph,PAULPRAVEEN
ManojanMaloor,PAULPRAVEEN
yunushAhamedMohamedSherif,PAULPRAVEEN
SubishSebastian,PAULPRAVEEN
MokhtarAliAbduh,PAULPRAVEEN
SampathReddy,PAULPRAVEEN
chandukakarla,PAULPRAVEEN
ChaitanyaSagar,PAULPRAVEEN
VishnuBalu,PAULPRAVEEN
SwarupRaj,PAULPRAVEEN
SantanuPadhi,PAULPRAVEEN
AbhijitJeetu,PAULPRAVEEN
NareshRotte,PAULPRAVEEN
KarthikThangavelu,PAULPRAVEEN
PalliSrinivas,PAULPRAVEEN
AjayaKumarKavala,PAULPRAVEEN
SathishSurab,PAULPRAVEEN
MohdQasim,PAULPRAVEEN
SanthoshKumarGunapu,PAULPRAVEEN
SankarRajendran,PAULPRAVEEN
ChandraPerugu,PAULPRAVEEN
ArjunBuchibabu,PAULPRAVEEN
SandeepMarka,PAULPRAVEEN
RAMESHKONDAPALII,PAULPRAVEEN
Balu,PAULPRAVEEN
ShaShaPetnikota,PAULPRAVEEN
SwathiManivannan,PAULPRAVEEN
HimadriMedhi,PAULPRAVEEN
sooriaprakash,PAULPRAVEEN
SadhwiRavichandran,PAULPRAVEEN
NagaRaju,PAULPRAVEEN
BalajiKBalu,PAULPRAVEEN
AnilKumarYamala,PAULPRAVEEN
SandraDias,PAULPRAVEEN
DurgaPrasad,PAULPRAVEEN
VijayPandian,PAULPRAVEEN
SagarDevabathini,PAULPRAVEEN
ChuchuBeera,PAULPRAVEEN
brindhathirumalairaj,PAULPRAVEEN
LegginsAbraham,PAULPRAVEEN
CharanadharNagavolu,PAULPRAVEEN
RAJESHKUMARMOHANRAMAN,PAULPRAVEEN
paulblessington,PAULPRAVEEN
SrinivasRao15,PAULPRAVEEN
ShaliniSundarrajan,PAULPRAVEEN
ShaliniSundarrajan,PAULPRAVEEN
PskarthiKarthi,PAULPRAVEEN
LegginsAbraham,PAULPRAVEEN
SanthoshKumarK,PAULPRAVEEN
KGovindRaj,PAULPRAVEEN
RajeshRPH1211,PAULPRAVEEN
amitsharma,PAULPRAVEEN
JohnAndrews1,PAULPRAVEEN
BilalIshaq,PAULPRAVEEN
GloriaDavis,MihirSangodkar
AmritaKini,MihirSangodkar
AswinChandrasekharan,MihirSangodkar
SowjanyaKanuri,MihirSangodkar
SiddharajMopkar,MihirSangodkar
TejovanthN,MihirSangodkar
RohitSarkar,MihirSangodkar
ChaitanyaVijay,MihirSangodkar
RaghavRaghunathan,MihirSangodkar
BhanuBirla,MihirSangodkar
AndreaDSouza,MihirSangodkar
KamatRahul,MihirSangodkar
SantoshSingh,MihirSangodkar
ShodhanSanjeev,MihirSangodkar
SrilekhaVedulaKameswari,MihirSangodkar
NikhilMehta,MihirSangodkar
SaeeTulpule,MihirSangodkar
JoyjitMukhopadhyay,MihirSangodkar
DeeptiChourey,MihirSangodkar
RushilAnirudh,MihirSangodkar
AniruddhGalgali,MihirSangodkar
AbhishekGupta,MihirSangodkar
VishnuBalu,MihirSangodkar
NirmalKumar14,MihirSangodkar
AjayPrakash3,MihirSangodkar
AbhinavPrabhakar,MihirSangodkar
SusmitaHaldar,MihirSangodkar
SilviaThomas,MihirSangodkar
AakankshaVerma,MihirSangodkar
AkshathaShenoy,MihirSangodkar
SatyarthSampath,MihirSangodkar
JakeParackal,MihirSangodkar
AnandPaul,MihirSangodkar
RakeshRoshan12,MihirSangodkar
HariM,MihirSangodkar
JosnaVaingankar,MihirSangodkar
DigvijaySingh55,MihirSangodkar
ArjunRamanathan,MihirSangodkar
SantoshSuman,MihirSangodkar
AchintyaKambli,MihirSangodkar
AashiqAgrawal,MihirSangodkar
RavivannanThangaraj,MihirSangodkar
VijayalaxmiSahadevan,MihirSangodkar
SNookala,MihirSangodkar
ShaileshBhat,MihirSangodkar
ManideepRapeti,MihirSangodkar
AmitKabi,MihirSangodkar
NandiniSrinivasan,MihirSangodkar
DiasAliston,MihirSangodkar
SadatImran,MihirSangodkar
AlishaShenoy,MihirSangodkar
PreethiHannah,ArviAravinth
RahulRc,ArviAravinth
VishnuBalu,ArviAravinth
yuvarajKARUPPUSWAMY,ArviAravinth
SakshiPahalwan,ArviAravinth
RaffikRasheed,ArviAravinth
SBahavanth,ArviAravinth
NaveenKumar7,ArviAravinth
AshwinAnanthapadmanabhan,ArviAravinth
SriramKumarRavi,ArviAravinth
RaajG,ArviAravinth
KathiravanSubramaniam,ArviAravinth
DeenM,ArviAravinth
SyedSadiq,ArviAravinth
SwathiMaradhumuthu,ArviAravinth
SwathiMaradhumuthu,ArviAravinth
DharanitharanRavindran,ArviAravinth
SathishKumar349,ArviAravinth
SaravanaKumar9,ArviAravinth
JeevaKrish,ArviAravinth
arunM,ArviAravinth
PradeepMoorthy,ArviAravinth
BaheerathanM,ArviAravinth
HarikrishnanChandramohan,ArviAravinth
SriRam,ArviAravinth
SuwiKrishnan,ArviAravinth
KanmaniRaja,ArviAravinth
JeyanthBabu,ArviAravinth
RishiJain5,ArviAravinth
GowsikNagaraj,ArviAravinth
NivedithaKamalakannan,ArviAravinth
NandiniRajagopal,ArviAravinth
AshiqAhamed,ArviAravinth
DeepaaAnandhi,ArviAravinth
SandipaMaheswari,ArviAravinth
KongJonathan,ArviAravinth
SundarVinayagam,ArviAravinth
RajendranAshwin,ArviAravinth
BaBi2,ArviAravinth
NelvinReynald,ArviAravinth
SabariMurugesan,ArviAravinth
SambathAR,ArviAravinth
HirakBaruah,ArviAravinth
TaekyumKim,ArviAravinth
SelvaRavishankar,ArviAravinth
Balatug,ArviAravinth
KavyaTony,ArviAravinth
YogeshSingh,ArviAravinth
SwathikaSri,ArviAravinth
AndrGENTRIC,ArviAravinth
MalteshMotebennur,SachinVasant
AthiraNair,SachinVasant
VishnuBalu,SachinVasant
VVenkatachalam,SachinVasant
IndhuKanth,SachinVasant
ijcisjournal,SachinVasant
AbhinavVenkataraman,SachinVasant
SaiPujitha,SachinVasant
GuruPrasanna,SachinVasant
KarthikaAs,SachinVasant
AahnikBaruah,SachinVasant
PavithraKrishnaPrasad,SachinVasant
AmitSingh1,SachinVasant
YadavPradyumna,SachinVasant
ShafaquatBari,SachinVasant
SnehaUdyavar,SachinVasant
SharmilaVenugopal,SachinVasant
YuvaAadhiVenkateswaran,SachinVasant
AravindRamesh,SachinVasant
SwethsRaghavan,SachinVasant
KarthikRao,SachinVasant
ShamshuDharwez,SachinVasant
SubramaniamKavya,SachinVasant
PavithraBalasubramaniyan,SachinVasant
SVKaushik,SachinVasant
KarthikaJayaprakash,SachinVasant
NihithRajendran,SachinVasant
AbinayaSwamy,SachinVasant
ParikshithBharath,SachinVasant
ArunRamachandran,SachinVasant
ArghyamalyaRoy,SachinVasant
RamasamySankaranSankarasubramanian,SachinVasant
SrinivasanLakshminarayanan,SachinVasant
GracilBenedict,SachinVasant
NathanaelPaul,SachinVasant
RajakumarSundarasamy,SachinVasant
VigneshKumar66,SachinVasant
shaliniN,SachinVasant
ArchitaSridhar,SachinVasant
SharmadhaSainath,SachinVasant
ManiMaran4,SachinVasant
PoornimaVenkatesh,SachinVasant
GayathiriAthiappan,SachinVasant
SriramRamanathan,SachinVasant
RaoManjula,SachinVasant
tmachangu,SachinVasant
assefaamare,SachinVasant
SupportC,SachinVasant
LekhaChakraborty,KarthikaAs
SureshNaik5,KarthikaAs
syamprasad,KarthikaAs
DasAmarendra,KarthikaAs
SubrataMukherjee,KarthikaAs
RijeshR,KarthikaAs
VishnuBalu,KarthikaAs
VPNirmalRoy,KarthikaAs
DarsanaVijay,KarthikaAs
SaiPujitha,KarthikaAs
CPazhaniThanuj,KarthikaAs
AnkurAbraham,KarthikaAs
DeepaSankar,KarthikaAs
,KarthikaAs
SachinVasant,KarthikaAs
VijayasuryanCk,KarthikaAs
SMurali,KarthikaAs
SrijitaChakraborty,KarthikaAs
SudhaPrabhu,KarthikaAs
NivedithaNarasimhan,KarthikaAs
RajashreeRaju,KarthikaAs
AnilkumarAnirudhan,KarthikaAs
SharmilaVenugopal,KarthikaAs
AlenJoy,KarthikaAs
RakhulPrakash,KarthikaAs
VipinJoy,KarthikaAs
SwethsRaghavan,KarthikaAs
ShamshuDharwez,KarthikaAs
SudeepJayaprakash,KarthikaAs
AbinayaSwamy,KarthikaAs
KarthikaJayaprakash,KarthikaAs
ArunRamachandran,KarthikaAs
RashmaVenugopal,KarthikaAs
SahayaJemiHerlin,KarthikaAs
RGanesh,KarthikaAs
AswinVijay,KarthikaAs
GracilBenedict,KarthikaAs
KeerthanaSubramanian,KarthikaAs
VigneshKumar66,KarthikaAs
JainKushboo,KarthikaAs
SharmadhaSainath,KarthikaAs
AmrithaRangasami,KarthikaAs
PoornimaVenkatesh,KarthikaAs
AsherAbraham,KarthikaAs
SriramRamanathan,KarthikaAs
SubramonyMahadevan,KarthikaAs
HarishKumar,KarthikaAs
PournimaPrabhakar,KarthikaAs
SathyaNarayananSubramanian,VaishnaviVenkatesh
RtrSARAVANANK,VaishnaviVenkatesh
ShridharRaghunathan,VaishnaviVenkatesh
VishnuBalu,VaishnaviVenkatesh
VjArjun,VaishnaviVenkatesh
rajeevgopinath,VaishnaviVenkatesh
VishnuPriyan2,VaishnaviVenkatesh
ShyamKumar,VaishnaviVenkatesh
TomasCJ,VaishnaviVenkatesh
ArulMozhiNathan,VaishnaviVenkatesh
VENKATIyer,VaishnaviVenkatesh
RudraMoorthy,VaishnaviVenkatesh
NavinKumar95,VaishnaviVenkatesh
VidyaShankar3,VaishnaviVenkatesh
PranayChangoiwala,VaishnaviVenkatesh
MiteshGovani,VaishnaviVenkatesh
SundaraRajan,VaishnaviVenkatesh
GowthamKarthik,VaishnaviVenkatesh
RadhikaVenugopal,VaishnaviVenkatesh
AlgatesSubramaniam,VaishnaviVenkatesh
GaneshKumar2,VaishnaviVenkatesh
VickySekar,VaishnaviVenkatesh
MuthuCool,VaishnaviVenkatesh
VinothiniVinu,VaishnaviVenkatesh
KhoslaKapil,VaishnaviVenkatesh
PremaRangachary,VaishnaviVenkatesh
GokulSrt,VaishnaviVenkatesh
suganyarane,VaishnaviVenkatesh
TanmeetChawla,VaishnaviVenkatesh
GopalKrishnan5,VaishnaviVenkatesh
ShahithaChandarkumar,VaishnaviVenkatesh
SaiSharann,VaishnaviVenkatesh
SanyaSagar,VaishnaviVenkatesh
DineshNesan,VaishnaviVenkatesh
MaryRyan,VaishnaviVenkatesh
ParvathaVarthini,VaishnaviVenkatesh
BrightMulu,VaishnaviVenkatesh
AnandhDot,VaishnaviVenkatesh
SeethalakshmiPalanisamy,VaishnaviVenkatesh
KrishnanVenkataraman,VaishnaviVenkatesh
KrishnanAnanth1,VaishnaviVenkatesh
KumarPravin,VaishnaviVenkatesh
BhuvanaRBaskar,VaishnaviVenkatesh
BarathRaam,VaishnaviVenkatesh
shahulhameedA,VaishnaviVenkatesh
RamjeeNagarajan,RamPraSad3
RtrSARAVANANK,RamPraSad3
VishnuBalu,RamPraSad3
AtulMenon,RamPraSad3
DheepanPillai,RamPraSad3
KarthikeyanC,RamPraSad3
AbhayCr,RamPraSad3
AkhilaMohan,RamPraSad3
IppDineshKumarRtr,RamPraSad3
GodsonSamuel,RamPraSad3
PrakashArul,RamPraSad3
GaneshShankar,RamPraSad3
PradeepKumarPavalavanni,RamPraSad3
ZavedAhamed,RamPraSad3
RajasekarKaruppusamy,RamPraSad3
RajasekarKaruppusamy,RamPraSad3
thilgar,RamPraSad3
ahamedarief,RamPraSad3
vijaykumarchinnasamy,RamPraSad3
GowthamrajA,RamPraSad3
YuvaNirmal,RamPraSad3
SaranyaVijayakumar,RamPraSad3
MohanRaj22,RamPraSad3
SwathiMaradhumuthu,RamPraSad3
SeethaLakshmi33,RamPraSad3
VinothKumar30,RamPraSad3
BaheerathanM,RamPraSad3
NeelaManikandan,RamPraSad3
MiteshGovani,RamPraSad3
AlgatesSubramaniam,RamPraSad3
AlgatesSubramaniam,RamPraSad3
VasuDevan,RamPraSad3
SarathKumar,RamPraSad3
SreenivasPrasathS,RamPraSad3
SELVARAJ,RamPraSad3
SamAntony,RamPraSad3
SaranyaNss,RamPraSad3
KrishnaKrish7,RamPraSad3
IniyavanPattimandram,RamPraSad3
KhavieyaAnand,RamPraSad3
SathyaMoorthy7,RamPraSad3
DineshMyilsamy,RamPraSad3
AuraAngidi,RamPraSad3
VishnuBalu,SudhaPrabhu
AshokShanker,SudhaPrabhu
RiyuktaRaghunath,SudhaPrabhu
SaiPujitha,SudhaPrabhu
SrikanthSivaramakrishnan,SudhaPrabhu
KamyaChandrasekhar,SudhaPrabhu
GuruPrasanna,SudhaPrabhu
PraneshBalakrishnan,SudhaPrabhu
NaveenaVijayan,SudhaPrabhu
SharanyanRavi,SudhaPrabhu
KarthikaAs,SudhaPrabhu
RajeshKallur,SudhaPrabhu
NandiniBommakanti,SudhaPrabhu
SharmilaVenugopal,SudhaPrabhu
YuvaAadhiVenkateswaran,SudhaPrabhu
JananiVenkataraman,SudhaPrabhu
KiranGowtham,SudhaPrabhu
PalanisamyPrabu,SudhaPrabhu
AshishBharat,SudhaPrabhu
SwethsRaghavan,SudhaPrabhu
HemanthKumar118,SudhaPrabhu
AbinayaSwamy,SudhaPrabhu
RamasamySankaranSankarasubramanian,SudhaPrabhu
RamJ,SudhaPrabhu
KasirajM,SudhaPrabhu
GracilBenedict,SudhaPrabhu
SukanyaSuresh,SudhaPrabhu
AbrahamSolomon,SudhaPrabhu
KeerthanaSubramanian,SudhaPrabhu
RajakumarSundarasamy,SudhaPrabhu
VigneshKumar66,SudhaPrabhu
AbhilashLRamesh,SudhaPrabhu
HemaRadhakrishnan,SudhaPrabhu
SalomeJoseph,SudhaPrabhu
ShyamGopalsamy,SudhaPrabhu
NandiniMurugesan,SudhaPrabhu
AmrithaRangasami,SudhaPrabhu
PoornimaVenkatesh,SudhaPrabhu
PreethiChandrasekaran,SudhaPrabhu
GayathiriAthiappan,SudhaPrabhu
MurtazaAkbar,SudhaPrabhu
VishnuBalu,NivedithaNarasimhan
BalaBattu,NivedithaNarasimhan
SaiPujitha,NivedithaNarasimhan
HiteshGakhar,NivedithaNarasimhan
GuruPrasanna,NivedithaNarasimhan
TejaChunduru,NivedithaNarasimhan
KarthikaAs,NivedithaNarasimhan
MadhuraRanganathan,NivedithaNarasimhan
SharmilaVenugopal,NivedithaNarasimhan
YuvaAadhiVenkateswaran,NivedithaNarasimhan
JananiVenkataraman,NivedithaNarasimhan
KiranGowtham,NivedithaNarasimhan
VaishnaviVenkatesan,NivedithaNarasimhan
PalanisamyPrabu,NivedithaNarasimhan
CatherineSharon,NivedithaNarasimhan
SwethsRaghavan,NivedithaNarasimhan
ShamshuDharwez,NivedithaNarasimhan
AvinashNaidu1,NivedithaNarasimhan
AnithaHariharan,NivedithaNarasimhan
AbinayaSwamy,NivedithaNarasimhan
FathimaFara,NivedithaNarasimhan
ArunRamachandran,NivedithaNarasimhan
RamasamySankaranSankarasubramanian,NivedithaNarasimhan
GracilBenedict,NivedithaNarasimhan
SukanyaSuresh,NivedithaNarasimhan
SahayaJemiHerlin,NivedithaNarasimhan
KeerthanaSubramanian,NivedithaNarasimhan
VigneshKumar66,NivedithaNarasimhan
JainKushboo,NivedithaNarasimhan
HemaRadhakrishnan,NivedithaNarasimhan
SharmadhaSainath,NivedithaNarasimhan
SukanyaSubramaniyan,NivedithaNarasimhan
AmrithaRangasami,NivedithaNarasimhan
PoornimaVenkatesh,NivedithaNarasimhan
PreethiChandrasekaran,NivedithaNarasimhan
GayathiriAthiappan,NivedithaNarasimhan
NagarajanAshvithaa,NivedithaNarasimhan
AbiramiShivakumar,NivedithaNarasimhan
SSri1,NivedithaNarasimhan
VishnuBalu,AravindSamraj
ArunPrakash,AravindSamraj
KarthikeayanM,AravindSamraj
RagothsinghRamadoss,AravindSamraj
VinothVaradharaju,AravindSamraj
MilonSelvam,AravindSamraj
ManickaRaj,AravindSamraj
CSekharan,AravindSamraj
PrabhuPrakash,AravindSamraj
SakthiyaLingam,AravindSamraj
ParanthamanGr,AravindSamraj
ArunKumar127,AravindSamraj
MohamedFahad1,AravindSamraj
PadmanabhanDrkk,AravindSamraj
BaskaranJaganathan,AravindSamraj
ArunKumar,AravindSamraj
RenyPallan,AravindSamraj
PrabhaYoga,AravindSamraj
AnandJayakumarArumugham,AravindSamraj
KaruppasamyRamasamy,AravindSamraj
ThilliKani,AravindSamraj
VigneshVicky78,AravindSamraj
ArunKumar,AravindSamraj
DineshKumar512,AravindSamraj
GunavathiNatarajan,AravindSamraj
DchNarrasimhan,AravindSamraj
PreethiMarimuthu,AravindSamraj
SowmiyaaSwaminathan,AravindSamraj
ArtralArasan,AravindSamraj
MenikDestro,AravindSamraj
JamunaRajendran,AravindSamraj
BhuvaneshKumar,AravindSamraj
VimalkumarNatarajan,AravindSamraj
,AravindSamraj
SuriaNarayanan,AravindSamraj
VijayMech,AravindSamraj
RRamadoss,AravindSamraj
johnboscov,AravindSamraj
AmritaKini,JananiVenkataraman
VishnuBalu,JananiVenkataraman
SaiPujitha,JananiVenkataraman
AshwiniHemalatha,JananiVenkataraman
SudhaPrabhu,JananiVenkataraman
ZebaAhmad,JananiVenkataraman
NivedithaNarasimhan,JananiVenkataraman
SharmilaVenugopal,JananiVenkataraman
YuvaAadhiVenkateswaran,JananiVenkataraman
KiranGowtham,JananiVenkataraman
BharadwajRavichandran,JananiVenkataraman
KarthikAnanthaPadmanabhan,JananiVenkataraman
PalanisamyPrabu,JananiVenkataraman
KritikaMohan,JananiVenkataraman
VijaySatyanarayanan,JananiVenkataraman
ShamshuDharwez,JananiVenkataraman
VijaySatyanarayanan,JananiVenkataraman
SwethsRaghavan,JananiVenkataraman
KarthikaJayaprakash,JananiVenkataraman
AbinayaSwamy,JananiVenkataraman
ArchanaSrinivasan,JananiVenkataraman
SahayaJemiHerlin,JananiVenkataraman
GracilBenedict,JananiVenkataraman
KeerthanaSubramanian,JananiVenkataraman
HemaRadhakrishnan,JananiVenkataraman
KrishSowmya,JananiVenkataraman
SharmadhaSainath,JananiVenkataraman
DhanyaSubramanian,JananiVenkataraman
ShyamGopalsamy,JananiVenkataraman
PoornimaVenkatesh,JananiVenkataraman
PreethiChandrasekaran,JananiVenkataraman
GayathiriAthiappan,JananiVenkataraman
SuriyaPrakash3,JananiVenkataraman
SivakamiSundararajan,JananiVenkataraman
NitinKrishnan,YuvaAadhiVenkateswaran
BalaShanmugam,YuvaAadhiVenkateswaran
VishnuBalu,YuvaAadhiVenkateswaran
SarveshKailasam,YuvaAadhiVenkateswaran
AnookeerthiMurugeshan,YuvaAadhiVenkateswaran
SanjayKumar,YuvaAadhiVenkateswaran
SaiPujitha,YuvaAadhiVenkateswaran
JayakumarAlM,YuvaAadhiVenkateswaran
PraneshBalakrishnan,YuvaAadhiVenkateswaran
SachinVasant,YuvaAadhiVenkateswaran
SanjayObla,YuvaAadhiVenkateswaran
SudhaPrabhu,YuvaAadhiVenkateswaran
ArunjiLead,YuvaAadhiVenkateswaran
NivedithaNarasimhan,YuvaAadhiVenkateswaran
PrawinThangaraju,YuvaAadhiVenkateswaran
JananiVenkataraman,YuvaAadhiVenkateswaran
MadhumathiMahalingam,YuvaAadhiVenkateswaran
SubramanianAishwarya,YuvaAadhiVenkateswaran
AbinayaSwamy,YuvaAadhiVenkateswaran
FathimaFara,YuvaAadhiVenkateswaran
ArunRamachandran,YuvaAadhiVenkateswaran
SureshKumar447,YuvaAadhiVenkateswaran
SukanyaSuresh,YuvaAadhiVenkateswaran
RajakumarSundarasamy,YuvaAadhiVenkateswaran
VigneshKumar66,YuvaAadhiVenkateswaran
JainKushboo,YuvaAadhiVenkateswaran
SharmadhaSainath,YuvaAadhiVenkateswaran
SRavichandran,YuvaAadhiVenkateswaran
DhanyaSubramanian,YuvaAadhiVenkateswaran
PoornimaVenkatesh,YuvaAadhiVenkateswaran
ShatishKumar,YuvaAadhiVenkateswaran
GayathiriAthiappan,YuvaAadhiVenkateswaran
ElangovenParameswaran,YuvaAadhiVenkateswaran
VenkateswaranDoraisamy,YuvaAadhiVenkateswaran
SandeepHial,VeenaMammen
StensonBayer,VeenaMammen
VincentGodwin,VeenaMammen
VishnuBalu,VeenaMammen
KirubhaGershome,VeenaMammen
NevilPaul,VeenaMammen
GodsonSamuel,VeenaMammen
Alanmayfus,VeenaMammen
VarshaRoss,VeenaMammen
RVargese,VeenaMammen
LoganSam,VeenaMammen
ShereneAbraham,VeenaMammen
vicascharles,VeenaMammen
PramodVarghese,VeenaMammen
RanjithSubramanian,VeenaMammen
AngelinLydia,VeenaMammen
AbdulBasithFarook,VeenaMammen
DineshSingh24,VeenaMammen
UpasanaMarandi,VeenaMammen
JananiBalasubramanian1,VeenaMammen
ChandraLee,VeenaMammen
ThomasDeepa,VeenaMammen
JaneeraDA,VeenaMammen
ShinySunil,VeenaMammen
ThanuJames,VeenaMammen
KurupPraveen,VeenaMammen
CrystalJaims,VeenaMammen
JustinSimon,VeenaMammen
ArunJohnson,VeenaMammen
philippremkumar,VeenaMammen
SharathKumar50,VeenaMammen
SyedMohdMehndi,VeenaMammen
DanRubino,VeenaMammen
valocele,VeenaMammen
SuganyaNeethu,KiranGowtham
NarenInow,KiranGowtham
VishnuBalu,KiranGowtham
SaiPujitha,KiranGowtham
NivedhithaMaavaari,KiranGowtham
SudhaPrabhu,KiranGowtham
NivedithaNarasimhan,KiranGowtham
JananiVenkataraman,KiranGowtham
CatherineSharon,KiranGowtham
SwethsRaghavan,KiranGowtham
ShamshuDharwez,KiranGowtham
AravindPrasanth,KiranGowtham
AKKumar,KiranGowtham
AbinayaSwamy,KiranGowtham
DineshThangavel,KiranGowtham
GowrishankarJ,KiranGowtham
ArunRamachandran,KiranGowtham
DineshKumar179,KiranGowtham
RamJ,KiranGowtham
RashmaVenugopal,KiranGowtham
RGanesh,KiranGowtham
SahayaJemiHerlin,KiranGowtham
,KiranGowtham
KeerthanaSubramanian,KiranGowtham
VigneshKumar66,KiranGowtham
RajakumarSundarasamy,KiranGowtham
JainKushboo,KiranGowtham
SharmadhaSainath,KiranGowtham
rajkumar38,KiranGowtham
PoornimaVenkatesh,KiranGowtham
IlavarasanDhamu,KiranGowtham
SubramonyMahadevan,KiranGowtham
SuryaaMurugesan,KiranGowtham
BadriNarayanan,KiranGowtham
ShailajaAkella,SharmilaVenugopal
VishnuBalu,SharmilaVenugopal
ShahIshaani,SharmilaVenugopal
MeeraRajan,SharmilaVenugopal
SaiPujitha,SharmilaVenugopal
MahimaMurali,SharmilaVenugopal
GuruPrasanna,SharmilaVenugopal
SachinVasant,SharmilaVenugopal
KarthikaAs,SharmilaVenugopal
SudhaPrabhu,SharmilaVenugopal
NivedithaNarasimhan,SharmilaVenugopal
YuvashreeBala,SharmilaVenugopal
YashwinKrishna,SharmilaVenugopal
JananiVenkataraman,SharmilaVenugopal
UmasudanMass,SharmilaVenugopal
JaishreeRamanathan,SharmilaVenugopal
AbinayaSwamy,SharmilaVenugopal
GowrishankarJ,SharmilaVenugopal
SureshKumar447,SharmilaVenugopal
PrabakarTheivaraaj,SharmilaVenugopal
SukanyaSuresh,SharmilaVenugopal
RishabhRaheja,SharmilaVenugopal
NairSharath,SharmilaVenugopal
VigneshKumar66,SharmilaVenugopal
JainKushboo,SharmilaVenugopal
SharmadhaSainath,SharmilaVenugopal
AmrithaRangasami,SharmilaVenugopal
PoornimaVenkatesh,SharmilaVenugopal
SamManasseh,SharmilaVenugopal
NandhiniPBVet,SharmilaVenugopal
mitaljain,SharmilaVenugopal
PrasathG,SharmilaVenugopal
ManojPrasanna,SharmilaVenugopal
NagarajShanmugam,SharmilaVenugopal
SenthoorKa,MeyyappanVeerappan
VishnuBalu,MeyyappanVeerappan
VimalKek,MeyyappanVeerappan
BalaguruPrasanna,MeyyappanVeerappan
SahityaVeeravalli,MeyyappanVeerappan
ArunkumarGunasekaran,MeyyappanVeerappan
SilambuSelvan,MeyyappanVeerappan
EagappanathThiruppathi,MeyyappanVeerappan
PandianSankara,MeyyappanVeerappan
ChockalingamSubramanian,MeyyappanVeerappan
IniyanNavaladi,MeyyappanVeerappan
VenkyBala,MeyyappanVeerappan
SidharthBalasubramaniam,MeyyappanVeerappan
VikramGunasekar,MeyyappanVeerappan
SathyanarayananRaghavan,MeyyappanVeerappan
MuruganKv,MeyyappanVeerappan
NinanJohn,MeyyappanVeerappan
RufusAntony,MeyyappanVeerappan
PrakashIlayaperumal,MeyyappanVeerappan
UgeshR,MeyyappanVeerappan
RaghuRaman,MeyyappanVeerappan
SenthilkumarVeeraiah,MeyyappanVeerappan
DrRamachandraPujeri,MeyyappanVeerappan
IpsitaDas,MeyyappanVeerappan
RamJi9,MeyyappanVeerappan
KuppuswamyAnantharaman,MeyyappanVeerappan
AnanthakaniSurvesh,MeyyappanVeerappan
ChandraShekar,MeyyappanVeerappan
AmuthageethanManivannan,MeyyappanVeerappan
ArunLalithKumar,MeyyappanVeerappan
ManojKumar398,MeyyappanVeerappan
VigneshShekar,MeyyappanVeerappan
Nathul,MeyyappanVeerappan
mathiiit,RevathyShanmugam
viral,RevathyShanmugam
MaitreyiYellapragada,RevathyShanmugam
ShrabanaDas,RevathyShanmugam
ReeniSamuel,RevathyShanmugam
KANCHIGUPTA1,RevathyShanmugam
NithinManakkat,RevathyShanmugam
IswaryaRam,RevathyShanmugam
sajanmittal,RevathyShanmugam
AparnaAjayan,RevathyShanmugam
ajinkyajoshi,RevathyShanmugam
ShantanuPandharkar,RevathyShanmugam
VishnuBalu,RevathyShanmugam
SandeepPatil6,RevathyShanmugam
RameshJain1,RevathyShanmugam
SonikaSah,RevathyShanmugam
VikramBehera,RevathyShanmugam
NeeroshaSingh,RevathyShanmugam
NThorat,RevathyShanmugam
GauravKumar,RevathyShanmugam
SwarnimaRay,RevathyShanmugam
RichaPrajapati,RevathyShanmugam
SruthiNagalla,RevathyShanmugam
HarshalKate,RevathyShanmugam
GautamRashmi,RevathyShanmugam
DeepaSirurmath,RevathyShanmugam
AlaukikKotecha,RevathyShanmugam
ChandanKumar83,RevathyShanmugam
ArpitaBisht,RevathyShanmugam
RatnaKumarReddy,RevathyShanmugam
YiheZhang,RevathyShanmugam
RajPandya1,RevathyShanmugam
SenthilkumarSivaraman,SasiTharan
VishnuBalu,SasiTharan
AjayBalakrishnan,SasiTharan
KiruBhakvg,SasiTharan
RamkaanthBg,SasiTharan
purushothkumar,SasiTharan
GopinathSun,SasiTharan
BhuvanaSiva,SasiTharan
RaghavanDc,SasiTharan
NarendranAshok,SasiTharan
VigneshRaja8,SasiTharan
AravindPrasanth,SasiTharan
AKKumar,SasiTharan
VidyaSagar,SasiTharan
KamaleshSowrirajan,SasiTharan
,SasiTharan
SilambarasanChaddu,SasiTharan
MathewPierreFrancois,SasiTharan
SandeepPrime,SasiTharan
KamrajSubramanian,SasiTharan
SivaSanthish,SasiTharan
KarThi1,SasiTharan
RoyaleDesmondHorne,SasiTharan
DushyantRavichandran,SasiTharan
ArunPrakash40,SasiTharan
GdDhilip,SasiTharan
RohanHenry,SasiTharan
NaveenGowtham,SasiTharan
PremKumar3,SasiTharan
AgneloIasanth,SasiTharan
JerinJacob,SasiTharan
kushTripathi,PalanisamyPrabu
sudarshaniisc,PalanisamyPrabu
NaturalLanguageProcessing,PalanisamyPrabu
KrishnanLR,PalanisamyPrabu
VishnuBalu,PalanisamyPrabu
PunitaSingh1,PalanisamyPrabu
AmitMishra5,PalanisamyPrabu
AbhinavVenkataraman,PalanisamyPrabu
brteja,PalanisamyPrabu
ArunJosh,PalanisamyPrabu
SudhaPrabhu,PalanisamyPrabu
balajinarayanaswami,PalanisamyPrabu
NivedithaNarasimhan,PalanisamyPrabu
SheetalTaneja,PalanisamyPrabu
JananiVenkataraman,PalanisamyPrabu
AnkitRajpal,PalanisamyPrabu
SomdebGhose,PalanisamyPrabu
YeshwanthKumar3,PalanisamyPrabu
SandeepGoyal,PalanisamyPrabu
RamasamySankaranSankarasubramanian,PalanisamyPrabu
KeerthiRam,PalanisamyPrabu
RajakumarSundarasamy,PalanisamyPrabu
VigneshKumar66,PalanisamyPrabu
PraveenNagarajan,PalanisamyPrabu
DhanarajNadana,PalanisamyPrabu
GokulKshatriya,PalanisamyPrabu
ShankarshanaJanarthanan,PalanisamyPrabu
SyedImam,PalanisamyPrabu
ArijitBhattacharya3,PalanisamyPrabu
KumarSaravana,PalanisamyPrabu
LKirkup,PalanisamyPrabu
VishnuBalu,CatherineSharon
SaiPujitha,CatherineSharon
GuruPrasanna,CatherineSharon
VenkyIyer,CatherineSharon
NivedithaNarasimhan,CatherineSharon
KiranGowtham,CatherineSharon
RaghuParisa,CatherineSharon
RohitMakheja,CatherineSharon
SwethsRaghavan,CatherineSharon
ShamshuDharwez,CatherineSharon
SubathraKrishnan,CatherineSharon
BharadwajGS,CatherineSharon
AbinayaSwamy,CatherineSharon
ArunRamachandran,CatherineSharon
RashmaVenugopal,CatherineSharon
RamJ,CatherineSharon
SahayaJemiHerlin,CatherineSharon
KeerthanaSubramanian,CatherineSharon
KumarRam,CatherineSharon
VigneshKumar66,CatherineSharon
EmmanuelJebarajan,CatherineSharon
HemaRadhakrishnan,CatherineSharon
JainKushboo,CatherineSharon
VishnuSankar,CatherineSharon
SharmadhaSainath,CatherineSharon
AmrithaRangasami,CatherineSharon
PoornimaVenkatesh,CatherineSharon
KunalKatoch,CatherineSharon
PreethiChandrasekaran,CatherineSharon
CdtSheldon,CatherineSharon
SubramonyMahadevan,CatherineSharon
AdithyanRaja,DhineshKumar
VishnuBalu,DhineshKumar
BhattaSanjog,DhineshKumar
balajinarayanaswami,DhineshKumar
SherifAbdellatif,DhineshKumar
yashaswininagaraj,DhineshKumar
MaheshRamakrishnan,DhineshKumar
RoshanSaiSubburaj,DhineshKumar
RamkumarAruchamy,DhineshKumar
SureshThangarajan,DhineshKumar
nishantsingh,DhineshKumar
AsifSarvodhin,DhineshKumar
ArunKannan,DhineshKumar
VittalRao,DhineshKumar
VISHWANATHS,DhineshKumar
VISHWANATHS,DhineshKumar
AbdulBasithFarook,DhineshKumar
MuhammadArshad,DhineshKumar
SureshKumeresan,DhineshKumar
MathanKumar,DhineshKumar
GopiKrishna,DhineshKumar
AdnanIqbal,DhineshKumar
SandeshGs,DhineshKumar
JaniJae,DhineshKumar
ThasGama,DhineshKumar
ManikandanNachimuthu,DhineshKumar
SundarRajadurai,DhineshKumar
LyaysanNurullina,DhineshKumar
KeWang,DhineshKumar
PhijoJose,DhineshKumar
VishnuBalu,ShamshuDharwez
JagadeeshRaju,ShamshuDharwez
ArumugamMI,ShamshuDharwez
GuruPrasanna,ShamshuDharwez
GodsonSamuel,ShamshuDharwez
SachinVasant,ShamshuDharwez
UmashankarSubramanian,ShamshuDharwez
KarthikaAs,ShamshuDharwez
ShiladityaSen,ShamshuDharwez
NivedithaNarasimhan,ShamshuDharwez
JananiVenkataraman,ShamshuDharwez
KiranGowtham,ShamshuDharwez
CatherineSharon,ShamshuDharwez
SwethsRaghavan,ShamshuDharwez
RamJ,ShamshuDharwez
PoonkavirathanRagu,ShamshuDharwez
SahayaJemiHerlin,ShamshuDharwez
RGanesh,ShamshuDharwez
KeerthanaSubramanian,ShamshuDharwez
DhanyaSubramanian,ShamshuDharwez
rajkumar38,ShamshuDharwez
PreethiChandrasekaran,ShamshuDharwez
GayathiriAthiappan,ShamshuDharwez
SriramRamanathan,ShamshuDharwez
SubramonyMahadevan,ShamshuDharwez
hahahehe,ShamshuDharwez
KLakshmi,ShamshuDharwez
SowmyaShree3,ShamshuDharwez
SSubramanian,ShamshuDharwez
SahilBajaj,ShamshuDharwez
VishnuBalu,SwethsRaghavan
HimaniUpadhyay,SwethsRaghavan
GuruPrasanna,SwethsRaghavan
nehaummareddy,SwethsRaghavan
AnandKumaresh,SwethsRaghavan
SachinVasant,SwethsRaghavan
KarthikaAs,SwethsRaghavan
SudhaPrabhu,SwethsRaghavan
ArjunShivanandKannan,SwethsRaghavan
NivedithaNarasimhan,SwethsRaghavan
KiranGowtham,SwethsRaghavan
JananiVenkataraman,SwethsRaghavan
CatherineSharon,SwethsRaghavan
ShamshuDharwez,SwethsRaghavan
GowrishankarJ,SwethsRaghavan
AishwaryaRajlakshmi,SwethsRaghavan
RamJ,SwethsRaghavan
RGanesh,SwethsRaghavan
SahayaJemiHerlin,SwethsRaghavan
KeerthanaSubramanian,SwethsRaghavan
HarithaSri1,SwethsRaghavan
RajakumarSundarasamy,SwethsRaghavan
HemaRadhakrishnan,SwethsRaghavan
AmrithaRangasami,SwethsRaghavan
GayathiriAthiappan,SwethsRaghavan
SriramRamanathan,SwethsRaghavan
SubramonyMahadevan,SwethsRaghavan
JayantaBiswas,SwethsRaghavan
RtrSARAVANANK,PranayChangoiwala
KarthikArvind,PranayChangoiwala
VishnuBalu,PranayChangoiwala
VaishnaviVenkatesh,PranayChangoiwala
KomalGautham,PranayChangoiwala
ManicheGaur,PranayChangoiwala
MaheshRamakrishnan,PranayChangoiwala
KaushikmahadevNarayanan,PranayChangoiwala
,PranayChangoiwala
DevikaKrishna,PranayChangoiwala
GaneshKumar2,PranayChangoiwala
VickySekar,PranayChangoiwala
RaviKumar785,PranayChangoiwala
IshaGoyal,PranayChangoiwala
ChintanMisty,PranayChangoiwala
RonakAgarwal,PranayChangoiwala
MuraliRajendran,PranayChangoiwala
ArumugavigneshKrishnan,PranayChangoiwala
ChandanCharan,PranayChangoiwala
vishwanathanR,PranayChangoiwala
JananiArunagiriraj,PranayChangoiwala
NikithaKrishnamurthy,PranayChangoiwala
SanyaSagar,PranayChangoiwala
RohitSharma176,PranayChangoiwala
PrabhakarTamil,PranayChangoiwala
DhavaneshVishnuV,PranayChangoiwala
ParvathiVaidyanathan,PranayChangoiwala
PrithishMp,PranayChangoiwala
KumarPravin,PranayChangoiwala
HetalMehta1,DineshSekar
VishnuBalu,DineshSekar
AyshahAysh,DineshSekar
MarkZober,DineshSekar
DrRajaSekaran,DineshSekar
FebinVarghese,DineshSekar
ValliammaiMeiyappan,DineshSekar
HussainShipon,DineshSekar
JeevaHai,DineshSekar
KThiyagarajan,DineshSekar
JeganathanPalanisamy,DineshSekar
RavishankarRakshitha,DineshSekar
GuruPrasadhSekar,DineshSekar
StoneInnack,DineshSekar
AnirudhaSinaiBorkar,DineshSekar
PrakashkskKsk,DineshSekar
SarArdreDakay,DineshSekar
DineshKumar93,DineshSekar
SanthoshGovindasamy,DineshSekar
SureshVicky,DineshSekar
ShanmugaKani1,DineshSekar
AjmeenaIbrahim,DineshSekar
SureshKumar797,DineshSekar
PriyaRashmi,DineshSekar
HariPrakash27,DineshSekar
geethamanijaganathan,DineshSekar
MoluPa,DineshSekar
ParvathyNair,PriyankaChandrashekar
SwatiSoni,PriyankaChandrashekar
LainaEmmanuel,PriyankaChandrashekar
anuragbeniwal,PriyankaChandrashekar
VenkateshKrishnamoorthy,PriyankaChandrashekar
AbhishekSarkar,PriyankaChandrashekar
VishnuBalu,PriyankaChandrashekar
SurajChaurasiya,PriyankaChandrashekar
NavyaMastanaiah,PriyankaChandrashekar
AyeeshaSadique,PriyankaChandrashekar
ShamirohTikoo,PriyankaChandrashekar
OjasChoudhari,PriyankaChandrashekar
RahulMehra,PriyankaChandrashekar
TharunyaBalan,PriyankaChandrashekar
ShreyasJoshi,PriyankaChandrashekar
ReshmiR1,PriyankaChandrashekar
SrivatsaBhat,PriyankaChandrashekar
RonnieSpurgeon,PriyankaChandrashekar
TristhaReddy,PriyankaChandrashekar
HanselGonsalves,PriyankaChandrashekar
VidyaSagar,PriyankaChandrashekar
NeelChoudhury,PriyankaChandrashekar
AbhijitKulkarni6,PriyankaChandrashekar
SahithaSagir,PriyankaChandrashekar
NandiniNayar,PriyankaChandrashekar
ShilpaDasar,PriyankaChandrashekar
FaizAbdulla,PriyankaChandrashekar
SoodPriyanka,PriyankaChandrashekar
RtrSARAVANANK,MiteshGovani
VishnuBalu,MiteshGovani
PrabhakaranDhandapani,MiteshGovani
VaishnaviVenkatesh,MiteshGovani
RamPraSad3,MiteshGovani
KanimozhiVenugopal,MiteshGovani
Prakashsundar,MiteshGovani
NikilaShriVardhan,MiteshGovani
RaghuRam,MiteshGovani
AlgatesSubramaniam,MiteshGovani
PurushothamanPachiappan,MiteshGovani
KalaiSelvi,MiteshGovani
KarthiPrime,MiteshGovani
HrBathriNarayanan,MiteshGovani
manikandans,MiteshGovani
VenkyMathiazhagan,MiteshGovani
PoonkodiPalanisamy,MiteshGovani
PraveenKumar,MiteshGovani
VishiReddy,MiteshGovani
SowdeshGowda,MiteshGovani
ArunPrakash2,MiteshGovani
AnushaRajamani,MiteshGovani
PrabhavathyNaveenkumar,MiteshGovani
NavinHareen,MiteshGovani
AnbazhaganAnbu,MiteshGovani
ShivaKumar,MiteshGovani
JayavelMohan,MiteshGovani
VishnuBalu,KanagaRagav
PremKumar,KanagaRagav
ManassehAnand,KanagaRagav
BhageshvarMohan,KanagaRagav
RubhanAntony,KanagaRagav
TusharBhattacharyya,KanagaRagav
PrabhuKrishna,KanagaRagav
DimitriosZikos,KanagaRagav
AishwaryaGanesan,KanagaRagav
JeganathJames,KanagaRagav
AravindKumar8,KanagaRagav
LeoprabhuEkambaram,KanagaRagav
SriramRajan1,KanagaRagav
XiaobinXu,KanagaRagav
BalaMano,KanagaRagav
BalaMano,KanagaRagav
SrivatsanVaradharajan,KanagaRagav
MerwynRichards,KanagaRagav
MWang,KanagaRagav
SandeepVasudevan,KanagaRagav
PJohnIgnatius,KanagaRagav
VivekRadhakrishnan,KanagaRagav
BalajiSrinivasan11,KanagaRagav
NathanielChristopher,KanagaRagav
DeniseCaldwell,KanagaRagav
KulasekaraPandiyan,KanagaRagav
prasannaSugumaran,KanagaRagav
ShailajaAkella,AbinayaSwamy
VishnuBalu,AbinayaSwamy
GowthamSriRam,AbinayaSwamy
SaiPujitha,AbinayaSwamy
GuruPrasanna,AbinayaSwamy
SachinVasant,AbinayaSwamy
KarthikaAs,AbinayaSwamy
SudhaPrabhu,AbinayaSwamy
NivedithaNarasimhan,AbinayaSwamy
SharmilaVenugopal,AbinayaSwamy
KiranGowtham,AbinayaSwamy
YuvaAadhiVenkateswaran,AbinayaSwamy
JananiVenkataraman,AbinayaSwamy
MukesshAlagesan,AbinayaSwamy
CatherineSharon,AbinayaSwamy
RadhipriyyaK,AbinayaSwamy
AbbiramyNatarajan,AbinayaSwamy
KaviyaRavi,AbinayaSwamy
SilpaMecheri,AbinayaSwamy
SureshKumar447,AbinayaSwamy
ArunPrakash44,AbinayaSwamy
VigneshKumar66,AbinayaSwamy
AgalyaSaravanan,AbinayaSwamy
VinothMathavan,AbinayaSwamy
VigneshIlango,AbinayaSwamy
GopinathMuruganantham,AbinayaSwamy
BunnyYorth,SandeepShankar
YossaNainggolan,SandeepShankar
VishnuBalu,SandeepShankar
PavanSrinath,SandeepShankar
SudhirMaharabooshanam,SandeepShankar
LuvvKalra,SandeepShankar
PatrciaMarcos,SandeepShankar
ShivaniMathur,SandeepShankar
PraveenMn,SandeepShankar
NDoraiswamy,SandeepShankar
DatthaReddy,SandeepShankar
TrangTran103,SandeepShankar
JoshyJoseph,SandeepShankar
AbdulBasithFarook,SandeepShankar
SahanaRamprakash,SandeepShankar
GaneshRenganathan,SandeepShankar
IanDavidson,SandeepShankar
PratheepRamanujam,SandeepShankar
JennicaVincent,SandeepShankar
RanganathaRs,SandeepShankar
PraveenSrinivasan1,SandeepShankar
RajiDurairaj,SandeepShankar
RajeshViswanathan,SandeepShankar
SaranSubramaniam,SandeepShankar
VimalkumarNatarajan,SandeepShankar
VishnuBalu,KavinBrito
KarthikKumar24,KavinBrito
BhaskarVijay,KavinBrito
PrasannaKumar,KavinBrito
LalithKumar,KavinBrito
NachiyarNandhini,KavinBrito
JoshnaJenifer,KavinBrito
MagiBalan,KavinBrito
VibashNisanth,KavinBrito
ManojKumar132,KavinBrito
SathishSingapore,KavinBrito
WahithVr,KavinBrito
GayatriGurumohan,KavinBrito
PaulGideon,KavinBrito
SamPaul4,KavinBrito
CedricCharles,KavinBrito
GowthamRaj8,KavinBrito
ManojRMano,KavinBrito
CReegan,KavinBrito
NishaGanesan,KavinBrito
SenthilKumar345,KavinBrito
RichardJason,KavinBrito
RanjithKumar79,KavinBrito
AshokRaja,KavinBrito
MuthuJeyaprakash,KavinBrito
VishnuBalu,DineshThangavel
JamalMusthafa,DineshThangavel
AbinayaAbi,DineshThangavel
PraveenMohan2,DineshThangavel
ManuTk,DineshThangavel
VishnuPrasad45,DineshThangavel
KiranGowtham,DineshThangavel
DeepaCarolineJoshua,DineshThangavel
UmaShankar,DineshThangavel
KrishanthRajkumar,DineshThangavel
AKKumar,DineshThangavel
SibiVallal,DineshThangavel
KumarRam,DineshThangavel
SuryaSundararaj,DineshThangavel
AgalyaSaravanan,DineshThangavel
DineshwarDwarkris,DineshThangavel
PravinathNathan,DineshThangavel
GirishSubramanium,DineshThangavel
NivethaKrishnaKumar,DineshThangavel
KirubaMugesh,DineshThangavel
NishanthManoharan,DineshThangavel
PrasadDamu,DineshThangavel
SharanyaGangadharan,DineshThangavel
rahulthakur34,DineshThangavel
kiranbukhari,DineshThangavel
KarthikArvind,AbdulBasithFarook
VishnuBalu,AbdulBasithFarook
AnoopThomas,AbdulBasithFarook
AaishaNazreen,AbdulBasithFarook
KarthikeyanC,AbdulBasithFarook
AiswaryadeviJaganmohanBTech,AbdulBasithFarook
DeepakChandrasekar,AbdulBasithFarook
JacKey,AbdulBasithFarook
VeenaMammen,AbdulBasithFarook
ALakshmanan,AbdulBasithFarook
DhineshKumar,AbdulBasithFarook
MeenuMPillai,AbdulBasithFarook
MarudhachachalamRayappan,AbdulBasithFarook
MadhuvanthSelvaraj,AbdulBasithFarook
SandeepShankar,AbdulBasithFarook
niranjankumaresh,AbdulBasithFarook
InfantAugustine,AbdulBasithFarook
JananiBalasubramanian1,AbdulBasithFarook
SavioSathish,AbdulBasithFarook
SanthoshGovindasamy,AbdulBasithFarook
AshwinArjun,AbdulBasithFarook
ChandranRamkumar,AbdulBasithFarook
GomathiSankarS,AbdulBasithFarook
VedSiva,AbdulBasithFarook
GinuSanthark,AbdulBasithFarook
rizwanhudda,VidyaSagar
DhineshBabu4,VidyaSagar
SayandeepMajumder,VidyaSagar
SudheerMarisetty,VidyaSagar
VishnuBalu,VidyaSagar
AbhishekSarkar,VidyaSagar
BalaPhaniChand,VidyaSagar
SpbKumar,VidyaSagar
venkatthangi,VidyaSagar
krishnachaitanyakosaraju,VidyaSagar
MihirAtmakuri,VidyaSagar
SilverySharathChandraRao,VidyaSagar
PushparajMotamari,VidyaSagar
VishalJaiswal,VidyaSagar
vineelyalamarthy,VidyaSagar
SasiTharan,VidyaSagar
AnilTallam,VidyaSagar
PriyankaChandrashekar,VidyaSagar
NeelChoudhury,VidyaSagar
SagarBhogela,VidyaSagar
AnushKumar,VidyaSagar
RajashekharGoud,VidyaSagar
srinivaspv,VidyaSagar
ViswanadhNekkanti,VidyaSagar
saandeepchandra,VidyaSagar
FilipeCarrera,JeganathanPalanisamy
VishnuBalu,JeganathanPalanisamy
MerciaMalar,JeganathanPalanisamy
BhuvanRaval,JeganathanPalanisamy
ErJcSivakumarOS,JeganathanPalanisamy
ArHiteshParmar,JeganathanPalanisamy
DrRajaSekaran,JeganathanPalanisamy
KatiaMatiottiCamino,JeganathanPalanisamy
KumaravelanKaadai,JeganathanPalanisamy
DrRavikiran,JeganathanPalanisamy
NijoyJose,JeganathanPalanisamy
DineshSekar,JeganathanPalanisamy
SeshadreeIyer,JeganathanPalanisamy
KasthuriRengan,JeganathanPalanisamy
ArumugamSankaraSubramanian,JeganathanPalanisamy
RtnGRPadmanabhan,JeganathanPalanisamy
DukeEliyasar,JeganathanPalanisamy
SaravanakumarShanmugasundaram,JeganathanPalanisamy
KarthicJayakumar,JeganathanPalanisamy
BALAKRISHNANSHANMUGAM,JeganathanPalanisamy
NandanJeeva,JeganathanPalanisamy
ChellaPandi,JeganathanPalanisamy
BharathyArun,JeganathanPalanisamy
jeganathanenergetic,JeganathanPalanisamy
VishnuBalu,ArunRamachandran
SaiPujitha,ArunRamachandran
RagavendarRaja,ArunRamachandran
LokeshFer,ArunRamachandran
GuruPrasanna,ArunRamachandran
SachinVasant,ArunRamachandran
KarthikaAs,ArunRamachandran
NivedithaNarasimhan,ArunRamachandran
YuvaAadhiVenkateswaran,ArunRamachandran
KiranGowtham,ArunRamachandran
CatherineSharon,ArunRamachandran
AravindPrasanth,ArunRamachandran
KoushikPrabhuKanakalingam,ArunRamachandran
GowrishankarJ,ArunRamachandran
RamJ,ArunRamachandran
RGanesh,ArunRamachandran
KeerthanaSubramanian,ArunRamachandran
HemaRadhakrishnan,ArunRamachandran
DhanyaSubramanian,ArunRamachandran
rajkumar38,ArunRamachandran
SriramRamanathan,ArunRamachandran
GokulSy,ArunRamachandran
MohanRamachandran,ArunRamachandran
SankarK,ArunRamachandran
RtrSARAVANANK,AlgatesSubramaniam
ShathyanRaja,AlgatesSubramaniam
VishnuBalu,AlgatesSubramaniam
MohanasudhanMayilsamy,AlgatesSubramaniam
VaishnaviVenkatesh,AlgatesSubramaniam
RamPraSad3,AlgatesSubramaniam
shiffanamk,AlgatesSubramaniam
ALakshmanan,AlgatesSubramaniam
KevinPaul11,AlgatesSubramaniam
MiteshGovani,AlgatesSubramaniam
ArunSomesh,AlgatesSubramaniam
TamilBalan,AlgatesSubramaniam
GopalKrishnan5,AlgatesSubramaniam
ShahithaChandarkumar,AlgatesSubramaniam
AjayRoamer,AlgatesSubramaniam
AjayRoamer,AlgatesSubramaniam
NidhiKanodia,AlgatesSubramaniam
SunderShivah,AlgatesSubramaniam
PrasathG,AlgatesSubramaniam
DeepShrivastav,AlgatesSubramaniam
SonalNahata,AlgatesSubramaniam
NandaKishore40,AlgatesSubramaniam
TrAnPAvi,AlgatesSubramaniam
RtrBalaKumarRCCIT,AlgatesSubramaniam
AriaraVelan,EzhilKumar
VishnuBalu,EzhilKumar
DilipkumarKondasamy,EzhilKumar
RaghuMaruthachalam,EzhilKumar
SivaVisakanSooriyan,EzhilKumar
AshokAlagarraj,EzhilKumar
DeepakChandrasekar,EzhilKumar
balajinarayanaswami,EzhilKumar
ArjunKumar17,EzhilKumar
LekshmyRavi,EzhilKumar
SampathKumar83,EzhilKumar
ArunKannan,EzhilKumar
RadhipriyyaK,EzhilKumar
SureshKumeresan,EzhilKumar
GaneshRenganathan,EzhilKumar
KarthikRSK,EzhilKumar
JananiHemalatha,EzhilKumar
AjithMohan,EzhilKumar
MohammedMohammed3,EzhilKumar
YuvaRaj66,EzhilKumar
DilipRangaraj,EzhilKumar
NaveenKumarSakthivel,EzhilKumar
AmbikaSathish,EzhilKumar
VLakshminarasimhan,KarthikRSK
JosThaliath,KarthikRSK
VishnuBalu,KarthikRSK
HarmeetPannu,KarthikRSK
SudeepthiReddy,KarthikRSK
MauliDalal,KarthikRSK
FassilFareed,KarthikRSK
AdarshGadvi,KarthikRSK
KenMohan,KarthikRSK
SnehasisBiswas,KarthikRSK
ArunManohar,KarthikRSK
MathewsKevin,KarthikRSK
RahulJain58,KarthikRSK
GeorgeJoseph21,KarthikRSK
DharshiniBalasubramanian,KarthikRSK
NayanaKv,KarthikRSK
UditBhargava,KarthikRSK
Viveks25,KarthikRSK
EzhilKumar,KarthikRSK
VineshJayabal,KarthikRSK
AswathNarayanan,KarthikRSK
DilipRangaraj,KarthikRSK
MuthuKrishnan,RamasamySankaranSankarasubramanian
VishnuBalu,RamasamySankaranSankarasubramanian
SreeponsSamy,RamasamySankaranSankarasubramanian
SureshJaganthan,RamasamySankaranSankarasubramanian
SachinVasant,RamasamySankaranSankarasubramanian
MylsamyMohanasundaram,RamasamySankaranSankarasubramanian
SudhaPrabhu,RamasamySankaranSankarasubramanian
NivedithaNarasimhan,RamasamySankaranSankarasubramanian
KarAbhishek,RamasamySankaranSankarasubramanian
PalanisamyPrabu,RamasamySankaranSankarasubramanian
tholkappianthols,RamasamySankaranSankarasubramanian
RGanesh,RamasamySankaranSankarasubramanian
,RamasamySankaranSankarasubramanian
AbrahamDinakaranJesurathinam,RamasamySankaranSankarasubramanian
ManojGanesan,RamasamySankaranSankarasubramanian
HemaRadhakrishnan,RamasamySankaranSankarasubramanian
UdhayaKumarU,RamasamySankaranSankarasubramanian
SankarAnnamalai,RamasamySankaranSankarasubramanian
AbarajithanDevarajan,RamasamySankaranSankarasubramanian
PandiarajanSubramanian,RamasamySankaranSankarasubramanian
VigneshMechado,RamasamySankaranSankarasubramanian
KarthikRhithik,RamasamySankaranSankarasubramanian
johncena47,RamasamySankaranSankarasubramanian
VishnuBalu,RamJ
GuruPrasanna,RamJ
AshwinAnanthapadmanabhan,RamJ
SudhaPrabhu,RamJ
KiranGowtham,RamJ
DharanitharanRavindran,RamJ
CatherineSharon,RamJ
JeevaKrish,RamJ
SwethsRaghavan,RamJ
ShamshuDharwez,RamJ
PradeepMoorthy,RamJ
ArunRamachandran,RamJ
SahayaJemiHerlin,RamJ
KeerthanaSubramanian,RamJ
HemaRadhakrishnan,RamJ
DhanyaSubramanian,RamJ
ShyamGopalsamy,RamJ
GirishSubramanium,RamJ
PreethiChandrasekaran,RamJ
SanjeevSankaran,RamJ
AbiramiShivakumar,RamJ
MaxTheRay,RamJ
NagarajShanmugam,RamJ
NithinAbraham,RamJ
SATYAJITJOGLEKAR,SomeshGite
VinodReddy5,SomeshGite
VishnuBalu,SomeshGite
ParulVig,SomeshGite
AseemTribhuvan,SomeshGite
SujitPatwardhan,SomeshGite
AjayGarg,SomeshGite
ChaitanyaGokhale,SomeshGite
AshnaMitra,SomeshGite
DivyanshuGanatra,SomeshGite
RakhiBharekar,SomeshGite
RakeshUmarani,SomeshGite
shivajiatre,SomeshGite
TasneemBalasinorwala,SomeshGite
AmrapaliZaveriGokhale,SomeshGite
JaydeepYelne,SomeshGite
AnuyaDabke,SomeshGite
AshishLoyal,SomeshGite
LaxmanDeokate,SomeshGite
ShrutiBhigwankar,SomeshGite
AvinashBansode1,SomeshGite
VinodBorse,SomeshGite
SarangGandhi,SomeshGite
IshanDutta,NeelChoudhury
AbhishekMitra,NeelChoudhury
SayandeepMajumder,NeelChoudhury
SarthakParui,NeelChoudhury
VishnuBalu,NeelChoudhury
JaleyDholakiya,NeelChoudhury
CalvinBernard,NeelChoudhury
PrateekChoudhary,NeelChoudhury
SouvikChakravarty,NeelChoudhury
AakritiGupta,NeelChoudhury
SiddharthKabra,NeelChoudhury
ShalineeSuman,NeelChoudhury
AtanuSikder,NeelChoudhury
NireekshaLuke,NeelChoudhury
PragatiChopade,NeelChoudhury
PriyankaChandrashekar,NeelChoudhury
NitHishDivakar,NeelChoudhury
JayashreeBhattacharya,NeelChoudhury
VidyaSagar,NeelChoudhury
ArnabSen12,NeelChoudhury
IshwarRaut,NeelChoudhury
SandipanRoyChowdhury,NeelChoudhury
ManasaSrinath,NeelChoudhury
ashishgeorge,ArchanaBalachandran
KirthanaAmirthavasani,ArchanaBalachandran
MSudhindran,ArchanaBalachandran
DwarkeshBagri,ArchanaBalachandran
MathewShilpa,ArchanaBalachandran
VishnuBalu,ArchanaBalachandran
ShrutiRamachandran,ArchanaBalachandran
PreetiRao1,ArchanaBalachandran
DhanyaKamath,ArchanaBalachandran
KarishmaMenon,ArchanaBalachandran
NeethaThomas,ArchanaBalachandran
SunnyAnna,ArchanaBalachandran
AkhilThomas1,ArchanaBalachandran
AntonyGk,ArchanaBalachandran
AnjanaNinan,ArchanaBalachandran
NeerajHari,ArchanaBalachandran
JohnFrancis,ArchanaBalachandran
VishnuGopakumar,ArchanaBalachandran
NithinSuresh,ArchanaBalachandran
ThaMochaparty,ArchanaBalachandran
JavadGhoddoosiNejad,ArchanaBalachandran
radhakrishna4,ArchanaBalachandran
VishnuBalu,SahayaJemiHerlin
GuruPrasanna,SahayaJemiHerlin
KarthikaAs,SahayaJemiHerlin
JoelFernando,SahayaJemiHerlin
NivedithaNarasimhan,SahayaJemiHerlin
JananiVenkataraman,SahayaJemiHerlin
KiranGowtham,SahayaJemiHerlin
CatherineSharon,SahayaJemiHerlin
SwethsRaghavan,SahayaJemiHerlin
ShamshuDharwez,SahayaJemiHerlin
GowrishankarJ,SahayaJemiHerlin
RamJ,SahayaJemiHerlin
IyshwaryaSeshadri,SahayaJemiHerlin
KeerthanaSubramanian,SahayaJemiHerlin
JosonWestern,SahayaJemiHerlin
HemaRadhakrishnan,SahayaJemiHerlin
DhanyaSubramanian,SahayaJemiHerlin
AmrithaRangasami,SahayaJemiHerlin
PreethiChandrasekaran,SahayaJemiHerlin
SriramRamanathan,SahayaJemiHerlin
SubramonyMahadevan,SahayaJemiHerlin
GodsonPattuthurai,SahayaJemiHerlin
SuganyaNeethu,GracilBenedict
NikhilClifford,GracilBenedict
PrateekAgarwal12,GracilBenedict
VishnuBalu,GracilBenedict
BalakrishnanRaghavan,GracilBenedict
UmachandarDeivassigamany,GracilBenedict
SaiPujitha,GracilBenedict
RagavendarRaja,GracilBenedict
GuruPrasanna,GracilBenedict
AbhinavLakshminarayanan,GracilBenedict
SachinVasant,GracilBenedict
KarthikaAs,GracilBenedict
NivedhithaMaavaari,GracilBenedict
SudhaPrabhu,GracilBenedict
NivedithaNarasimhan,GracilBenedict
JananiVenkataraman,GracilBenedict
KiranNair5,GracilBenedict
RajakumarSundarasamy,GracilBenedict
DhanyaSubramanian,GracilBenedict
rajkumar38,GracilBenedict
RavindranRavi3,GracilBenedict
MosesHerick,GracilBenedict
ShailajaAkella,SukanyaSuresh
VishnuBalu,SukanyaSuresh
SiddharthYadav2,SukanyaSuresh
SaiPujitha,SukanyaSuresh
GuruPrasanna,SukanyaSuresh
VishnuKollara,SukanyaSuresh
SudhaPrabhu,SukanyaSuresh
NivedithaNarasimhan,SukanyaSuresh
SharmilaVenugopal,SukanyaSuresh
YuvaAadhiVenkateswaran,SukanyaSuresh
UvashreeJanani,SukanyaSuresh
KaushikKapricorn,SukanyaSuresh
SwethaSankar,SukanyaSuresh
RanjithaIyer,SukanyaSuresh
GowrishankarJ,SukanyaSuresh
BharathiRamaraj,SukanyaSuresh
ShriramKamalakannan,SukanyaSuresh
KiranMahi,SukanyaSuresh
AmrithaRangasami,SukanyaSuresh
ParanthamanGopalakrishnan,SukanyaSuresh
VarshiniAnu,SukanyaSuresh
DivyaaPrathap,SukanyaSuresh
VishnuBalu,BarathanDevaraj
RubenBen,BarathanDevaraj
JaiVasanth,BarathanDevaraj
NemkSn,BarathanDevaraj
KannammalA,BarathanDevaraj
SelvarajVijay,BarathanDevaraj
JebinSamuvelT,BarathanDevaraj
NithyanandhanCivilian,BarathanDevaraj
SujiSenthil,BarathanDevaraj
ThivaKaran,BarathanDevaraj
RajakumarSundarasamy,BarathanDevaraj
PrakashNarayanasamy,BarathanDevaraj
DineshKumar11,BarathanDevaraj
SriramSrivatsa,BarathanDevaraj
SenthilkumarMaruthamuthu,BarathanDevaraj
JeyaraniRajarathinam,BarathanDevaraj
BoopathiAzhagiri,BarathanDevaraj
NadanaSundaram,BarathanDevaraj
DhineshDhandapani,BarathanDevaraj
NanthaKumar33,BarathanDevaraj
VijayBasuthkar,BarathanDevaraj
VivekKumar21,BarathanDevaraj
saajanvaranasi,PhanitejaNallam
ShijoJose,PhanitejaNallam
KunalGaidhankar,PhanitejaNallam
VenusVerma,PhanitejaNallam
PreetiSrinivasan,PhanitejaNallam
BeeravelliChetan,PhanitejaNallam
AshimChakrabarty,PhanitejaNallam
SiddharthaRauniar,PhanitejaNallam
AnkitaMandal,PhanitejaNallam
DivyaSingh,PhanitejaNallam
EjazFysel,PhanitejaNallam
MinakshiMohanta,PhanitejaNallam
RamaKrishnaRachakonda,PhanitejaNallam
ShankhadeepChaudhuri,PhanitejaNallam
SyamGompa,PhanitejaNallam
KabilanSathyamurthy,PhanitejaNallam
VaniSood,PhanitejaNallam
RamakiranMareedu,PhanitejaNallam
KushagraKeshav,PhanitejaNallam
murarikumarraja,PhanitejaNallam
RojanJoseph,PhanitejaNallam
MalvikaRautela,PhanitejaNallam
SrivastavaMohit,PhanitejaNallam
dishareddy,PhanitejaNallam
SuriSiddharth,PhanitejaNallam
ThatikondaNandini,PhanitejaNallam
JithinKairamkonda,PhanitejaNallam
KaushikBhattacharjee,PhanitejaNallam
RajeshKuppili,PhanitejaNallam
DaminiRathi,PhanitejaNallam
ThangmeiyoRamror,PhanitejaNallam
VatsalyaSharma,PhanitejaNallam
MonikuntalaDas,PhanitejaNallam
priyanshishukla,PhanitejaNallam
RadhikaRavindran,PhanitejaNallam
TejaYadav,PhanitejaNallam
PhaniNidamanuri,PhanitejaNallam
NarothamMedi,PhanitejaNallam
NandaKishorePenimeti,PhanitejaNallam
ShivEndra,PhanitejaNallam
DheerajKakarla,PhanitejaNallam
PrithviPanjala,PhanitejaNallam
RaviShankarMaurya,PhanitejaNallam
AnilKumar117,PhanitejaNallam
AnimeshKumarSingh,PhanitejaNallam
TauseefAhmad,PhanitejaNallam
RoshanJohn,PhanitejaNallam
ZuhairKazmi,PhanitejaNallam
SaurabhAhuja,PhanitejaNallam
VikramsimhareddyKallam,PhanitejaNallam
DevikaNayal,PhanitejaNallam
AbinayaKarunakaran,PhanitejaNallam
SamyukthaSam,PhanitejaNallam
JenaAnshuman,PhanitejaNallam
SwamynathSuthari,PhanitejaNallam
RavichandraPilla,PhanitejaNallam
KiranGolla,PhanitejaNallam
VikasUpreti,PhanitejaNallam
PrashiMalik,PhanitejaNallam
RakeshKumar92,PhanitejaNallam
FaizalAshraf,RayavarapuRaviTeja
SawanPatidar,RayavarapuRaviTeja
AnkulGupta,RayavarapuRaviTeja
VihariVemuri,RayavarapuRaviTeja
DinakarRaj,RayavarapuRaviTeja
RaviTeja,RayavarapuRaviTeja
NavneetSingh7,RayavarapuRaviTeja
BhaveshKapoor,RayavarapuRaviTeja
SanthaJagilanka,RayavarapuRaviTeja
VikramsimhareddyKallam,RayavarapuRaviTeja
BhargavChaitanya,RayavarapuRaviTeja
HemanthKumar,RayavarapuRaviTeja
DileepGaur,RayavarapuRaviTeja
ChinnappaReddyAvula,RayavarapuRaviTeja
AakashKumar,RayavarapuRaviTeja
JimmyJithin,RayavarapuRaviTeja
HemanthKolluru,RayavarapuRaviTeja
SarojKaashyap,RayavarapuRaviTeja
JoseAnitt,RayavarapuRaviTeja
RaghuVinay,RayavarapuRaviTeja
VishnuReddy26,RayavarapuRaviTeja
ArvindPelawat,RayavarapuRaviTeja
SourabReddy,RayavarapuRaviTeja
MaheshGadmur,RayavarapuRaviTeja
AkhilMorampudi,RayavarapuRaviTeja
UdaysagarShiramshetty,RayavarapuRaviTeja
AditiSingh6,RayavarapuRaviTeja
KundanAvchare,RayavarapuRaviTeja
RaghuwanshiAbhishek,RayavarapuRaviTeja
RitvikDashora,RayavarapuRaviTeja
SurajGupta,RayavarapuRaviTeja
RitvikDashora,RayavarapuRaviTeja
MayankYede,RayavarapuRaviTeja
HemaSridharReddy,RayavarapuRaviTeja
NagaBharatChitturi,RayavarapuRaviTeja
RajShailendra,RayavarapuRaviTeja
LovelyMandal,RayavarapuRaviTeja
SaiAkhil,RayavarapuRaviTeja
PallepatiRao,RayavarapuRaviTeja
MaheshBonagiri,RayavarapuRaviTeja
RaajKumar7,RayavarapuRaviTeja
VishalVikram,RayavarapuRaviTeja
ChanduBoddu,RayavarapuRaviTeja
AayushiChaturvedi,RayavarapuRaviTeja
SaiKrishna72,RayavarapuRaviTeja
RadheshyamPratihar,RayavarapuRaviTeja
SaiKiranPalika,RayavarapuRaviTeja
RavikantDhangar,RayavarapuRaviTeja
SaicharanReddy1,RayavarapuRaviTeja
KranthiKiranGobidesi,RayavarapuRaviTeja
HariKrishna148,RayavarapuRaviTeja
PrateekJain37,RayavarapuRaviTeja
AnujKumar125,RayavarapuRaviTeja
AvinashManchiraju,RayavarapuRaviTeja
SaiKrrish,RayavarapuRaviTeja
SaiSankar8,RayavarapuRaviTeja
AshokVarmaGottumukkala,RayavarapuRaviTeja
HarishKumar139,RayavarapuRaviTeja
AnkitJain102,RayavarapuRaviTeja
VamsiKrishnaJagarlamudi,RayavarapuRaviTeja
KshitijJassal,SarojKaashyap
GauravGarg,SarojKaashyap
ShashankSingh,SarojKaashyap
VikramsimhareddyKallam,SarojKaashyap
DeepaliBharwal,SarojKaashyap
RayavarapuRaviTeja,SarojKaashyap
JoseAnitt,SarojKaashyap
VedPrakashPatel,SarojKaashyap
VishnuReddy26,SarojKaashyap
BanothShankar,SarojKaashyap
SriHarsha,SarojKaashyap
BatchuRajasekhar,SarojKaashyap
SrinathMadhu,SarojKaashyap
MaheshGadmur,SarojKaashyap
TyagiRenu,SarojKaashyap
TyagiRenu,SarojKaashyap
ManikantaPrasanth,SarojKaashyap
PriyankaLal,SarojKaashyap
RastogiAseem,SarojKaashyap
VenkateshKaza,SarojKaashyap
HemaSridharReddy,SarojKaashyap
ThangboiZou,SarojKaashyap
SoodGaurav,SarojKaashyap
PradeepBilla,SarojKaashyap
SaiShashidhar,SarojKaashyap
NagaBharatChitturi,SarojKaashyap
PankajKumar287,SarojKaashyap
HarshaVardhanReddyVudumula,SarojKaashyap
AniketKumar,SarojKaashyap
RaajKumar7,SarojKaashyap
SaiKrishna72,SarojKaashyap
PunitKaushal,SarojKaashyap
PratheekAdidela,SarojKaashyap
himatejanallani,SarojKaashyap
HarshaS,SarojKaashyap
TarunBattula,SarojKaashyap
SaiKiranPalika,SarojKaashyap
ArunPrasadJavvaji,SarojKaashyap
VenkyUppu,SarojKaashyap
AmrendraKumar33,SarojKaashyap
SaiKiran,SarojKaashyap
AvinashManchiraju,SarojKaashyap
ShivaRenukuntla,SarojKaashyap
SaiKrrish,SarojKaashyap
SaiSankar8,SarojKaashyap
AjaySaini14,SarojKaashyap
AshokVarmaGottumukkala,SarojKaashyap
SachinGarg,SarojKaashyap
ShivaKrishna,SarojKaashyap
JinjuSomy,SarojKaashyap
SatishVarada,SarojKaashyap
VarijNadh,SarojKaashyap
YogeshSharma21,SarojKaashyap
VyomBindal,SarojKaashyap
SahithiNalla,SarojKaashyap
SatyajeetBarpagey,SarojKaashyap
SubbareddyMallireddy,SarojKaashyap
srinadhraju,SarojKaashyap
AdarshRavindran,SarojKaashyap
RajasekharReddyBhavanam,SarojKaashyap
venugopalnaik,VishnuReddy26
VikramsimhareddyKallam,VishnuReddy26
RayavarapuRaviTeja,VishnuReddy26
SarojKaashyap,VishnuReddy26
JoseAnitt,VishnuReddy26
RameshRathod6,VishnuReddy26
SriHarsha,VishnuReddy26
MaheshGadmur,VishnuReddy26
JaswanthGangolu,VishnuReddy26
PamarthiChandraKanth,VishnuReddy26
PradeepSharma23,VishnuReddy26
PrashanthLoya,VishnuReddy26
VenkateshKaza,VishnuReddy26
SaurabhThakur1,VishnuReddy26
NarasimhaReddy,VishnuReddy26
RameshKodavath,VishnuReddy26
NagaBharatChitturi,VishnuReddy26
PradeepBilla,VishnuReddy26
SaiShashidhar,VishnuReddy26
KaustubaMaruthesha,VishnuReddy26
AnimeshPandey,VishnuReddy26
HarshaVardhanReddyVudumula,VishnuReddy26
RaajKumar7,VishnuReddy26
ManjeetKumar1,VishnuReddy26
TarunBattula,VishnuReddy26
SaiIndraneel,VishnuReddy26
SaiKiranPalika,VishnuReddy26
SaiKiran,VishnuReddy26
VenkyUppu,VishnuReddy26
gurralasantosh,VishnuReddy26
gaddamprabhat,VishnuReddy26
SaiSankar8,VishnuReddy26
KarthikHk,VishnuReddy26
AshokVarmaGottumukkala,VishnuReddy26
PraveenkumarDtv,VishnuReddy26
AkshithTp,VishnuReddy26
ChaitanyaReddy5,VishnuReddy26
RafeeqSyed,VishnuReddy26
SatishVarada,VishnuReddy26
GowthamUnity,VishnuReddy26
VarijNadh,VishnuReddy26
srinadhraju,VishnuReddy26
VaraPrasadGorripati,VishnuReddy26
AnkushWasnik,VishnuReddy26
AtchyutArnipalli,VishnuReddy26
AtchyutArnipalli,VishnuReddy26
ramrebel,VishnuReddy26
Nihalashok,VishnuReddy26
LakshmiNarayana21,VishnuReddy26
VenkatKiranNaidu,VishnuReddy26
SavarapuRaju,VishnuReddy26
PraveenMental,VishnuReddy26
NahidMohsenPour,SriHarsha
Talasila,SriHarsha
sidhu,SriHarsha
VikramsimhareddyKallam,SriHarsha
RaviTejaGowreddy,SriHarsha
SantoshRupesh,SriHarsha
SarojKaashyap,SriHarsha
JoseAnitt,SriHarsha
SarathYarramalli,SriHarsha
AkhilKonijeti,SriHarsha
VishnuReddy26,SriHarsha
MansoorvaliSk,SriHarsha
ShyamKaruparthy,SriHarsha
SrinivasVenigalla,SriHarsha
SaichandChowdary,SriHarsha
vabasu,SriHarsha
HemaSridharReddy,SriHarsha
ramyagollapudi,SriHarsha
NavyaRachanaKota,SriHarsha
PradeepBilla,SriHarsha
NagaBharatChitturi,SriHarsha
Ha,SriHarsha
SravsSravan,SriHarsha
LavanyaPolavarapu,SriHarsha
SujitSampang,SriHarsha
SaiKiranPalika,SriHarsha
SriramPillutla,SriHarsha
AsmithaVelivela,SriHarsha
EzazulHaq,SriHarsha
AnilKumarJonnalagadda,SriHarsha
AvinashManchiraju,SriHarsha
KartheekPalepu,SriHarsha
KrishnaChaitanyaVarma,SriHarsha
AshokVarmaGottumukkala,SriHarsha
SruthiPusuluri,SriHarsha
SailajaMajeti,SriHarsha
Ankitakatiyar,SriHarsha
NishithaMajeti,SriHarsha
VyshnaviMithinti,SriHarsha
ChakradharBonthala,SriHarsha
SriharshaSaraswathula,SriHarsha
SaiChaitanya,SriHarsha
MustaqSyed,SriHarsha
VarijNadh,SriHarsha
sudheshnakancharla,SriHarsha
PravallikaPrav,SriHarsha
NithinReddy,SriHarsha
PraveenaBethapudi,SriHarsha
MadhuriAlamuri,SriHarsha
AamerKhan5,AshokNaren
ThiruvikramanKandhadai,AshokNaren
SaideepKaripalli,AshokNaren
FaisalAhmad3,AshokNaren
SuryaKlsv,AshokNaren
VeenaLahari,AshokNaren
PrudhviReddy3,AshokNaren
VikramsimhareddyKallam,AshokNaren
PraneethMaganti,AshokNaren
VenkateshHarisyam,AshokNaren
SaiSrivatsavaVemu,AshokNaren
RakeshSaripalli,AshokNaren
TarunNukala,AshokNaren
ShivaReisende,AshokNaren
VenkataSriramaKrishnaTejaKonduri,AshokNaren
DineshKumarDasari,AshokNaren
SanjaySahu,AshokNaren
HarishVuba,AshokNaren
KsAditya,AshokNaren
sriswaroopDasari,AshokNaren
PraharshaHarsh,AshokNaren
MadhuSudhanPermi,AshokNaren
AnupPampari,AshokNaren
sahithiseedarala,AshokNaren
ManikantasaiParimi,AshokNaren
SharathKoundinya,AshokNaren
ShruthinP,AshokNaren
ShivaElluru,AshokNaren
NikhilAyyagari,AshokNaren
VenkatPrasad4,AshokNaren
AravindKadiri,AshokNaren
KandepiPrudhviRaj,AshokNaren
NagendraReddyVennapusa,AshokNaren
ShivaTejMedichelmala,AshokNaren
SatyaKarthik,AshokNaren
PavanKumarReddyMalgari,AshokNaren
AbhinavKurumaddali,AshokNaren
AnirudhreddySafal,AshokNaren
RaghavaReddy,AshokNaren
SripadhuLakshman,AshokNaren
HarshaVardhanSriram,AshokNaren
BharghavBobby,AshokNaren
DeepakPalli,AshokNaren
SreenivasGundlapalli,AshokNaren
SaitejaKrishna,AshokNaren
AdityaAnnangi,AshokNaren
PrashanthKolepaka,AshokNaren
ApoorvJain,MaheshGadmur
MruthyunjayaRaoPadamata,MaheshGadmur
SiddharthBala,MaheshGadmur
RaunakMukherjee,MaheshGadmur
DSharma,MaheshGadmur
CGarg,MaheshGadmur
RavikiranMaddali,MaheshGadmur
RoopamAttree,MaheshGadmur
VireshKumar,MaheshGadmur
SundarKumarJvs,MaheshGadmur
JAVEDALAM,MaheshGadmur
VamseeSundar,MaheshGadmur
RakeshKrishnaAndey,MaheshGadmur
SriniVas37,MaheshGadmur
ShashankStifler,MaheshGadmur
RohitDharavath,MaheshGadmur
AdityaThatte,MaheshGadmur
VikramsimhareddyKallam,MaheshGadmur
MaheshBabu,MaheshGadmur
ChandraNaresh,MaheshGadmur
NithinPrasad,MaheshGadmur
SaiNiharika,MaheshGadmur
SiddharthMaheshwari,MaheshGadmur
RayavarapuRaviTeja,MaheshGadmur
KumarRaj,MaheshGadmur
KonthamRajesh,MaheshGadmur
ArunKumar161,MaheshGadmur
SarojKaashyap,MaheshGadmur
ManpreetChaudhary,MaheshGadmur
JoseAnitt,MaheshGadmur
RakeshBodakunta,MaheshGadmur
ParagRamteke,MaheshGadmur
VenkatKarthikeya,MaheshGadmur
VishnuReddy26,MaheshGadmur
SravanKumarVoona,MaheshGadmur
dheerajreddy,MaheshGadmur
HemaSridharReddy,MaheshGadmur
NagaBharatChitturi,MaheshGadmur
TarunBattula,MaheshGadmur
JatParas,MaheshGadmur
SaiKrrish,MaheshGadmur
MalliAnusha,MaheshGadmur
ramrebel,MaheshGadmur
ChinmayaPatnayak,MdMujahedAli
VasanArunachalam,MdMujahedAli
SwetabhKumar,MdMujahedAli
SudheerVazrapu,MdMujahedAli
ThiruvikramanKandhadai,MdMujahedAli
ShantanuKallakuri,MdMujahedAli
PrasanthAkki,MdMujahedAli
SrikantBharadwaj,MdMujahedAli
SuryaKlsv,MdMujahedAli
SarthakGhosh,MdMujahedAli
SiddarthYerram,MdMujahedAli
krishnakarthick,MdMujahedAli
ChiragGarg3,MdMujahedAli
VikramsimhareddyKallam,MdMujahedAli
VenkateshHarisyam,MdMujahedAli
JaidiJeevan,MdMujahedAli
sharathchandra,MdMujahedAli
VenkataSriramaKrishnaTejaKonduri,MdMujahedAli
SoumyaGanguly,MdMujahedAli
SampathVelaga,MdMujahedAli
KsAditya,MdMujahedAli
GouthamMakkena,MdMujahedAli
SankalpGupta1,MdMujahedAli
VimarshSrivastava,MdMujahedAli
SaumitraTiwari,MdMujahedAli
MAyurShanbhag,MdMujahedAli
AshishSarda,MdMujahedAli
karunbhogadula,MdMujahedAli
NikhilAyyagari,MdMujahedAli
AnkitPatodiya,MdMujahedAli
ParthKalyani,MdMujahedAli
RajendraShukla,MdMujahedAli
SarjakShah,MdMujahedAli
FarhanRasheed,MdMujahedAli
ChakradharGavireddy,MdMujahedAli
ChethnKrishna,MdMujahedAli
SalmanAl,MdMujahedAli
AdutipalSingh,ManikantaPrasanth
YennamRajesh,ManikantaPrasanth
SamirNoorani,ManikantaPrasanth
MandarKulkarni,ManikantaPrasanth
ShambhaviDeshpande,ManikantaPrasanth
SiddharthaNambiar,ManikantaPrasanth
MehulAgrawal,ManikantaPrasanth
vmandapalli,ManikantaPrasanth
SaranSrikanth,ManikantaPrasanth
AbhayGupta,ManikantaPrasanth
ItzNareshVenkat,ManikantaPrasanth
VikramsimhareddyKallam,ManikantaPrasanth
GaneshVishnu,ManikantaPrasanth
HemanthKumar,ManikantaPrasanth
DivyaPrakash,ManikantaPrasanth
DineshReddy,ManikantaPrasanth
SarojKaashyap,ManikantaPrasanth
JoseAnitt,ManikantaPrasanth
PradeepBansal,ManikantaPrasanth
NarendraMandadi,ManikantaPrasanth
ManiBabu,ManikantaPrasanth
AkshaySingh8,ManikantaPrasanth
GouthamPatley,ManikantaPrasanth
NayakMurali,ManikantaPrasanth
kosnamakshayreddy,ManikantaPrasanth
ArunPrasadJavvaji,ManikantaPrasanth
VineethThomas,ManikantaPrasanth
AvinashManchiraju,ManikantaPrasanth
AshokVarmaGottumukkala,ManikantaPrasanth
PraveenSehwag,ManikantaPrasanth
VineeshaPala,ManikantaPrasanth
SiddarthaKoppolu,ManikantaPrasanth
RahulKumar,ManikantaPrasanth
saidevveerla,ManikantaPrasanth
lavanyamanimaran,ManikantaPrasanth
AkhilSaiAnumolu,SundeepPothula
ShitanshuJain,SundeepPothula
MallipeddiHardhik,SundeepPothula
soundaryajupudi,SundeepPothula
SaketKumar21,SundeepPothula
RoshanMishra,SundeepPothula
PrannoyPilligundla,SundeepPothula
NitinChakravarthy,SundeepPothula
ShubhamMehta7,SundeepPothula
VikramsimhareddyKallam,SundeepPothula
KsKeerthiReddy,SundeepPothula
VDwivedi,SundeepPothula
LeelaKondepati,SundeepPothula
JaswantNag,SundeepPothula
MahanthSaiRaja,SundeepPothula
PrakruthRs,SundeepPothula
LakshmiGangavathiKarri,SundeepPothula
RaviGupta11,SundeepPothula
SravanReddy10,SundeepPothula
AbhishekDevarakonda,SundeepPothula
RGalla,SundeepPothula
SivaTeja5,SundeepPothula
GSujithReddy,SundeepPothula
SandeepReddy75,SundeepPothula
KrishnaGopireddy,SundeepPothula
KvnManohar,SundeepPothula
NavneetSabbineni,SundeepPothula
AnmolGupta,SundeepPothula
SaiBharadwajSharma,SundeepPothula
SandeepChowdaryBoppana,SundeepPothula
SindhuSingumahanti,SundeepPothula
HarshaDonepudi,SundeepPothula
SwethaNaidu,SundeepPothula
MehulSoni3,SundeepPothula
VAMSIKUMAR,SundeepPothula
SandeepGurana,SundeepPothula
SarathBabuMG,AdityaTibrewal
SrikantBharadwaj,AdityaTibrewal
AbhijitSharang,AdityaTibrewal
SuryaKlsv,AdityaTibrewal
BiswaPrasannaMishra,AdityaTibrewal
krishnakarthick,AdityaTibrewal
rajatsaxena,AdityaTibrewal
ShankarVenkatraman,AdityaTibrewal
VikramsimhareddyKallam,AdityaTibrewal
VenkateshHarisyam,AdityaTibrewal
SashankKurella,AdityaTibrewal
AmitkumarMotake,AdityaTibrewal
VenkataSriramaKrishnaTejaKonduri,AdityaTibrewal
JiteshVarandani,AdityaTibrewal
SoumyaGanguly,AdityaTibrewal
SavyasacheeJha,AdityaTibrewal
RishiPatel,AdityaTibrewal
IravatiDamle,AdityaTibrewal
AbhinavChoudhury,AdityaTibrewal
VimarshSrivastava,AdityaTibrewal
SumanthGottipati,AdityaTibrewal
DevendraCoolFoody,AdityaTibrewal
AshishSarda,AdityaTibrewal
SiddarthChinda,AdityaTibrewal
SulabhGupta,AdityaTibrewal
KritiChandra,AdityaTibrewal
ManasiMudaliyar,AdityaTibrewal
oshokhandelwal,AdityaTibrewal
VanshKhurana,AdityaTibrewal
KVenkatesh,AdityaTibrewal
KumarAmitabh,AdityaTibrewal
PallaviParashar,AdityaTibrewal
VikkyVikranth,AdityaTibrewal
MrigankSonal,AdityaTibrewal
SaifuddinChitalwlala,AdityaTibrewal
swaranimsourav,AdityaTibrewal
AnishChandran,HemaSridharReddy
RahulKumar61,HemaSridharReddy
VikramsimhareddyKallam,HemaSridharReddy
RayavarapuRaviTeja,HemaSridharReddy
SarojKaashyap,HemaSridharReddy
SriHarsha,HemaSridharReddy
kaushiksurikuchi,HemaSridharReddy
RohitPrakash,HemaSridharReddy
VigneshManjunath,HemaSridharReddy
MaheshGadmur,HemaSridharReddy
NarendraChotu,HemaSridharReddy
KanchumartyBhaskar,HemaSridharReddy
MirtulaVarshini,HemaSridharReddy
KongaraAditya,HemaSridharReddy
NagaBharatChitturi,HemaSridharReddy
RameshKodavath,HemaSridharReddy
NagaBharatChitturi,HemaSridharReddy
RANJUTHOMAS,HemaSridharReddy
HarshaVardhanReddyVudumula,HemaSridharReddy
RaajKumar7,HemaSridharReddy
CKartha,HemaSridharReddy
SaiKiran,HemaSridharReddy
AvinashManchiraju,HemaSridharReddy
KaushikMnk,HemaSridharReddy
AshokVarmaGottumukkala,HemaSridharReddy
vKhk,HemaSridharReddy
SahithiAkella,HemaSridharReddy
VenkatKondal,HemaSridharReddy
SubbareddyMallireddy,HemaSridharReddy
ArunKumarNagelly,HemaSridharReddy
ArunKumarNagelly,HemaSridharReddy
AnkushWasnik,HemaSridharReddy
PyAnusha,HemaSridharReddy
DammalapatiRavinath,SandySandesh
VikramsimhareddyKallam,SandySandesh
ShashankShekhar8,SandySandesh
HarshavardhanUtharavalli,SandySandesh
SanthoshiTejaswini,SandySandesh
NitinChakraverty,SandySandesh
ManivardhanChowdary,SandySandesh
ShivaAttili,SandySandesh
SravyaKante,SandySandesh
SmruthiRayudu,SandySandesh
141107TVamseeKrishna,SandySandesh
JulietoHara,SandySandesh
SashidharChalapaati,SandySandesh
ManishMohanBaral,SandySandesh
HemanthSunnyKari,SandySandesh
SandeepChowdaryBoppana,SandySandesh
AshokVarma3,SandySandesh
SwaroopVelpula,SandySandesh
ShankarBalaji,SandySandesh
SailushaPotluri,SandySandesh
MParekh,SandySandesh
KaushikSrinivas,SandySandesh
RaphaelAjith,SandySandesh
BhadraSri,SandySandesh
LakshmiAnusha,SandySandesh
UdayPrince,SandySandesh
BathinaKumar,SandySandesh
SriKanth44,SandySandesh
SasidharDanyasi,SandySandesh
NagaDeepG,SandySandesh
PoojasriTummalapalli,SandySandesh
BnsRamaKrishna,SandySandesh
EndBza,SandySandesh
BennyMoses,SaiShashidhar
RameshNair,SaiShashidhar
RahulKumar61,SaiShashidhar
VikramsimhareddyKallam,SaiShashidhar
VarunRajanThayyil,SaiShashidhar
SarojKaashyap,SaiShashidhar
RakeshBodakunta,SaiShashidhar
VishnuReddy26,SaiShashidhar
MohanasundaramSelvaraj,SaiShashidhar
PadmaChandran,SaiShashidhar
kaushiksurikuchi,SaiShashidhar
RohitPrakash,SaiShashidhar
SarathBoppana,SaiShashidhar
SrikanthBirada,SaiShashidhar
VenkateshKaza,SaiShashidhar
HemaSridharReddy,SaiShashidhar
NagaBharatChitturi,SaiShashidhar
RameshKodavath,SaiShashidhar
RaghuramVutukuru,SaiShashidhar
RakhiSajeeth,SaiShashidhar
pavankumarcherukuri,SaiShashidhar
DeepikaKalamraju,SaiShashidhar
SaiIndraneel,SaiShashidhar
SaiKiran,SaiShashidhar
AshokVarmaGottumukkala,SaiShashidhar
DharaniBodla,SaiShashidhar
BurugulaRamesh,SaiShashidhar
VarijNadh,SaiShashidhar
ArunKumarNagelly,SaiShashidhar
AmitSahadevan,SaiShashidhar
EpaphrodithPolugari,SaiShashidhar
VikramsimhareddyKallam,NagaBharatChitturi
HemanthKumar,NagaBharatChitturi
RohitChand,NagaBharatChitturi
RayavarapuRaviTeja,NagaBharatChitturi
SarojKaashyap,NagaBharatChitturi
JoseAnitt,NagaBharatChitturi
RavitejaDupuguntla,NagaBharatChitturi
VishnuReddy26,NagaBharatChitturi
VirinchiAnde,NagaBharatChitturi
VamsiJasti,NagaBharatChitturi
SriHarsha,NagaBharatChitturi
SatwikMandapati,NagaBharatChitturi
MaheshGadmur,NagaBharatChitturi
AkhilNeela,NagaBharatChitturi
SrikanthNagelli,NagaBharatChitturi
HemaSridharReddy,NagaBharatChitturi
SaiShashidhar,NagaBharatChitturi
KoundinyaSai,NagaBharatChitturi
PachigollaVivek,NagaBharatChitturi
HarshaVardhanReddyVudumula,NagaBharatChitturi
AdhithyanVijayakumar,NagaBharatChitturi
SaiKrishna72,NagaBharatChitturi
LakshmanDhinakar,NagaBharatChitturi
himatejanallani,NagaBharatChitturi
SaiKiran,NagaBharatChitturi
AvinashManchiraju,NagaBharatChitturi
SaiSankar8,NagaBharatChitturi
KrishnaChaitanyaVarma,NagaBharatChitturi
AshokVarmaGottumukkala,NagaBharatChitturi
VarmaA,NagaBharatChitturi
SatishVarada,NagaBharatChitturi
srinadhraju,NagaBharatChitturi
ProneetVerma,RameshKodavath
SatyanshuKumar,RameshKodavath
AyushGupta3,RameshKodavath
ChiragJain,RameshKodavath
WasimAkramSheikh,RameshKodavath
ReidRizviRahman,RameshKodavath
VikramsimhareddyKallam,RameshKodavath
SumanNaik,RameshKodavath
SurendraMeena,RameshKodavath
VivekKumar,RameshKodavath
AbhayKumar7,RameshKodavath
HemanthKumar,RameshKodavath
ManoranjanDev,RameshKodavath
ParameshwarKumawath,RameshKodavath
RakeshBodakunta,RameshKodavath
VishnuReddy26,RameshKodavath
PottabathiniNaveen,RameshKodavath
AtulMeena,RameshKodavath
RakeshKumar,RameshKodavath
PamarthiChandraKanth,RameshKodavath
LokeshKumarMeena,RameshKodavath
SureshGugulothu,RameshKodavath
SureshBanoth,RameshKodavath
HemaSridharReddy,RameshKodavath
SaiShashidhar,RameshKodavath
PrashanthKarupothula,RameshKodavath
RajeevBhattAmbati,RameshKodavath
GangadharReddy1,RameshKodavath
RaviKumar199,RameshKodavath
BurugulaRamesh,RameshKodavath
ArunKumarNagelly,RameshKodavath
EpaphrodithPolugari,RameshKodavath
SekharGutipalliKuruva,RameshKodavath
SwetabhKumar,UdayaKiranKompella
SudheerVazrapu,UdayaKiranKompella
ThiruvikramanKandhadai,UdayaKiranKompella
ShantanuKallakuri,UdayaKiranKompella
PrasanthAkki,UdayaKiranKompella
SrikantBharadwaj,UdayaKiranKompella
SaiPadmanabhuni,UdayaKiranKompella
SatyaJulakanti,UdayaKiranKompella
SuryaKlsv,UdayaKiranKompella
ShreyaRay,UdayaKiranKompella
krishnakarthick,UdayaKiranKompella
SiddharthVelamakanni,UdayaKiranKompella
JeevanRomee,UdayaKiranKompella
VikramsimhareddyKallam,UdayaKiranKompella
PraneethMaganti,UdayaKiranKompella
SriHarsha,UdayaKiranKompella
sharathchandra,UdayaKiranKompella
SreeCharanReddy,UdayaKiranKompella
NarenChakravarthi,UdayaKiranKompella
VarunSoni,UdayaKiranKompella
PavanKumarThota,UdayaKiranKompella
SridharAnupKumar,UdayaKiranKompella
karunbhogadula,UdayaKiranKompella
AdityaSubramanyam,UdayaKiranKompella
SanketAgarwal1,UdayaKiranKompella
SakethChakilam,UdayaKiranKompella
TripathiKshitij,UdayaKiranKompella
FarhanRasheed,UdayaKiranKompella
NarasimhaSaiSangapu,UdayaKiranKompella
PrasadPonnuru,UdayaKiranKompella
MichaelRedfield,UdayaKiranKompella
NavtejSinghSaini,TejaKrishna
MayurBansal,TejaKrishna
VikramsimhareddyKallam,TejaKrishna
ElangovanDevaraj,TejaKrishna
AayushKarwatkar,TejaKrishna
VinaysrichandBandaru,TejaKrishna
PradeepBhaskarani,TejaKrishna
BhargavTangirala,TejaKrishna
KaushikSai,TejaKrishna
NareshB,TejaKrishna
AlakshyenderSingh,TejaKrishna
VivekShankar3,TejaKrishna
GirishSai,TejaKrishna
HarieswarReddy,TejaKrishna
PritulBabaria,TejaKrishna
DineshKaki,TejaKrishna
BharathKatam,TejaKrishna
TarunReddy1,TejaKrishna
AkhilNagasarapu,TejaKrishna
SaidineshMuthyala,TejaKrishna
NikhilSugathan,TejaKrishna
PraveenReddy13,TejaKrishna
AmitBiswal,TejaKrishna
BharadwajCheruvu,TejaKrishna
SantoshVanga,TejaKrishna
VijayInavolu,TejaKrishna
ManoharTammana,TejaKrishna
SaiKumarAtchyuth,TejaKrishna
NagiReddyBooshipally,TejaKrishna
VijaySrikanthMeruga,TejaKrishna
ShriramNandakumar,HarshaVardhanReddyVudumula
VikramsimhareddyKallam,HarshaVardhanReddyVudumula
VarunRajanThayyil,HarshaVardhanReddyVudumula
VyshakhUllas,HarshaVardhanReddyVudumula
SarojKaashyap,HarshaVardhanReddyVudumula
JoseAnitt,HarshaVardhanReddyVudumula
RajeshMegalingam,HarshaVardhanReddyVudumula
NaveenSingamsetty,HarshaVardhanReddyVudumula
VishnuReddy26,HarshaVardhanReddyVudumula
kaushiksurikuchi,HarshaVardhanReddyVudumula
RohitPrakash,HarshaVardhanReddyVudumula
UmaRajendran,HarshaVardhanReddyVudumula
VishnuNarayanan,HarshaVardhanReddyVudumula
NarendraChotu,HarshaVardhanReddyVudumula
KanchumartyBhaskar,HarshaVardhanReddyVudumula
AnusreeAjith,HarshaVardhanReddyVudumula
SarathBoppana,HarshaVardhanReddyVudumula
HemaSridharReddy,HarshaVardhanReddyVudumula
NagaBharatChitturi,HarshaVardhanReddyVudumula
RagamadhuriNallam,HarshaVardhanReddyVudumula
PurushothamanAnanthaKrishnan,HarshaVardhanReddyVudumula
rakeshgupta,HarshaVardhanReddyVudumula
NehaTadimeti,HarshaVardhanReddyVudumula
divyaGrandhi,HarshaVardhanReddyVudumula
PrashantRamani,HarshaVardhanReddyVudumula
ArjunBKrishnan,HarshaVardhanReddyVudumula
BhanuRayini,HarshaVardhanReddyVudumula
SatishVarada,HarshaVardhanReddyVudumula
SapnaGurjar,HarshaVardhanReddyVudumula
AnandNishant,HarshaVardhanReddyVudumula
RamnarayanShreyas,ShashankBassi
AamerKhan5,ShashankBassi
SouryenduDas,ShashankBassi
KushagraNigam,ShashankBassi
AnirudhWodeyar,ShashankBassi
VaibhavKumar44,ShashankBassi
PratishBala,ShashankBassi
MerchantNeil,ShashankBassi
ArijitMitra,ShashankBassi
PranavKhattri,ShashankBassi
RadhikaGaonkar,ShashankBassi
MritunjaySrivastava,ShashankBassi
RohithShivkumar,ShashankBassi
ShiladityaMandal,ShashankBassi
ManeeshMaharana,ShashankBassi
DevendraDidwaniya,ShashankBassi
FrancisJames,ShashankBassi
PrachiMendhe,ShashankBassi
RishabhMakharia,ShashankBassi
PravinSingru,ShashankBassi
VenkataYaji,ShashankBassi
RohanHanda,ShashankBassi
ParidhiGulati,ShashankBassi
BhaskarTetarbe,ShashankBassi
IJMVSCJournal,ShashankBassi
ManankGosalia,ShashankBassi
SaurabhBhatia4,ShashankBassi
LoveShah,ShashankBassi
VenkateshHarisyam,ShashankBassi
JayRambhia,ShashankBassi
NitinSingh,ShashankBassi
PranitDeshmukh,ShashankBassi
PPri,ShashankBassi
RaghvendraOmer,ShashankBassi
ShyamaPrasadMohanty,ShashankBassi
ProdyumnaMohanta,ShashankBassi
AadityaShah,ShashankBassi
JillShah,ShashankBassi
PrajuktaPradhan,ShashankBassi
YatharthNarang,ShashankBassi
ArnavBhattacharya,ShashankBassi
RakshitVerma,ShashankBassi
KrunalPatel,ShashankBassi
PulkitSaraf,ShashankBassi
SaurabhAnnadate,ShashankBassi
PratikDand,ShashankBassi
AnweshaRath,ShashankBassi
ZenithKarri,ShashankBassi
AkashSingh,ShashankBassi
AkshayPaiRaikar,ShashankBassi
TarunReddy,ShashankBassi
SavyaMittal,ShashankBassi
GautamMayank,ShashankBassi
JafeerHajar,ShashankBassi
KaranChawla,ShashankBassi
AdityaSundar,ShashankBassi
PankajChaudhary13,ShashankBassi
PraseethPrabhakar,ShashankBassi
ChandrasekarAnanthanarayanan,ShashankBassi
HardikChandrahas,ShashankBassi
SandiReddy,PraneshSuram
MerinMathew3,PraneshSuram
MerlynMathew,PraneshSuram
TinkuSharma,PraneshSuram
RavikiranMaddali,PraneshSuram
swatismitamohapatra,PraneshSuram
RijoshSimon,PraneshSuram
ShyamPurushan,PraneshSuram
AshwinRaj,PraneshSuram
RebeccaPatro,PraneshSuram
vjammula,PraneshSuram
AdarshNaik,PraneshSuram
AnupamPrasad,PraneshSuram
RamprasadSedouram,PraneshSuram
DevikaPrakash,PraneshSuram
PraveenKavuri,PraneshSuram
AnuragMackwan,PraneshSuram
GauravSingh24,PraneshSuram
SinduTamilSelvan,PraneshSuram
VamsiKrishna,PraneshSuram
KPavanKumar,PraneshSuram
PrashanthNRoll,PraneshSuram
SameerAshraf,PraneshSuram
PhanitejaMarupaka,PraneshSuram
AnishChandran,PraneshSuram
AnjanaJames,PraneshSuram
ShrikrithikaNagarajan,PraneshSuram
SharanShankar,PraneshSuram
VenkateshHarisyam,PraneshSuram
PraneethMaganti,PraneshSuram
GunduVinod,PraneshSuram
SaiSrivatsavaVemu,PraneshSuram
NikhilNallella,PraneshSuram
MounikaTekula,PraneshSuram
SanthoshS,PraneshSuram
NishaVarghese,PraneshSuram
BalajiNatarajan,PraneshSuram
angelsjames,PraneshSuram
KumaresanMuthukumar,PraneshSuram
SaketTiwari,PraneshSuram
AkshitaJalan,PraneshSuram
ShanthanSiddarth,PraneshSuram
NileshRoy,PraneshSuram
MUnais,PraneshSuram
AmrutaBhavaraju,PraneshSuram
AchyuthanRamaswamy,PraneshSuram
SumitaSoni,PraneshSuram
PrudhviMohan,PraneshSuram
abhimanyupavuluri,PraneshSuram
NaveenDevaraj,PraneshSuram
BharathAkinapally,PraneshSuram
AngeleneSubitha,PraneshSuram
SanthoshSrinivasan1,PraneshSuram
RafiaSulthana,PraneshSuram
MonicaSekar,PraneshSuram
BalajiSuresh2,PraneshSuram
AbhineshVarma,PraneshSuram
NehaaBhavaraju,PraneshSuram
someshwarsriramoju,PraneshSuram
KuldeepKatiyar,PraneshSuram
RanjanMP,SameerAshraf
SabareeshNikhilC,SameerAshraf
VishwajitMishra,SameerAshraf
HIMANSHUMANGLUNIA,SameerAshraf
VaibhavJain,SameerAshraf
AdutipalSingh,SameerAshraf
MinalJain,SameerAshraf
Rajatsuri,SameerAshraf
RahulNaryani,SameerAshraf
VishakBharadwaj,SameerAshraf
ChayapathiSarath,SameerAshraf
SamirNoorani,SameerAshraf
ChiragMaheshwari,SameerAshraf
SidhantGoyal,SameerAshraf
MadhuriBhavana,SameerAshraf
KeyurSorathia,SameerAshraf
SaiKrishna,SameerAshraf
SidharthChitlangia,SameerAshraf
PiyushDayani,SameerAshraf
ShambhaviDeshpande,SameerAshraf
JaiswalV,SameerAshraf
PratyukshBansal,SameerAshraf
PrateekJain,SameerAshraf
AditiMakhija,SameerAshraf
SrinivasNuti,SameerAshraf
PraneshSuram,SameerAshraf
MehulAgrawal,SameerAshraf
GunthakantiShivaReddy,SameerAshraf
ChiragSahai,SameerAshraf
PrashantSingh,SameerAshraf
SaiKotha,SameerAshraf
HarshitAgrawal,SameerAshraf
Ashwanikumar,SameerAshraf
NavwantThakur,SameerAshraf
alokmalakar,SameerAshraf
TigmanshuBhatnagar,SameerAshraf
pradeepayyagri,SameerAshraf
SaranSrikanth,SameerAshraf
MaheshGupta1,SameerAshraf
PadmanabhBaruah,SameerAshraf
GuptaApurva,SameerAshraf
RamK,SameerAshraf
LizaDas,SameerAshraf
FaisalAli,SameerAshraf
VenkateshHarisyam,SameerAshraf
SaiSrivatsavaVemu,SameerAshraf
HimanshuBansal,SameerAshraf
BhaskerSharma,SameerAshraf
AshutoshPandey2,SameerAshraf
ManojDasi,SameerAshraf
SaurabhSoni,SameerAshraf
ATiwari,SameerAshraf
NallanthighalVenkataSrikanth,SameerAshraf
SiddhantYadav,SameerAshraf
RaghavGrover,SameerAshraf
TarunReddy,SameerAshraf
UtkarshDwivedi,SameerAshraf
arpitagarwal,SameerAshraf
VarunChappidi,SameerAshraf
VishalJain,SameerAshraf
srikanthpotnuru,SaiSrivatsavaVemu
ApoorvIngle,SaiSrivatsavaVemu
RavikiranMaddali,SaiSrivatsavaVemu
AJayaKiranReddy,SaiSrivatsavaVemu
NachiketasWaychal,SaiSrivatsavaVemu
ShubhamDeshmukh,SaiSrivatsavaVemu
TejaYadav,SaiSrivatsavaVemu
SrinivasNuti,SaiSrivatsavaVemu
vjammula,SaiSrivatsavaVemu
PraneshSuram,SaiSrivatsavaVemu
DheerajDasyam,SaiSrivatsavaVemu
SagarHarinarayan,SaiSrivatsavaVemu
SaiKotha,SaiSrivatsavaVemu
soundaryajupudi,SaiSrivatsavaVemu
GaurangGupta,SaiSrivatsavaVemu
MuditBeri,SaiSrivatsavaVemu
ManojBobba,SaiSrivatsavaVemu
SameerAshraf,SaiSrivatsavaVemu
PhanitejaMarupaka,SaiSrivatsavaVemu
VenkateshHarisyam,SaiSrivatsavaVemu
ManojDasi,SaiSrivatsavaVemu
SaketTiwari,SaiSrivatsavaVemu
TarunNukala,SaiSrivatsavaVemu
MayurRao,SaiSrivatsavaVemu
SoumyaGhosh,SaiSrivatsavaVemu
YeshwanthKrishnaKolli,SaiSrivatsavaVemu
GowthamReddy,SaiSrivatsavaVemu
BharathAkinapally,SaiSrivatsavaVemu
AmitPillai,SaiSrivatsavaVemu
SparshaNagula,SaiSrivatsavaVemu
ManojReddy,SaiSrivatsavaVemu
AnantaShinde,SaiSrivatsavaVemu
sriswaroopDasari,SaiSrivatsavaVemu
BadaRohit,SaiSrivatsavaVemu
bhaskaryadav,SaiSrivatsavaVemu
MadhuSudhanPermi,SaiSrivatsavaVemu
sreelekhaRevur,SaiSrivatsavaVemu
AshokNaren,SaiSrivatsavaVemu
SBharambe,SaiSrivatsavaVemu
ManikantasaiParimi,SaiSrivatsavaVemu
NaveenReddyYedla,SaiSrivatsavaVemu
SravanGhanta,SaiSrivatsavaVemu
TejaRamKotaprolu,SaiSrivatsavaVemu
KskNandan,SaiSrivatsavaVemu
SaurabhDichwalkar,SaiSrivatsavaVemu
ShivaElluru,SaiSrivatsavaVemu
DachepallyAbhilash,SaiSrivatsavaVemu
RajivMedikonda,SaiSrivatsavaVemu
PraneethMendu,SaiSrivatsavaVemu
RaghuParisa,SaiSrivatsavaVemu
NuthalapatiSriharsha,SaiSrivatsavaVemu
ChandraKatragadda,SaiSrivatsavaVemu
RaviKanthUppuluri,SaiSrivatsavaVemu
RaviKumar102,SaiSrivatsavaVemu
RaviTeja,SaiSrivatsavaVemu
RaviJeengar,SaiSrivatsavaVemu
SaiHareesh,SaiSrivatsavaVemu
141107TVamseeKrishna,SaiSrivatsavaVemu
JujjavarapuSadhan,SaiSrivatsavaVemu
kameshsriram,SaiSrivatsavaVemu
MichelMichel,ManojDasi
ApoorvIngle,ManojDasi
MaitreyiYellapragada,ManojDasi
sachinadusumilli,ManojDasi
JayvardhansinhRathod,ManojDasi
SudheerVazrapu,ManojDasi
PrathameshKubal,ManojDasi
SaideepKaripalli,ManojDasi
AkshitShah,ManojDasi
NinadSethi,ManojDasi
KISHORJOGLEKAR,ManojDasi
DevanshuMarwah,ManojDasi
SagarGuldekar,ManojDasi
TejaYadav,ManojDasi
SrinivasNuti,ManojDasi
MitaliVavre,ManojDasi
SmitaKhan,ManojDasi
ShailendraPatil,ManojDasi
ArchanaSakharwade,ManojDasi
SagarChaudhari,ManojDasi
AngadWarang,ManojDasi
DheerajDasyam,ManojDasi
sandeeplal,ManojDasi
ParthaThakuria,ManojDasi
SagarHarinarayan,ManojDasi
AmalAnto,ManojDasi
AnkitChhabra,ManojDasi
VivekVishwakarma,ManojDasi
ninadbhagwat,ManojDasi
SwapnilChaudhari,ManojDasi
soundaryajupudi,ManojDasi
VarshaRV,ManojDasi
MuditBeri,ManojDasi
VamsiKrishna,ManojDasi
ManojBobba,ManojDasi
PoojaManian,ManojDasi
PRajani,ManojDasi
SameerAshraf,ManojDasi
reshmaphilip2,ManojDasi
VaishaliRajurkar,ManojDasi
VenkateshHarisyam,ManojDasi
SaiSrivatsavaVemu,ManojDasi
PKhairnar,ManojDasi
SaketTiwari,ManojDasi
ShameerNizar,ManojDasi
AparnaRamesh,ManojDasi
AmitkumarMotake,ManojDasi
MayurRao,ManojDasi
YeshwanthKrishnaKolli,ManojDasi
GowthamReddy,ManojDasi
SandeepKasina,ManojDasi
AnantaShinde,ManojDasi
sriswaroopDasari,ManojDasi
KarthikPallapothula,ManojDasi
BadaRohit,ManojDasi
PraharshaHarsh,ManojDasi
SharmishthaTembhurnikar,ManojDasi
UttkarshaWetti,ManojDasi
bhaskaryadav,ManojDasi
MadhuSudhanPermi,ManojDasi
VIPULSINGH,SaketTiwari
SabareeshNikhilC,SaketTiwari
prudhvitejimmadi,SaketTiwari
RahulShinde1,SaketTiwari
SudheerVazrapu,SaketTiwari
RohanKhadatkar,SaketTiwari
venugopalnaik,SaketTiwari
AnilShanbhag,SaketTiwari
AnkitAgarwal11,SaketTiwari
drreddy,SaketTiwari
RavikiranMaddali,SaketTiwari
ManikantaRaju,SaketTiwari
SrinivasNuti,SaketTiwari
RahulMaganti,SaketTiwari
vjammula,SaketTiwari
PraneshSuram,SaketTiwari
NikunjSaunshi,SaketTiwari
manideepattanti,SaketTiwari
AbdulRauf,SaketTiwari
GautamSumu,SaketTiwari
VamsiKrishna,SaketTiwari
RishabhPatel,SaketTiwari
DineshKuruba,SaketTiwari
AbhishekKumar,SaketTiwari
VenkateshHarisyam,SaketTiwari
SaiSrivatsavaVemu,SaketTiwari
CharanGajjela,SaketTiwari
KesavaPhaneendraCh,SaketTiwari
ManojDasi,SaketTiwari
sampathvoleti,SaketTiwari
PriyankChhipa,SaketTiwari
VihariPiratla,SaketTiwari
KondapalliSriHarsha,SaketTiwari
HrishikeshChappadi,SaketTiwari
RaviVooda,SaketTiwari
AndhraMahaVishnu,SaketTiwari
BharathAkinapally,SaketTiwari
VishwanathNagallapati,SaketTiwari
NamrataBikhchandani,SaketTiwari
ManojReddy,SaketTiwari
AkhilSoma,SaketTiwari
sriswaroopDasari,SaketTiwari
KarthikPallapothula,SaketTiwari
AnirudhDonthireddy,SaketTiwari
MayankMilind,SaketTiwari
DeepakIitb,SaketTiwari
VasalaSaiKrishna,SaketTiwari
AhteshamHaque,SaketTiwari
EshwarChandraGupta,SaketTiwari
LnMurthy,SaketTiwari
ShashankPatidar,SaketTiwari
TarunSahu,SaketTiwari
TejaRamKotaprolu,SaketTiwari
ShivaElluru,SaketTiwari
RamyaKolli,SaketTiwari
SivaprudhviManepalli,SaketTiwari
NSingh,SaketTiwari
RaghuParisa,SaketTiwari
NimilaJilla,SaketTiwari
yadaganisricharan,SaketTiwari
SriVenkatPoolla,SkKhasim
SaideepKaripalli,SkKhasim
ManojBobba,SkKhasim
VenkateshHarisyam,SkKhasim
SingamJagadeeswarReddy,SkKhasim
GauthamAtmakur,SkKhasim
AmrutaBhavaraju,SkKhasim
GowthamReddy,SkKhasim
VishwanathNagallapati,SkKhasim
HarishVuba,SkKhasim
KarthikPallapothula,SkKhasim
sriswaroopDasari,SkKhasim
VasalaSaiKrishna,SkKhasim
BadaRohit,SkKhasim
PraharshaHarsh,SkKhasim
AbhiCherukuri,SkKhasim
SaiPraneethBommasani,SkKhasim
TumuKumar,SkKhasim
SrikarBodla,SkKhasim
MadhuSudhanPermi,SkKhasim
ManojSrikanth,SkKhasim
MahendraAnnamareddy,SkKhasim
ReddyArvind,SkKhasim
ManikantasaiParimi,SkKhasim
MeherTezz,SkKhasim
SravanGhanta,SkKhasim
UdayMandava,SkKhasim
KskNandan,SkKhasim
SpandanaPotineni,SkKhasim
ShivaElluru,SkKhasim
ShivaElluru,SkKhasim
RajShekar13,SkKhasim
HarieswarReddy,SkKhasim
MadhuDileep,SkKhasim
SandeshSai,SkKhasim
RohitPaturi,SkKhasim
AakarshRoyal,SkKhasim
DoumbiaMusah,SkKhasim
baseethkalagutla,SkKhasim
RohanBanerjee1,SkKhasim
AlankruthaGiridhar,SkKhasim
NagendraReddyVennapusa,SkKhasim
ManiKantaGudipati,SkKhasim
JeevanReddy,SkKhasim
SravanKumar32,SkKhasim
KavuruBharat,SkKhasim
ManiRatnam,SkKhasim
DarshanRv,SkKhasim
AdarshVenkat,SkKhasim
YashwanthChowdary,SkKhasim
SaqibRashid,SkKhasim
SasikanthThota,SkKhasim
RaghavaReddy,SkKhasim
GouthamResnick,SkKhasim
SandeepKumar421,SkKhasim
HarshaVardhanSriram,SkKhasim
SaitejaKrishna,SkKhasim
SanjayRoonwal,SkKhasim
NarraRamaKrishna,SkKhasim
AravindPenumetcha,SkKhasim
ManishaReddy4,VishwanathNagallapati
SrinivasNuti,VishwanathNagallapati
SundarKumarJvs,VishwanathNagallapati
PraveenKavuri,VishwanathNagallapati
KPavanKumar,VishwanathNagallapati
VamsiKrishna,VishwanathNagallapati
ManojBobba,VishwanathNagallapati
PrithviDheeraj,VishwanathNagallapati
PraneethMaganti,VishwanathNagallapati
VenkateshHarisyam,VishwanathNagallapati
SowmyaChittireddy,VishwanathNagallapati
SaketTiwari,VishwanathNagallapati
SkKhasim,VishwanathNagallapati
PrudhviMohan,VishwanathNagallapati
PranaySheela,VishwanathNagallapati
HarishVuba,VishwanathNagallapati
KarthikPallapothula,VishwanathNagallapati
sriswaroopDasari,VishwanathNagallapati
JayuJayachandra,VishwanathNagallapati
BabithaMachireddy,VishwanathNagallapati
VasalaSaiKrishna,VishwanathNagallapati
PraharshaHarsh,VishwanathNagallapati
SrikarBodla,VishwanathNagallapati
MadhuSudhanPermi,VishwanathNagallapati
YashwanthNanam,VishwanathNagallapati
NaveenReddyYedla,VishwanathNagallapati
SpandanaKontham,VishwanathNagallapati
SravanGhanta,VishwanathNagallapati
SpandanaPotineni,VishwanathNagallapati
KskNandan,VishwanathNagallapati
ShivaElluru,VishwanathNagallapati
RajShekar13,VishwanathNagallapati
RohitPaturi,VishwanathNagallapati
KarthikKrishna,VishwanathNagallapati
VignanReddy,VishwanathNagallapati
RaviKanthUppuluri,VishwanathNagallapati
NagendraReddyVennapusa,VishwanathNagallapati
ManiKantaGudipati,VishwanathNagallapati
MaheshYadav,VishwanathNagallapati
SaiHareesh,VishwanathNagallapati
MtechManufacturing,VishwanathNagallapati
KishorKumar3,VishwanathNagallapati
AvinashNalluri,VishwanathNagallapati
NarlagiriSrikanth,VishwanathNagallapati
GeethuPrakash,VishwanathNagallapati
anilkumar,VishwanathNagallapati
KesaniHarshith,VishwanathNagallapati
RakeshSankineni,VishwanathNagallapati
TejaD,VishwanathNagallapati
pupalaanand,VishwanathNagallapati
DevineniSaidheeraj,VishwanathNagallapati
SumanthReddy24,VishwanathNagallapati
JonnalagaddaHarikrishna,VishwanathNagallapati
VenunathNagallapati,VishwanathNagallapati
SaiPamulaparthy,VishwanathNagallapati
SreeramulaRaviteja,VishwanathNagallapati
SantoshAnkam,VishwanathNagallapati
PremPrakash38,VishwanathNagallapati
SatyendraTripathi,SSudhakar
ShantanuKallakuri,SSudhakar
THAKKOLURAVINDRAREDDY,SSudhakar
Marutheeswaran,SSudhakar
SrikanthDasari,SSudhakar
SethuKalidhasan,SSudhakar
VenkateshHarisyam,SSudhakar
satheesh,SSudhakar
SanthanamKumar,SSudhakar
SrikanthPeddireddy,SSudhakar
SivakumarSarma,SSudhakar
GaneshPedgaonkar,SSudhakar
RajeshRaj,SSudhakar
RvSatishKumar,SSudhakar
parshamonisrinivasulu,SSudhakar
PoojaVivacious,SSudhakar
VenkateshKothapalli,SSudhakar
GunakarYadav,SSudhakar
ravichand,SSudhakar
YadagiriKommagalla,SSudhakar
GaneshRaja3,SSudhakar
RatnamNv,SSudhakar
NandurkaMuthanna,SSudhakar
RaviKiran4,SSudhakar
ManasiMudaliyar,SSudhakar
RupakRaman,SSudhakar
ashokkumar,SSudhakar
PoluVijayKumar,SSudhakar
SuryadevaraPriyanka,SSudhakar
BrindhaParthiban,SSudhakar
BrahmamMedapi,SSudhakar
ChowtupalliKumar,SSudhakar
ChirraSumanGoud,SSudhakar
VikramadityaGundamarajuG,SSudhakar
MadhusudanKumar,SSudhakar
ShivaKrishnaK,SSudhakar
ChandrashekarRahul,SSudhakar
jagadeshm,SSudhakar
SathishKumar70,SSudhakar
arunboyineni,SSudhakar
DamarlaKrishna1,SSudhakar
FrancisDsirFranco,SSudhakar
PreetiJha5,SSudhakar
AavulaKumar,SSudhakar
RangaSanthosh,SSudhakar
SathvikaTalasila,SSudhakar
MudavathRavi,SSudhakar
NivAs,SSudhakar
ravichandramatang,SSudhakar
SureshAmaroju,SSudhakar
RaghuAmma,SSudhakar
ASifInnu,SSudhakar
SrinivasSingireddi,SSudhakar
GangaramPallikonda,SSudhakar
ShekarChandra,SSudhakar
NagendraBabu,SSudhakar
ChNRaju,SSudhakar
RamaKishore,SSudhakar
SudheerVazrapu,sriswaroopDasari
SaideepKaripalli,sriswaroopDasari
drreddy,sriswaroopDasari
RavikiranMaddali,sriswaroopDasari
TejaYadav,sriswaroopDasari
SrinivasNuti,sriswaroopDasari
vjammula,sriswaroopDasari
SohamTalukdar,sriswaroopDasari
SaiKotha,sriswaroopDasari
VamsiKrishna,sriswaroopDasari
PrudhviReddy3,sriswaroopDasari
ManojBobba,sriswaroopDasari
SameerAshraf,sriswaroopDasari
SiddhardhaTagirisa,sriswaroopDasari
VenkateshHarisyam,sriswaroopDasari
SaiSrivatsavaVemu,sriswaroopDasari
SaketTiwari,sriswaroopDasari
TarunNukala,sriswaroopDasari
SkKhasim,sriswaroopDasari
VihariPiratla,sriswaroopDasari
AnudeepNaidu,sriswaroopDasari
GowthamReddy,sriswaroopDasari
BharathAkinapally,sriswaroopDasari
VishwanathNagallapati,sriswaroopDasari
HarishVuba,sriswaroopDasari
AkhilSoma,sriswaroopDasari
KarthikPallapothula,sriswaroopDasari
VasalaSaiKrishna,sriswaroopDasari
AshokNaren,sriswaroopDasari
EshwarChandraGupta,sriswaroopDasari
MeherTezz,sriswaroopDasari
ManikantasaiParimi,sriswaroopDasari
KskNandan,sriswaroopDasari
YashwanthReddy,sriswaroopDasari
KarthikKrishna,sriswaroopDasari
MadhuDileep,sriswaroopDasari
SivaprudhviManepalli,sriswaroopDasari
RaghuParisa,sriswaroopDasari
RaviKanthUppuluri,sriswaroopDasari
NagendraReddyVennapusa,sriswaroopDasari
SaiAdarsh,sriswaroopDasari
KrishnaHarsha,sriswaroopDasari
ShohaibKhan,sriswaroopDasari
JaswanthJessie,sriswaroopDasari
TirumalaVenkatesh,sriswaroopDasari
HimavanthReddy,sriswaroopDasari
HarikaRao2,sriswaroopDasari
JonnalagaddaHarikrishna,sriswaroopDasari
ManeeshKarra,sriswaroopDasari
harshadevireddy,sriswaroopDasari
kusumakarbodha,sriswaroopDasari
SunkaraMithun,sriswaroopDasari
SumanthGunda,sriswaroopDasari
charanH,sriswaroopDasari
SakethPatibandla,AkhilSoma
AnantGupta,AkhilSoma
SudheerVazrapu,AkhilSoma
venugopalnaik,AkhilSoma
drreddy,AkhilSoma
ManikantaRaju,AkhilSoma
SrinivasNuti,AkhilSoma
vjammula,AkhilSoma
SharanBonala,AkhilSoma
AnkitaBihani,AkhilSoma
SaiKotha,AkhilSoma
VamsiKrishna,AkhilSoma
RRaj,AkhilSoma
PhanitejaMarupaka,AkhilSoma
ThrilokNannapaneni,AkhilSoma
AkhilNair,AkhilSoma
VenkateshHarisyam,AkhilSoma
JerisAlan,AkhilSoma
BajajHarsh,AkhilSoma
SaketTiwari,AkhilSoma
PrateekSaraf,AkhilSoma
VihariPiratla,AkhilSoma
RRao,AkhilSoma
sriswaroopDasari,AkhilSoma
VivekChetty,AkhilSoma
VamsiJasti,AkhilSoma
SahithiPinnamaneni,AkhilSoma
EshwarChandraGupta,AkhilSoma
KapilkoundinyaNidumolu,AkhilSoma
AkhilNeela,AkhilSoma
ChayanShaw,AkhilSoma
NaveenReddyYedla,AkhilSoma
MrinalBansal,AkhilSoma
TejaRamKotaprolu,AkhilSoma
RavikantTyagi,AkhilSoma
SSrujan,AkhilSoma
RamyaKolli,AkhilSoma
SivaprudhviManepalli,AkhilSoma
NandikaKalra,AkhilSoma
NuthalapatiSriharsha,AkhilSoma
AkhilE,AkhilSoma
RakeshBalusa,AkhilSoma
NadheemKhan,AkhilSoma
SaiAdarsh,AkhilSoma
KushagraSrivastava,AkhilSoma
KushagraSrivastava,AkhilSoma
NitanshGupta,AkhilSoma
imamnaseem,AkhilSoma
VidyaSagarReddy,AkhilSoma
AnirudhKasisomayajula,AkhilSoma
SourabhSharma,AkhilSoma
YokeshBabuSundaresan,AkhilSoma
PriyaSharma3,AkhilSoma
SabareeshNikhilC,KarthikPallapothula
AnnaSmetanova,KarthikPallapothula
ALIFARMANI,KarthikPallapothula
SrinivasNuti,KarthikPallapothula
vjammula,KarthikPallapothula
VamsiKrishna,KarthikPallapothula
NavyaSahithi,KarthikPallapothula
VenkateshHarisyam,KarthikPallapothula
MounikaTekula,KarthikPallapothula
ManojDasi,KarthikPallapothula
RathiHemanth,KarthikPallapothula
SaketTiwari,KarthikPallapothula
SkKhasim,KarthikPallapothula
JagamohanPadhi,KarthikPallapothula
VihariPiratla,KarthikPallapothula
GowthamReddy,KarthikPallapothula
VishwanathNagallapati,KarthikPallapothula
sriswaroopDasari,KarthikPallapothula
MadhuSudhanPermi,KarthikPallapothula
EshwarChandraGupta,KarthikPallapothula
MahendraAnnamareddy,KarthikPallapothula
NaveenReddyYedla,KarthikPallapothula
VachaspathiVennam,KarthikPallapothula
SravanGhanta,KarthikPallapothula
SpandanaPotineni,KarthikPallapothula
BillaAnirudh,KarthikPallapothula
RavitejaAppana,KarthikPallapothula
RajShekar13,KarthikPallapothula
RamyaKolli,KarthikPallapothula
SaiAdarsh,KarthikPallapothula
ManiKantaGudipati,KarthikPallapothula
AnnangiAbhinav,KarthikPallapothula
ManikandaswamySurendren,KarthikPallapothula
AvinashNalluri,KarthikPallapothula
NaganthranN,KarthikPallapothula
TanujaMaruthi,KarthikPallapothula
MankinaSasidhar,KarthikPallapothula
PraveenKumar106,KarthikPallapothula
DevandlaVenukumar,KarthikPallapothula
MuppallaYaswanth,KarthikPallapothula
MaheswarReddy,KarthikPallapothula
JonnalagaddaHarikrishna,KarthikPallapothula
RaviMuthareddy,KarthikPallapothula
PrabhuveerInuganti,KarthikPallapothula
PallabeeMahanta,KarthikPallapothula
PyAnusha,KarthikPallapothula
NikhilaChowdary,KarthikPallapothula
shivakumar,KarthikPallapothula
xiaoluo,KarthikPallapothula
VarunkumarPalelly,KarthikPallapothula
PGaonkar,KarthikPallapothula
RAMYAKRISHNAN,KarthikPallapothula
arunbhargavp,KarthikPallapothula
VenkateswarraoPallapothula,KarthikPallapothula
ShankarKumaran,BadaRohit
SaideepKaripalli,BadaRohit
RavikiranMaddali,BadaRohit
SrinivasNuti,BadaRohit
PraneshSuram,BadaRohit
SaiKotha,BadaRohit
soundaryajupudi,BadaRohit
VamsiKrishna,BadaRohit
ManojBobba,BadaRohit
SameerAshraf,BadaRohit
PhanitejaMarupaka,BadaRohit
VenkateshHarisyam,BadaRohit
SaiSrivatsavaVemu,BadaRohit
ManojDasi,BadaRohit
SkKhasim,BadaRohit
GowthamReddy,BadaRohit
BharathAkinapally,BadaRohit
SrdhrSri,BadaRohit
PhaniInturi,BadaRohit
MahendraAnnamareddy,BadaRohit
KalyanVelamakanni,BadaRohit
ManikantasaiParimi,BadaRohit
KaranKrishna,BadaRohit
BharathramsReddy,BadaRohit
RaviKanthUppuluri,BadaRohit
ShruthiReddy,BadaRohit
YeswanthGolla,BadaRohit
PachigollaVivek,BadaRohit
HarishMaddirala,BadaRohit
AvinashKumar122,BadaRohit
PrashanthReddy2,BadaRohit
himatejanallani,BadaRohit
AkhilNagasarapu,BadaRohit
TejaswiniMummadi,BadaRohit
YashwanthChinta,BadaRohit
PadmajaPriyanka,BadaRohit
RaghavaReddy,BadaRohit
KesaniHarshith,BadaRohit
JaswanthVuggirala,BadaRohit
TirumalaVenkatesh,BadaRohit
Bagad,BadaRohit
ShrutiDheram,BadaRohit
NikiNikzz,BadaRohit
SaitejaKrishna,BadaRohit
HariKrishna55,BadaRohit
MohanArnoy,BadaRohit
NandiniPaladugu,BadaRohit
BathinaKumar,BadaRohit
HarikaKuncham,BadaRohit
salsabilamajid,BadaRohit
ChinniChinni,BadaRohit
achyutherla,BadaRohit
AbhishekPadmasale,MadhuSudhanPermi
VamsiKrishna,MadhuSudhanPermi
VenkateshHarisyam,MadhuSudhanPermi
SaiSrivatsavaVemu,MadhuSudhanPermi
VishwanathaHiremath,MadhuSudhanPermi
ManojDasi,MadhuSudhanPermi
SkKhasim,MadhuSudhanPermi
VishwanathNagallapati,MadhuSudhanPermi
SaumyaMehrotra,MadhuSudhanPermi
KarthikPallapothula,MadhuSudhanPermi
VasalaSaiKrishna,MadhuSudhanPermi
PraharshaHarsh,MadhuSudhanPermi
IshaAtreja,MadhuSudhanPermi
AshokNaren,MadhuSudhanPermi
ApoorvaMohan,MadhuSudhanPermi
vipinkumarn,MadhuSudhanPermi
MeherTezz,MadhuSudhanPermi
SravanGhanta,MadhuSudhanPermi
KskNandan,MadhuSudhanPermi
NehaBadmi,MadhuSudhanPermi
ShivaElluru,MadhuSudhanPermi
RajShekar13,MadhuSudhanPermi
HarshaRavala,MadhuSudhanPermi
RisheekRishi,MadhuSudhanPermi
TonujDatta,MadhuSudhanPermi
ManiKantaGudipati,MadhuSudhanPermi
SaiHareesh,MadhuSudhanPermi
AnnangiAbhinav,MadhuSudhanPermi
RaviPermi,MadhuSudhanPermi
SiddharthBachhawat,MadhuSudhanPermi
AvinashNalluri,MadhuSudhanPermi
lakshmikanthsReddy,MadhuSudhanPermi
PrAneethMalineni,MadhuSudhanPermi
AheeshTak,MadhuSudhanPermi
RajJain,MadhuSudhanPermi
VJKumar2,MadhuSudhanPermi
SudhakarAyila,MadhuSudhanPermi
HarshaVardhanSriram,MadhuSudhanPermi
SaitejaKrishna,MadhuSudhanPermi
SashankChowdary,MadhuSudhanPermi
SAgarwal,MadhuSudhanPermi
AshwinArunKumar,MadhuSudhanPermi
DevineniSaidheeraj,MadhuSudhanPermi
JoshiPrasad,MadhuSudhanPermi
VickyBj,MadhuSudhanPermi
PrakruthiGowd,MadhuSudhanPermi
RahulReddy1,MadhuSudhanPermi
akhilashok,MadhuSudhanPermi
MruthyunjayaRaoPadamata,EshwarChandraGupta
AKannamwar,EshwarChandraGupta
RounakGulati,EshwarChandraGupta
VisheshSaxena,EshwarChandraGupta
BhargavaExcalibur,EshwarChandraGupta
UjjwalRaghuvanshi,EshwarChandraGupta
ArunTankha,EshwarChandraGupta
SudheerVazrapu,EshwarChandraGupta
venugopalnaik,EshwarChandraGupta
drreddy,EshwarChandraGupta
srivatsakandukuri,EshwarChandraGupta
JayakrishnaAlwar,EshwarChandraGupta
KSaiRam,EshwarChandraGupta
SrinivasNuti,EshwarChandraGupta
vjammula,EshwarChandraGupta
ShankarBhukya,EshwarChandraGupta
RatanRahul,EshwarChandraGupta
Jesshu22,EshwarChandraGupta
ShoaibShariff,EshwarChandraGupta
SaiKotha,EshwarChandraGupta
SaiKrishnaKanthHari,EshwarChandraGupta
VamsiKrishna,EshwarChandraGupta
PrudhviReddy3,EshwarChandraGupta
ManojBobba,EshwarChandraGupta
SagarPatnaik,EshwarChandraGupta
SaranSrikanth,EshwarChandraGupta
SirishaGutti,EshwarChandraGupta
abhilashvalle,EshwarChandraGupta
VenkateshHarisyam,EshwarChandraGupta
SaketTiwari,EshwarChandraGupta
VihariPiratla,EshwarChandraGupta
ArunKumar161,EshwarChandraGupta
PrasanthGeddam,EshwarChandraGupta
RaviVooda,EshwarChandraGupta
KarthikPallapothula,EshwarChandraGupta
sriswaroopDasari,EshwarChandraGupta
AkhilSoma,EshwarChandraGupta
BhadreswarGhuku,EshwarChandraGupta
SandeepDevarakonda,EshwarChandraGupta
KulaSekhar,EshwarChandraGupta
DaliKarri,EshwarChandraGupta
TejaRamKotaprolu,EshwarChandraGupta
SivaprudhviManepalli,EshwarChandraGupta
SaiAdarsh,EshwarChandraGupta
vivekkhan,EshwarChandraGupta
DevuChodankar,EshwarChandraGupta
kobbarimatta,EshwarChandraGupta
EswaraSai,sahithiseedarala
NVenugopalRao,sahithiseedarala
SwethaNimmagadda,sahithiseedarala
VeenaLahari,sahithiseedarala
NymishaMunnangi,sahithiseedarala
VenkateshHarisyam,sahithiseedarala
SowmyaChittireddy,sahithiseedarala
SantoshRupesh,sahithiseedarala
SowmyaKatragadda,sahithiseedarala
AshokNaren,sahithiseedarala
GayatriDhara,sahithiseedarala
VimarshSrivastava,sahithiseedarala
RukaiyyaKhan,sahithiseedarala
GaneshBabuJonnadula,sahithiseedarala
RamyaKolli,sahithiseedarala
GaneshBabuJonnadula,sahithiseedarala
KalyaniMittapalli,sahithiseedarala
ReshmaAlokam,sahithiseedarala
LalithaTammana,sahithiseedarala
AnushaKankanala,sahithiseedarala
SuryadevaraPriyanka,sahithiseedarala
GitaKajjam,sahithiseedarala
RenukaDevi4,sahithiseedarala
SatyaKarthik,sahithiseedarala
ShailendraTallapaka,sahithiseedarala
HarshaVadlapatla,sahithiseedarala
AbhinavKurumaddali,sahithiseedarala
ChinmayeeShah,sahithiseedarala
TejaTejaswi,sahithiseedarala
MitiDesai,sahithiseedarala
DoddalaMahitha,sahithiseedarala
SindhuDukkipati,sahithiseedarala
ShushmaSai,sahithiseedarala
GitaVatsalyaKajjam,sahithiseedarala
LekhazDevulapalli,sahithiseedarala
JyotsanaSharma,sahithiseedarala
RamuSridarala,sahithiseedarala
SaiSameerNandula,sahithiseedarala
PrashanthKolepaka,sahithiseedarala
shruthikaruturi,sahithiseedarala
SwathiKaruturi,sahithiseedarala
ChandrakanthKatukojwala,sahithiseedarala
JeswithaChintalacheruvu,sahithiseedarala
KrishnaCherukumalli,sahithiseedarala
viektripathi,sahithiseedarala
VenkateshHarisyam,DivvelaSravanthi
LovelySanthosh,DivvelaSravanthi
SrijanaVadigi,DivvelaSravanthi
ManasaTantravahi,DivvelaSravanthi
AlekhyaAdabala,DivvelaSravanthi
RaviTeja,DivvelaSravanthi
AkankSha,DivvelaSravanthi
LogicDeepak,DivvelaSravanthi
NarendraKumar,DivvelaSravanthi
KavyaKarumudi,DivvelaSravanthi
GirishDogga,DivvelaSravanthi
SuryaTejaA,DivvelaSravanthi
SrikanthKavirayani,DivvelaSravanthi
SriKari,DivvelaSravanthi
SadhanaVadigi,DivvelaSravanthi
ZakiEsam,DivvelaSravanthi
MallikarjunPasupuleti,DivvelaSravanthi
SaiBhaskar,DivvelaSravanthi
BugataHarish,DivvelaSravanthi
RammohanGurugubelli,DivvelaSravanthi
VinaySiddela,DivvelaSravanthi
NimmaniSanthosh,DivvelaSravanthi
AlluManodhar,DivvelaSravanthi
EswarKumar,DivvelaSravanthi
AshaSanapala,DivvelaSravanthi
SaiKumarAtchyuth,DivvelaSravanthi
SrinivasSitalakshmi,DivvelaSravanthi
AdityaKommana,DivvelaSravanthi
IJidagam,DivvelaSravanthi
YalamatiGanesh,DivvelaSravanthi
AlishaPala,DivvelaSravanthi
NaiduJagadeesh,DivvelaSravanthi
TathagataBasu,DivvelaSravanthi
SekharSai1,DivvelaSravanthi
bhavanishankar7,DivvelaSravanthi
PriyankaBehera,DivvelaSravanthi
HappySantosh,DivvelaSravanthi
AtchutaTanooj,DivvelaSravanthi
AnilKumarReddy8,DivvelaSravanthi
SinivasKollipara,DivvelaSravanthi
amulyabylapudi,DivvelaSravanthi
SreeLalithambica,DivvelaSravanthi
SaiKotha,SravanGhanta
KPavanKumar,SravanGhanta
AbhiVallabhaneni,SravanGhanta
VenkateshHarisyam,SravanGhanta
SaiSrivatsavaVemu,SravanGhanta
SkKhasim,SravanGhanta
VarunAnisetty,SravanGhanta
VishwanathNagallapati,SravanGhanta
HarishVuba,SravanGhanta
sarathVaragani,SravanGhanta
KarthikPallapothula,SravanGhanta
MansoorvaliSk,SravanGhanta
MadhuSudhanPermi,SravanGhanta
MahendraAnnamareddy,SravanGhanta
MeherTezz,SravanGhanta
BhanuP,SravanGhanta
KskNandan,SravanGhanta
ShivaElluru,SravanGhanta
RajShekar13,SravanGhanta
MadhuDileep,SravanGhanta
AbhijeetChaudhari,SravanGhanta
ManiKantaGudipati,SravanGhanta
AvinashNalluri,SravanGhanta
AnilKumarJonnalagadda,SravanGhanta
BhanuMoparthy,SravanGhanta
RaghavaReddy,SravanGhanta
SaiSandeepG,SravanGhanta
ArpithaTripuraneni,SravanGhanta
PuneethReddy1,SravanGhanta
KarnatiRajarammohanrao,SravanGhanta
YedduVenkateswarlu,SravanGhanta
DivyaBellam,SravanGhanta
NiroopPolagani,SravanGhanta
VadlamudiNithin,SravanGhanta
SriharshaSaraswathula,SravanGhanta
DevineniSaidheeraj,SravanGhanta
RaviMuthareddy,SravanGhanta
AsnsRamya,SravanGhanta
VenkateshVeligatla,SravanGhanta
RSinger,SravanGhanta
EswaraSai,VaishnaviTadakamalla
SrikanthSuresh,VaishnaviTadakamalla
AnoopKarnik,VaishnaviTadakamalla
ThiruvikramanKandhadai,VaishnaviTadakamalla
RaiHimanshu,VaishnaviTadakamalla
NarenKrishnaMadhurakavi,VaishnaviTadakamalla
AmrithaJayadev,VaishnaviTadakamalla
PriyaChowdhary,VaishnaviTadakamalla
SiddarthYerram,VaishnaviTadakamalla
jothsnap,VaishnaviTadakamalla
NamanBafna,VaishnaviTadakamalla
GokulNathSridhar,VaishnaviTadakamalla
ManojMadabhushi,VaishnaviTadakamalla
AmithLakkakula,VaishnaviTadakamalla
ARCHITASAHU,VaishnaviTadakamalla
SakshamPhul,VaishnaviTadakamalla
VenkateshHarisyam,VaishnaviTadakamalla
ChowdharySaiPriya,VaishnaviTadakamalla
HariPriyaRachakonda,VaishnaviTadakamalla
RaunakSharma,VaishnaviTadakamalla
VasundharaKoppisetty,VaishnaviTadakamalla
AditiShrivastava,VaishnaviTadakamalla
ShantiKiranNayak,VaishnaviTadakamalla
PranaviReddy1,VaishnaviTadakamalla
plaharireddy,VaishnaviTadakamalla
JahnaviParni,VaishnaviTadakamalla
PriyanshiRajput,VaishnaviTadakamalla
KinneraPaladugu,VaishnaviTadakamalla
SMalayanur,VaishnaviTadakamalla
ShantiRavali,VaishnaviTadakamalla
YesaswiniKarumanchi,VaishnaviTadakamalla
ArshdeepSingh11,VaishnaviTadakamalla
ShanthanReddy,VaishnaviTadakamalla
NimilaJilla,VaishnaviTadakamalla
PanitapuSainath,VaishnaviTadakamalla
PratyushaKethinedi,VaishnaviTadakamalla
DivyaSlp,VaishnaviTadakamalla
AsadAhmed5,VaishnaviTadakamalla
SabareeshNikhilC,RamyaKolli
RadhaMadhuri,RamyaKolli
KSaiRam,RamyaKolli
SrinivasNuti,RamyaKolli
RajendraKolli,RamyaKolli
PraneshSuram,RamyaKolli
NavyaSahithi,RamyaKolli
SaranSrikanth,RamyaKolli
VenkateshHarisyam,RamyaKolli
SowmyaChittireddy,RamyaKolli
SaketTiwari,RamyaKolli
VihariPiratla,RamyaKolli
SandeepChikkala,RamyaKolli
KarthikPallapothula,RamyaKolli
AkhilSoma,RamyaKolli
sahithiseedarala,RamyaKolli
TrozanDeva,RamyaKolli
TejaRamKotaprolu,RamyaKolli
PriyankaSharma139,RamyaKolli
NavyaRachanaKota,RamyaKolli
BesthaRavikumar,RamyaKolli
MonikaReddy,RamyaKolli
SaiAdarsh,RamyaKolli
NagendraReddyVennapusa,RamyaKolli
PriyankaSabavath,RamyaKolli
VihariSunkara,RamyaKolli
DanduMedha,RamyaKolli
SumedhaMutika,RamyaKolli
SriDithyaAtluri,RamyaKolli
SwamySwami,RamyaKolli
JayaPrakash70,RamyaKolli
VenkatRajiv,RamyaKolli
AmithaRapolu,RamyaKolli
SwapnaMaddula,RamyaKolli
KanthiRekha,RamyaKolli
ChakravarthiNanda,RamyaKolli
meghanakavali,RamyaKolli
VenusVerma,ManishaReddy4
AditiDwivedi1,ManishaReddy4
BennyMoses,ManishaReddy4
RamachandraiahChigurupati,ManishaReddy4
AKumar,ManishaReddy4
AvinashYKumar,ManishaReddy4
RahulChintala,ManishaReddy4
SatwikMudgal,ManishaReddy4
TathabrataBhattacharya,ManishaReddy4
SashankMacharla,ManishaReddy4
AmalDatta,ManishaReddy4
NandaKishorePenimeti,ManishaReddy4
sandeepreddy,ManishaReddy4
PraneetaValluri,ManishaReddy4
AbdulShameer,ManishaReddy4
ShreyaJayakumar,ManishaReddy4
KiranBhamidipati,ManishaReddy4
SreejaJanjirala,ManishaReddy4
venkatasaikrishnavanama,ManishaReddy4
SaitejaSirikonda,ManishaReddy4
SaiKiran,ManishaReddy4
VisishtaKarasani,ManishaReddy4
ChaitanyaPonnapalli,ManishaReddy4
vijayarohinikodati,ManishaReddy4
AyyagariRaviTeja,ManishaReddy4
AnjanaJames,ManishaReddy4
PrithviDheeraj,ManishaReddy4
SimranKaur2,ManishaReddy4
SnehaRapur,ManishaReddy4
SowmyaChittireddy,ManishaReddy4
JagadeeshPrakash,ManishaReddy4
TlvsMurthy,ManishaReddy4
KanchanGandhi,ManishaReddy4
VarshaAkavarapu,ManishaReddy4
SadaAbhishek,ManishaReddy4
AnkitGola,ManishaReddy4
PranatiAwasthi,ManishaReddy4
SujataParmar,ManishaReddy4
UmaGayatriYarrapothu,ManishaReddy4
SandeepReddy,ManishaReddy4
MustafaSonasath,ManishaReddy4
NagarajuRavadi,ManishaReddy4
JashwanthKasala,ManishaReddy4
PrithyushCp,ManishaReddy4
RamyaSakkeri,ManishaReddy4
DileepChakravarthy,ManishaReddy4
NazmaSultanaShaik,ManishaReddy4
GouthamVaraprasadNaik,ManishaReddy4
GTKumar,ManishaReddy4
RajeshSony,ManishaReddy4
GayathriSivakumar,ManishaReddy4
jayasreetk,ManishaReddy4
NavajyothiMahenderkarSubhedar,ManishaReddy4
AnannyaDas,ManishaReddy4
AmukthaMeher,ManishaReddy4
PrajapatiVaibhavi,ManishaReddy4
VishwanathNagallapati,ManishaReddy4
SunilKumar137,ManishaReddy4
BharathMusunuri,ManishaReddy4
PramodKowndinya,ManishaReddy4
SakshiGupta,VasanthSai
LohithMenchu,VasanthSai
RaviAgarwal,VasanthSai
AkshayMinocha,VasanthSai
SriramKarnati,VasanthSai
KaushikIska,VasanthSai
BharathVeeravalli,VasanthSai
AbhijatSharma,VasanthSai
HimanshuZade,VasanthSai
BodduluriPhani,VasanthSai
SaiNadimpalli,VasanthSai
SaideepKaripalli,VasanthSai
prudhvipotuganti,VasanthSai
KshitijAgrawal,VasanthSai
AmitashOjha,VasanthSai
UrmiGhosh,VasanthSai
VarunAggarwal,VasanthSai
PravinPatil,VasanthSai
PratyushaPutrevu,VasanthSai
SuhrudhReddy,VasanthSai
tejdeep,VasanthSai
PraveenKavuri,VasanthSai
SatyaVasanthReddyTumati,VasanthSai
jigneshtalasila,VasanthSai
ShivaSai,VasanthSai
VarshiniBandaru,VasanthSai
MadhulikaJain,VasanthSai
VinayGarg,VasanthSai
AnoopKumar,VasanthSai
SathyaThati,VasanthSai
ViswaVardhanPamarthi,VasanthSai
KaranSingla,VasanthSai
SrutiRallapalli,VasanthSai
ThrilokNannapaneni,VasanthSai
RajeshPothamsetty,VasanthSai
KarthikReddy48,VasanthSai
VedavidhBudimuri,VasanthSai
SowmyaChittireddy,VasanthSai
ApoorvReddy,VasanthSai
KesavaPhaneendraCh,VasanthSai
PrasanthAlapati,VasanthSai
NigamaaNayakanti,VasanthSai
ChiranjeevSharma,VasanthSai
BvSatish,VasanthSai
KatragaddaAvinash,VasanthSai
SomeshGupta,VasanthSai
KvndsHemanthkumar,VasanthSai
SruthiPedakolimi,VasanthSai
MahindraVenkata,VasanthSai
KartheekReddy2,VasanthSai
PareshVerma,VasanthSai
SaurabhJain,VasanthSai
SuryaprakashReddy,VasanthSai
GoutamTulsiyan,VasanthSai
HemanthaChowdary,VasanthSai
SairamNujalla,VasanthSai
seetaram,VasanthSai
STripathi,VasanthSai
VasalaSaiKrishna,VasanthSai
SravanKumarVoona,VasanthSai
KrishnaVijay,VenkataYaji
RamnarayanShreyas,VenkataYaji
AamerKhan5,VenkataYaji
SheronFigarado,VenkataYaji
KushagraNigam,VenkataYaji
AnirudhWodeyar,VenkataYaji
ShailajaAkella,VenkataYaji
AasthaAgrawal,VenkataYaji
RaamCharran,VenkataYaji
HarshavardhanPandit,VenkataYaji
ArushiPandey,VenkataYaji
VikasKotha,VenkataYaji
TanmayDeshmukh,VenkataYaji
ShashankBassi,VenkataYaji
JanviPalan,VenkataYaji
NelakuduruVineeth,VenkataYaji
MritunjaySrivastava,VenkataYaji
ManeeshMaharana,VenkataYaji
ShiladityaMandal,VenkataYaji
DevendraDidwaniya,VenkataYaji
AchyutKulkarni,VenkataYaji
RishabhMakharia,VenkataYaji
RohanHanda,VenkataYaji
SarangAgarwal,VenkataYaji
GarvitAggarwal,VenkataYaji
ParidhiGulati,VenkataYaji
JoshKumar1,VenkataYaji
ManankGosalia,VenkataYaji
HarshaSatya,VenkataYaji
SowmyaChittireddy,VenkataYaji
AniketSawant1,VenkataYaji
JillShah,VenkataYaji
YatharthNarang,VenkataYaji
ShubhamMishra,VenkataYaji
RakshitVerma,VenkataYaji
KrunalPatel,VenkataYaji
ShenoyVittal,VenkataYaji
ZenithKarri,VenkataYaji
RadhaVaidya,VenkataYaji
AkashSingh,VenkataYaji
PavanKrishna,VenkataYaji
AbhilashMudunuru,VenkataYaji
VishakhaManakBhandari,VenkataYaji
AmalSony,VenkataYaji
AyushSharma24,VenkataYaji
AanneshaSatpati,VenkataYaji
TarunReddy,VenkataYaji
SavyaMittal,VenkataYaji
MythriUdayshankar,VenkataYaji
VarunPerla,VenkataYaji
ShuklaPratiksha,VenkataYaji
RamaKrishnaTata,VenkataYaji
TusharGoyal,VenkataYaji
BhanuChanderRao,VenkataYaji
ShashwatKumar,VenkataYaji
RishabhSharma34,VenkataYaji
AravindKadiri,VenkataYaji
PradyumnaRaparti,VenkataYaji
AvikalpMathur,VenkataYaji
SanketAgarwal1,VenkataYaji
MadhureshKumar,HarishMudimela
SakshiGupta,HarishMudimela
RaviAgarwal,HarishMudimela
Talasila,HarishMudimela
AkshayMinocha,HarishMudimela
VidyaVenkat,HarishMudimela
JairajBhattacharya,HarishMudimela
vivekprakash,HarishMudimela
JoeAthialy,HarishMudimela
IshaanBhola,HarishMudimela
GDrushtiApoorva,HarishMudimela
SainathGupta,HarishMudimela
ErRamNiteshArya,HarishMudimela
BodduluriPhani,HarishMudimela
SaiNadimpalli,HarishMudimela
ManikantaRaju,HarishMudimela
prudhvipotuganti,HarishMudimela
KshitijAgrawal,HarishMudimela
AmitashOjha,HarishMudimela
VarunAggarwal,HarishMudimela
KondaM,HarishMudimela
ArpitMerchant,HarishMudimela
PravinPatil,HarishMudimela
SharvaniChandu,HarishMudimela
KumarRishabhAh,HarishMudimela
SathyaThati,HarishMudimela
AnoopKumar,HarishMudimela
VrashaliKhandelwal,HarishMudimela
SrutiRallapalli,HarishMudimela
MVSRTeja,HarishMudimela
prathyushkumarkasyapsambaturu,HarishMudimela
SaitejaMalyala,HarishMudimela
SowmyaChittireddy,HarishMudimela
SoumiKundu,HarishMudimela
KesavaPhaneendraCh,HarishMudimela
PulkitSinghal,HarishMudimela
TavvaRajesh,HarishMudimela
BvSatish,HarishMudimela
SoumyaDutta,HarishMudimela
KrishnapalSingh,HarishMudimela
AbhilashInumella,HarishMudimela
PrudhviMohan,HarishMudimela
GurumohanReddy,HarishMudimela
VaibhavManchala,HarishMudimela
RahulSharma98,HarishMudimela
AimenReshi,HarishMudimela
PriyankaShylendra,HarishMudimela
ShariqSa,HarishMudimela
MannavaSpandan,HarishMudimela
KeerthanaChilukuri,HarishMudimela
ShourieReddy,HarishMudimela
PraveenAkinapally,HarishMudimela
raghuramrayapureddi,HarishMudimela
SaumyaOmer,HarishMudimela
Babu,HarishMudimela
SpandanaKontham,HarishMudimela
UhithLagisetti,HarishMudimela
VamshiKrishnaPadidela,HarishMudimela
AbhiramKrishna,HarishMudimela
AvinashKvs,HarishMudimela
WGKumar,TarunNukala
PrudhviReddy3,TarunNukala
ManojBobba,TarunNukala
SaiSrivatsavaVemu,TarunNukala
SowmyaChittireddy,TarunNukala
BoddireddyDineshreddy,TarunNukala
IqbalBaig,TarunNukala
HudsonPaul,TarunNukala
AvinashChekkilla,TarunNukala
SandeepChikkala,TarunNukala
HarshendarReddy,TarunNukala
KattaReddy,TarunNukala
GowthamReddy,TarunNukala
HarishVuba,TarunNukala
SumanthSimma,TarunNukala
sriswaroopDasari,TarunNukala
KusumaBuddhiraju,TarunNukala
NandhithaSridhran,TarunNukala
VasalaSaiKrishna,TarunNukala
NishanthGaddam,TarunNukala
CharitanyaReddy,TarunNukala
AshokNaren,TarunNukala
KiranChilakalapudi,TarunNukala
AnireddyVamshi,TarunNukala
RamuYoganand,TarunNukala
SravanthiRao1,TarunNukala
SaraswathiGangineni,TarunNukala
HimajaYedithi,TarunNukala
VidyaDuggineni,TarunNukala
ARJUNM,TarunNukala
SaiRahul,TarunNukala
NvkSatish,TarunNukala
ChandraKanthReddy,TarunNukala
PMadabhushi,TarunNukala
MaruthiVenkatNallapati,TarunNukala
SaiHareesh,TarunNukala
NehaReddy7,TarunNukala
SaiRaj,TarunNukala
AnnangiAbhinav,TarunNukala
ReddySiddharth,TarunNukala
anumolusai,TarunNukala
hemanthreddy1,TarunNukala
ShravyaPotluri,TarunNukala
SidharthaMadipalli,TarunNukala
PranithB,TarunNukala
AmitKhatri3,TarunNukala
NikhilRajSingh,TarunNukala
KushalVangara,TarunNukala
SaitejaKrishna,TarunNukala
AnveshReddy,TarunNukala
AkhilReddy1,TarunNukala
VinayKumarVushagoni,TarunNukala
RupeshBondili,TarunNukala
VandanaGupta,TarunNukala
DarlingNaga,TarunNukala
VenkatReddy30,TarunNukala
ThotaAnil,TarunNukala
MeghasyamT,TarunNukala
venkatram3,TarunNukala
ManeeshKarra,TarunNukala
AntarikshBothale,PrudhviMohan
uttamsikaria,PrudhviMohan
VIPULSINGH,PrudhviMohan
KetavMehta,PrudhviMohan
SumanRao,PrudhviMohan
NehaInnanje,PrudhviMohan
AbhishekTiwari,PrudhviMohan
AnasuyaMandal,PrudhviMohan
RBhardwaj,PrudhviMohan
KaruneshJigyasu,PrudhviMohan
NiyatiJhamaria,PrudhviMohan
AbhishekKejriwal,PrudhviMohan
AkankshaThawani,PrudhviMohan
PoorvaShukla,PrudhviMohan
SajanSankaran,PrudhviMohan
RachitAggarwal,PrudhviMohan
IndrasenBhattacharya,PrudhviMohan
RahulShinde1,PrudhviMohan
ShibaniSanturkar,PrudhviMohan
AbhishekPadmanabhan,PrudhviMohan
SudheerVazrapu,PrudhviMohan
AnilShanbhag,PrudhviMohan
drreddy,PrudhviMohan
PrashantChandra,PrudhviMohan
ManikantaRaju,PrudhviMohan
PriyankaArya,PrudhviMohan
SampathSatti,PrudhviMohan
KeshavKumar,PrudhviMohan
vjammula,PrudhviMohan
PraneshSuram,PrudhviMohan
AkshatKharaya,PrudhviMohan
PraveenKavuri,PrudhviMohan
UmangMathur,PrudhviMohan
ThrilokNannapaneni,PrudhviMohan
HarishMudimela,PrudhviMohan
IshwaryaSanthosh,PrudhviMohan
SowmyaChittireddy,PrudhviMohan
rgeesa,PrudhviMohan
RahulMuzhikkal,PrudhviMohan
LaikaReebo,PrudhviMohan
PushkarPandit,PrudhviMohan
AmitKatoch,PrudhviMohan
SriharshaGajarla,PrudhviMohan
AtanuMitra,PrudhviMohan
VishwanathNagallapati,PrudhviMohan
HrshRatde,PrudhviMohan
RadhaKrrish,PrudhviMohan
AnujGarg,PrudhviMohan
JakkaVenkat,PrudhviMohan
LnMurthy,PrudhviMohan
VamshidharReddy2,PrudhviMohan
AgrawalAvinash,PrudhviMohan
ManvithaSree,PrudhviMohan
TarakaSatishKumar,PrudhviMohan
BhavanaSrunvanthiKonda,PrudhviMohan
NitinPagidipalli,PrudhviMohan
PrithviTipirneni,PrudhviMohan
SandeepKumarBypina,PrudhviMohan
ManjariBluepearl,PrudhviMohan
VandanaRallabandi,PrudhviMohan
GarvMalik,VasundharaKoppisetty
EswaraSai,VasundharaKoppisetty
ChanduParimi,VasundharaKoppisetty
AnoopKarnik,VasundharaKoppisetty
BhanuSrivatsav,VasundharaKoppisetty
AntarikshaYelkawar,VasundharaKoppisetty
ThiruvikramanKandhadai,VasundharaKoppisetty
ShantanuKallakuri,VasundharaKoppisetty
PrasanthAkki,VasundharaKoppisetty
SuryaPabbisetty,VasundharaKoppisetty
NarenKrishnaMadhurakavi,VasundharaKoppisetty
DeepthiMeduri,VasundharaKoppisetty
VinayakVR,VasundharaKoppisetty
AmrithaJayadev,VasundharaKoppisetty
DivyaPravallika,VasundharaKoppisetty
VivekhPrabakaran,VasundharaKoppisetty
SidharthSai,VasundharaKoppisetty
SiddharthDash1,VasundharaKoppisetty
NelakuduruVineeth,VasundharaKoppisetty
jothsnap,VasundharaKoppisetty
NamanBafna,VasundharaKoppisetty
GunjeshSingh,VasundharaKoppisetty
ManojMadabhushi,VasundharaKoppisetty
AnilTalari,VasundharaKoppisetty
SomyaAgarwal,VasundharaKoppisetty
SandeepGoli,VasundharaKoppisetty
ArchitaSharma,VasundharaKoppisetty
AkshayBhat,VasundharaKoppisetty
ChiragGarg3,VasundharaKoppisetty
ARCHITASAHU,VasundharaKoppisetty
SuryaPrathap,VasundharaKoppisetty
VishwanthkumarVankadari,VasundharaKoppisetty
SaumyaVerma4,VasundharaKoppisetty
GuptaChavi,VasundharaKoppisetty
DivyaAnnavajjula,VasundharaKoppisetty
SakshamPhul,VasundharaKoppisetty
ChowdharySaiPriya,VasundharaKoppisetty
SowmyaChittireddy,VasundharaKoppisetty
SrimanthChaudari,VasundharaKoppisetty
SiddharthMishra,VasundharaKoppisetty
AravindKarthik,VasundharaKoppisetty
DivyaJyothi,VasundharaKoppisetty
SatyaNarayanDas,VasundharaKoppisetty
AditiShrivastava,VasundharaKoppisetty
SumirKapur,VasundharaKoppisetty
MahithaTammineedi,VasundharaKoppisetty
VishakaThekkedath,VasundharaKoppisetty
AnchalBhalotia,VasundharaKoppisetty
SnehaKhaitan,VasundharaKoppisetty
SushanthSai,VasundharaKoppisetty
VaishnaviTadakamalla,VasundharaKoppisetty
ShivaKumar,VasundharaKoppisetty
SaiSriharsha,VasundharaKoppisetty
VineelKonda,VasundharaKoppisetty
SrinivasRavi,VasundharaKoppisetty
reshminambiar,VasundharaKoppisetty
FarhanRasheed,VasundharaKoppisetty
Vinaymlvs,VasundharaKoppisetty
ShreeDivyya,VasundharaKoppisetty
ShankarKumaran,PranaySheela
puneethagarwal,PranaySheela
RaghuKanukurthi,PranaySheela
SowmyaChittireddy,PranaySheela
PramodGowda,PranaySheela
PiyushAras,PranaySheela
SubramanianPillai,PranaySheela
VishwanathNagallapati,PranaySheela
SrdhrSri,PranaySheela
ChakradharReddyPv,PranaySheela
BharathReddy,PranaySheela
SaichandChowdary,PranaySheela
KalyanVelamakanni,PranaySheela
MohanVinay,PranaySheela
HavishaKalwad,PranaySheela
PrasanthKamma,PranaySheela
SartajKadian,PranaySheela
KaranKrishna,PranaySheela
KanchumartyBhaskar,PranaySheela
KarthikKrishna,PranaySheela
BharathramsReddy,PranaySheela
HayagreevRaman,PranaySheela
PachigollaVivek,PranaySheela
RohitAllena,PranaySheela
AvinashKumar122,PranaySheela
SaiHareesh,PranaySheela
anoopviswa,PranaySheela
himatejanallani,PranaySheela
PoojaVinta,PranaySheela
AkhilNagasarapu,PranaySheela
BhargavSravan,PranaySheela
KonapalaRakesh,PranaySheela
VGudisa,PranaySheela
KalyanK,PranaySheela
GeethuPrakash,PranaySheela
KumarReddyPraveen,PranaySheela
MohitChakravarthy,PranaySheela
SaravananSelvamVersionThirty,PranaySheela
ShamikarReddy,PranaySheela
ShrutiDheram,PranaySheela
GouravAgarwal3,PranaySheela
VinayakReddy,PranaySheela
JadulhaqMazuki,PranaySheela
RamaKrishna192,PranaySheela
FaisalFauzi1,PranaySheela
RavikiranIppili,PranaySheela
MuhammadOktavianto1,PranaySheela
SiriguppaAbhishek,PranaySheela
MohanArnoy,PranaySheela
DwarakeshMurali,PranaySheela
DollarBhatia,PranaySheela
YamsaniSumanth,PranaySheela
AkshayKarode,PranaySheela
ValivetiRohithkanna,PranaySheela
VamshiSomidi,PranaySheela
SankeerthanNangunoori,PranaySheela
DougKnight,PranaySheela
EttaShashiKiran,PranaySheela
RaviTejaPalla,HarishVuba
radhakrishnaabhishek,HarishVuba
AdvaithMohan,HarishVuba
PrateekVijayavargia,HarishVuba
DineshSoundappa,HarishVuba
ArunSudarsan,HarishVuba
ReshmiSuresh,HarishVuba
SudheerVazrapu,HarishVuba
AbhijithThampi,HarishVuba
SaideepKaripalli,HarishVuba
ArshadNujoom,HarishVuba
RishikaMahendran,HarishVuba
GauravAgarwal8,HarishVuba
prudhvipotuganti,HarishVuba
vjammula,HarishVuba
rekhalokula,HarishVuba
bladdy,HarishVuba
AravindNagulu,HarishVuba
SravanReddy2,HarishVuba
SaiTejoKiran,HarishVuba
RenithaTalari,HarishVuba
CyanoPrem,HarishVuba
PrudhviReddy3,HarishVuba
AshaChigurupati,HarishVuba
ManojBobba,HarishVuba
SaranSrikanth,HarishVuba
visweswaranimela,HarishVuba
ShubhamBarsaiyan,HarishVuba
ThrilokNannapaneni,HarishVuba
DarsanaVijay,HarishVuba
SowmyaChittireddy,HarishVuba
PrasannaProne,HarishVuba
AnveshKaturi,HarishVuba
AbhishekMeena6,HarishVuba
RajaYellepeddi,HarishVuba
TarunNukala,HarishVuba
PoornaKumar,HarishVuba
SkKhasim,HarishVuba
SandeepChikkala,HarishVuba
GowthamReddy,HarishVuba
JadhavSanDy,HarishVuba
VishwanathNagallapati,HarishVuba
srikanthprasad,HarishVuba
sriswaroopDasari,HarishVuba
ManojGuduguntlaG,HarishVuba
PraharshaHarsh,HarishVuba
ValmikiTej,HarishVuba
AshokNaren,HarishVuba
SravanGhanta,HarishVuba
PushkarKhandare,HarishVuba
NagendraReddyVennapusa,HarishVuba
AnnangiAbhinav,HarishVuba
ShankerKrishna,HarishVuba
RavikiranJonna,HarishVuba
SreenivasGundlapalli,HarishVuba
BharathKumarMunnangi,HarishVuba
DevarajMedara,HarishVuba
SakshiGupta,OtraSpandana
RaviAgarwal,OtraSpandana
AkshayMinocha,OtraSpandana
KaushikIska,OtraSpandana
GDrushtiApoorva,OtraSpandana
PriyaBansal,OtraSpandana
ShashankMujumdar,OtraSpandana
shivanipoddar,OtraSpandana
AbhinavAppidi,OtraSpandana
VibhavSrivastava,OtraSpandana
DevanshShah,OtraSpandana
KshitijAgrawal,OtraSpandana
SampathSatti,OtraSpandana
ChennaRajaram,OtraSpandana
UrmiGhosh,OtraSpandana
KondaM,OtraSpandana
AnujKatiyal,OtraSpandana
ArpitMerchant,OtraSpandana
vjammula,OtraSpandana
PravinPatil,OtraSpandana
PraveenKavuri,OtraSpandana
KotloSharan,OtraSpandana
RonakKogta,OtraSpandana
SharvaniChandu,OtraSpandana
aniruddhatammewar,OtraSpandana
DharmaTeja,OtraSpandana
ArushiDogra,OtraSpandana
MadhulikaJain,OtraSpandana
KumarRishabhAh,OtraSpandana
VinayGarg,OtraSpandana
SathyaThati,OtraSpandana
SowmyaChittireddy,OtraSpandana
AmeyaPrabhu,OtraSpandana
YashGirdhar,OtraSpandana
ArjunSNath,OtraSpandana
TavvaRajesh,OtraSpandana
DikshaYadav,OtraSpandana
AbhilashInumella,OtraSpandana
SriharshBhyravajjula,OtraSpandana
AbhineetAgarwal,OtraSpandana
DeepikaPathania,OtraSpandana
nehaummareddy,OtraSpandana
AbhishekVarghese,OtraSpandana
SivaReddy,OtraSpandana
SudheerKovelamudi,OtraSpandana
PujithaAppanKandala,OtraSpandana
SandeepKumarBypina,OtraSpandana
SaiJahnaviGamalapati,OtraSpandana
SalunkeShrikant,OtraSpandana
KavyaMekala,OtraSpandana
YaswanthVanarasi,OtraSpandana
IshaMangurkar,OtraSpandana
JayachandranSurendran,OtraSpandana
SatyaHarsh,OtraSpandana
BbvSsr,OtraSpandana
RaviTejaPalla,DamacharlaSnehankita
EswaraSai,DamacharlaSnehankita
NeerajAgarwal,DamacharlaSnehankita
AnoopKarnik,DamacharlaSnehankita
AlimpanBanerjee,DamacharlaSnehankita
ThiruvikramanKandhadai,DamacharlaSnehankita
SudheerVazrapu,DamacharlaSnehankita
SwethaNimmagadda,DamacharlaSnehankita
SaiPadmanabhuni,DamacharlaSnehankita
DivyaPravallika,DamacharlaSnehankita
rekhalokula,DamacharlaSnehankita
PriyaChowdhary,DamacharlaSnehankita
VeenaLahari,DamacharlaSnehankita
ManojMadabhushi,DamacharlaSnehankita
VisishtaKarasani,DamacharlaSnehankita
SandeepGoli,DamacharlaSnehankita
ApoorvaMusunuri,DamacharlaSnehankita
HariKrishnaUpadhyayula,DamacharlaSnehankita
SnehansuPradhan,DamacharlaSnehankita
SowmyaChittireddy,DamacharlaSnehankita
JaidiJeevan,DamacharlaSnehankita
GlkPrasanth,DamacharlaSnehankita
RaiRahul2,DamacharlaSnehankita
SowmyaKatragadda,DamacharlaSnehankita
VaishnaviVadlamani,DamacharlaSnehankita
BabithaMachireddy,DamacharlaSnehankita
RamyaSree,DamacharlaSnehankita
GayatriDhara,DamacharlaSnehankita
KumarPradeep,DamacharlaSnehankita
SaumitraTiwari,DamacharlaSnehankita
SantoshPaidi,DamacharlaSnehankita
SnehaSingh10,DamacharlaSnehankita
MounicaJonnalagadda,DamacharlaSnehankita
KritiChandra,DamacharlaSnehankita
ManasaReddy,DamacharlaSnehankita
GayatriVeerapaneni,DamacharlaSnehankita
AvinashMuraliKrishna,DamacharlaSnehankita
KotaTejaswi,DamacharlaSnehankita
NimilaJilla,DamacharlaSnehankita
DheerajJones,DamacharlaSnehankita
SivaValluri,DamacharlaSnehankita
RagavKrishna,DamacharlaSnehankita
VikashChiriki,DamacharlaSnehankita
ShyamAnaparthy,DamacharlaSnehankita
BharatKavala,DamacharlaSnehankita
SravanthiPoonganam,DamacharlaSnehankita
SnehaRathi,DamacharlaSnehankita
NavyaVandanapu,DamacharlaSnehankita
MounicaAdapa,DamacharlaSnehankita
SpoorthiNedunoori,DamacharlaSnehankita
SangeetaVatsavai,DamacharlaSnehankita
AnuKankane,DamacharlaSnehankita
SrujanaCheruvu,DamacharlaSnehankita
RishavRej,DamacharlaSnehankita
LasyaPriya1,DamacharlaSnehankita
OluFemi,GangasaniNiharikaReddy
PrateekSaxena7,GangasaniNiharikaReddy
ShivangiSahu,GangasaniNiharikaReddy
SriKrishna23,GangasaniNiharikaReddy
ArihantJain,GangasaniNiharikaReddy
ChaitanyaPonnapalli,GangasaniNiharikaReddy
KamalapatiBehera,GangasaniNiharikaReddy
SowmyaChittireddy,GangasaniNiharikaReddy
SauravJha,GangasaniNiharikaReddy
LaxmiHanumanthu,GangasaniNiharikaReddy
NiharikaChatla,GangasaniNiharikaReddy
MounikaMotaparthi,GangasaniNiharikaReddy
SowmyaVelugoti,GangasaniNiharikaReddy
BharathKumarBanoth,GangasaniNiharikaReddy
SwaroopNv,GangasaniNiharikaReddy
varunreddy,GangasaniNiharikaReddy
PittaAbhinai,GangasaniNiharikaReddy
NarendraMandadi,GangasaniNiharikaReddy
DharaniKumar,GangasaniNiharikaReddy
JPriyadarshini,GangasaniNiharikaReddy
pranavabethi,GangasaniNiharikaReddy
NibuScariaKurian,GangasaniNiharikaReddy
MadhuriLeela,GangasaniNiharikaReddy
ShamanthSathu,GangasaniNiharikaReddy
PremsaiBairu,GangasaniNiharikaReddy
PriyaNissi,GangasaniNiharikaReddy
PachikaSaketh,GangasaniNiharikaReddy
KarthikKrishna,GangasaniNiharikaReddy
OmAditya,GangasaniNiharikaReddy
MaithriLakkimsetti,GangasaniNiharikaReddy
ChetanBhadrashette,GangasaniNiharikaReddy
VenkataSreeCharanKuppili,GangasaniNiharikaReddy
VijethaVijaya,GangasaniNiharikaReddy
PriyankaSabavath,GangasaniNiharikaReddy
SumanReddy4,GangasaniNiharikaReddy
RanaaMahveen,GangasaniNiharikaReddy
SantoshREpuri,GangasaniNiharikaReddy
sruthithangallapalli,GangasaniNiharikaReddy
NAjithKumar,GangasaniNiharikaReddy
SravaniReddy,GangasaniNiharikaReddy
SreekarKapuganti,GangasaniNiharikaReddy
NageswaraRaoNamburu,GangasaniNiharikaReddy
DanduMedha,GangasaniNiharikaReddy
SumedhaMutika,GangasaniNiharikaReddy
RagothamBommareddy,GangasaniNiharikaReddy
SriDithyaAtluri,GangasaniNiharikaReddy
RaghuramDevarayi,GangasaniNiharikaReddy
SoumyaRani,GangasaniNiharikaReddy
tejaswinibasani,GangasaniNiharikaReddy
AmithaRapolu,GangasaniNiharikaReddy
SindhuReddy,GangasaniNiharikaReddy
MPrabuPrabu,GangasaniNiharikaReddy
ReddyShravya,GangasaniNiharikaReddy
SandeepPoonia,NishanthGaddam
PrashantRana,NishanthGaddam
PradipSwarnakar,NishanthGaddam
GauravOjha,NishanthGaddam
BennyMoses,NishanthGaddam
NitishBhardwaj,NishanthGaddam
VinayakMeena,NishanthGaddam
RathnadeepKanaparthi,NishanthGaddam
SaurabhKumar2,NishanthGaddam
srikanthsagar,NishanthGaddam
MedaTeja,NishanthGaddam
ShivamChandra,NishanthGaddam
SaranSrikanth,NishanthGaddam
AbhishekDandona,NishanthGaddam
JagdeepSingh,NishanthGaddam
HimanshuSrivastava,NishanthGaddam
amankasli,NishanthGaddam
AnuragAgrawal,NishanthGaddam
SowmyaChittireddy,NishanthGaddam
KamidiNitesh,NishanthGaddam
ritikakurele,NishanthGaddam
UmaMaheshwar,NishanthGaddam
TarunNukala,NishanthGaddam
SurbhiJain,NishanthGaddam
RahulGodha,NishanthGaddam
SandeepChikkala,NishanthGaddam
LakshminarayanaPotukuchi,NishanthGaddam
SachchitBansal,NishanthGaddam
HiteshSharma,NishanthGaddam
DharmveerBaloda,NishanthGaddam
DeependraSingh,NishanthGaddam
KartikeyaSarma,NishanthGaddam
PhaniKumar,NishanthGaddam
GauravChandok,NishanthGaddam
SakshiSharma17,NishanthGaddam
AvinashSri,NishanthGaddam
BhavyaGhai,NishanthGaddam
KavyaSri,NishanthGaddam
AakashSharma19,NishanthGaddam
VinayKumar,NishanthGaddam
ReddyAkhila,NishanthGaddam
ManojVarma4,NishanthGaddam
AnveshGandham,NishanthGaddam
MtechManufacturing,NishanthGaddam
anumolusai,NishanthGaddam
RahulKatoriya,NishanthGaddam
UdayKiran,NishanthGaddam
KuldeepYadav10,NishanthGaddam
NageshM,NishanthGaddam
adiseshunaik,NishanthGaddam
EswaraSai,MounicaJonnalagadda
ShravyaLahari,MounicaJonnalagadda
VasanArunachalam,MounicaJonnalagadda
AnoopKarnik,MounicaJonnalagadda
SudheerVazrapu,MounicaJonnalagadda
ThiruvikramanKandhadai,MounicaJonnalagadda
ShantanuKallakuri,MounicaJonnalagadda
PrasanthAkki,MounicaJonnalagadda
SrikantBharadwaj,MounicaJonnalagadda
SwethaNimmagadda,MounicaJonnalagadda
SaiPadmanabhuni,MounicaJonnalagadda
SuryaKlsv,MounicaJonnalagadda
SarthakGhosh,MounicaJonnalagadda
VeenaLahari,MounicaJonnalagadda
krishnakarthick,MounicaJonnalagadda
SwamyIdln,MounicaJonnalagadda
NavyaSahithi,MounicaJonnalagadda
ApoorvaMusunuri,MounicaJonnalagadda
ShankarVenkatraman,MounicaJonnalagadda
SowmyaChittireddy,MounicaJonnalagadda
TejeshwarSingh,MounicaJonnalagadda
PoornimaKrothapalli,MounicaJonnalagadda
SowmyaKatragadda,MounicaJonnalagadda
DamacharlaSnehankita,MounicaJonnalagadda
BabithaMachireddy,MounicaJonnalagadda
GayatriDhara,MounicaJonnalagadda
GouthamPatley,MounicaJonnalagadda
RajeswariGs,MounicaJonnalagadda
SnehaSingh10,MounicaJonnalagadda
KritiChandra,MounicaJonnalagadda
GayatriVeerapaneni,MounicaJonnalagadda
VamshipriyaChowdary,MounicaJonnalagadda
SaiRam54,MounicaJonnalagadda
NavyaVandanapu,MounicaJonnalagadda
VarshaTeratipally,MounicaJonnalagadda
SangeetaVatsavai,MounicaJonnalagadda
DineshReddy17,MounicaJonnalagadda
dineshbabusingh,MounicaJonnalagadda
JakkidiSindhuReddy,MounicaJonnalagadda
SaiKotha,SpandanaPotineni
HimanthNerusu,SpandanaPotineni
AnkitaPaliwal,SpandanaPotineni
SreeHarshaKaza,SpandanaPotineni
PraveenChand,SpandanaPotineni
PatriyanRizki,SpandanaPotineni
PraveenKothari,SpandanaPotineni
ShubhamKumar75,SpandanaPotineni
SowmyaChittireddy,SpandanaPotineni
GokulnathReddy,SpandanaPotineni
gopinathrongali,SpandanaPotineni
AshishSingh1,SpandanaPotineni
NiharikaChatla,SpandanaPotineni
RajaSekhar78,SpandanaPotineni
SkKhasim,SpandanaPotineni
SnehaVadlapatla,SpandanaPotineni
GagandeepSingh6,SpandanaPotineni
KrishnaMohanRoy,SpandanaPotineni
VishwanathNagallapati,SpandanaPotineni
KarthikPallapothula,SpandanaPotineni
YUSMARNITAYUSOP,SpandanaPotineni
AnuradhaYadav,SpandanaPotineni
PoojaSinha,SpandanaPotineni
NaveenReddyYedla,SpandanaPotineni
HarikaYasa,SpandanaPotineni
SwarnimaSonkar,SpandanaPotineni
NuthalapatiSriharsha,SpandanaPotineni
AnamikaSinha3,SpandanaPotineni
RoseleenChouti,SpandanaPotineni
sharingananurag,SpandanaPotineni
OmRana,SpandanaPotineni
VinodDosapati,SpandanaPotineni
KavyaMekala,SpandanaPotineni
SHPotluri,SpandanaPotineni
AnushaKandavalli,SpandanaPotineni
SinghSourabh,SpandanaPotineni
ChavaKavya,SpandanaPotineni
RakeshNarvaneni,SpandanaPotineni
AnamikaSinha2,SpandanaPotineni
sudarshaniisc,HariKrishnan
OluFemi,HariKrishnan
VasanArunachalam,HariKrishnan
SwetabhKumar,HariKrishnan
ThiruvikramanKandhadai,HariKrishnan
ShantanuKallakuri,HariKrishnan
PrasanthAkki,HariKrishnan
RajasegaranElumalai,HariKrishnan
AmrithaJayadev,HariKrishnan
PrasanthAbraham,HariKrishnan
ArihantJain,HariKrishnan
krishnakarthick,HariKrishnan
PrabhakaranAnoop,HariKrishnan
NitinMythreya,HariKrishnan
SowmyaChittireddy,HariKrishnan
SaiRaghuVamsi,HariKrishnan
NarayananAnanth,HariKrishnan
ArjunSNath,HariKrishnan
MalavikaGopinath,HariKrishnan
SoumyaGanguly,HariKrishnan
SaahilGupta,HariKrishnan
SowmyaKatragadda,HariKrishnan
SibiAbraham,HariKrishnan
VimarshSrivastava,HariKrishnan
AnupPampari,HariKrishnan
AjayKumar66,HariKrishnan
NikhilAyyagari,HariKrishnan
SharathHariN,HariKrishnan
VanshKhurana,HariKrishnan
VedantDixit,HariKrishnan
VKumar,HariKrishnan
BadariR,HariKrishnan
ChethnKrishna,HariKrishnan
MohanMohit,HariKrishnan
VichunuVichu,HariKrishnan
ShaliniSubburaman,HariKrishnan
ssn92,HariKrishnan
SangharshAglave,ReddyAkhila
RathnadeepKanaparthi,ReddyAkhila
VishalRaveendranathan,ReddyAkhila
SaitejaSirikonda,ReddyAkhila
KevalMeshram,ReddyAkhila
SowmyaChittireddy,ReddyAkhila
BoddireddyDineshreddy,ReddyAkhila
RashedulChowdhury,ReddyAkhila
MadalamHarsha,ReddyAkhila
satyaprasadTadavarthy,ReddyAkhila
WalelignWubet,ReddyAkhila
NishanthGaddam,ReddyAkhila
RahulDev11,ReddyAkhila
DeependerJain,ReddyAkhila
RahulSai6,ReddyAkhila
ShirishaSweetu,ReddyAkhila
AamaniLakkaraju,ReddyAkhila
SathvikRao,ReddyAkhila
RamReddy24,ReddyAkhila
NitishAmnerkar,ReddyAkhila
AnilKurmilla,ReddyAkhila
tharunReddy,ReddyAkhila
BharathBvnk,ReddyAkhila
PrashanthAkundi,ReddyAkhila
HemasriSai,ReddyAkhila
SumeshMadishetty,ReddyAkhila
SudheerMethuku,ReddyAkhila
shravanpanja,ReddyAkhila
InturiNagamani,ReddyAkhila
RDivyaReddy,ReddyAkhila
BhargavSarabu,ReddyAkhila
AnilKumar107,ReddyAkhila
bharatisurvase,ReddyAkhila
rimonjoseph,ReddyAkhila
MERAJIMRAN,ReddyAkhila
GarvMalik,GayatriVeerapaneni
EswaraSai,GayatriVeerapaneni
ChinmayaPatnayak,GayatriVeerapaneni
VasanArunachalam,GayatriVeerapaneni
SudheerVazrapu,GayatriVeerapaneni
AntarikshaYelkawar,GayatriVeerapaneni
ThiruvikramanKandhadai,GayatriVeerapaneni
PrasanthAkki,GayatriVeerapaneni
SrikantBharadwaj,GayatriVeerapaneni
SwethaNimmagadda,GayatriVeerapaneni
SaiPadmanabhuni,GayatriVeerapaneni
SuryaKlsv,GayatriVeerapaneni
SiddarthYerram,GayatriVeerapaneni
SwamyIdln,GayatriVeerapaneni
NavyaSahithi,GayatriVeerapaneni
AnvithaAdhikarla,GayatriVeerapaneni
SriHarsha,GayatriVeerapaneni
SowmyaChittireddy,GayatriVeerapaneni
TejeshwarSingh,GayatriVeerapaneni
TurlapatykarthikSharma,GayatriVeerapaneni
SowmyaKatragadda,GayatriVeerapaneni
DamacharlaSnehankita,GayatriVeerapaneni
SriharshaKarnati,GayatriVeerapaneni
TumuKumar,GayatriVeerapaneni
GayatriDhara,GayatriVeerapaneni
umachimirala,GayatriVeerapaneni
MounicaJonnalagadda,GayatriVeerapaneni
NikithaBollipalli,GayatriVeerapaneni
ArshdeepSingh11,GayatriVeerapaneni
SnigdhaPandey,GayatriVeerapaneni
NikitaChawla,GayatriVeerapaneni
HarshaVadlapatla,GayatriVeerapaneni
MohammedMohsin1,GayatriVeerapaneni
KrishnadeepuVuppala,GayatriVeerapaneni
SnehalathaKanagala,GayatriVeerapaneni
akasina9,BhavanaSrunvanthiKonda
AsmitaGupta,BhavanaSrunvanthiKonda
ParamitaHaldar,BhavanaSrunvanthiKonda
AnuragSharma,BhavanaSrunvanthiKonda
HimanshuAggarwal1,BhavanaSrunvanthiKonda
JyotiGupta,BhavanaSrunvanthiKonda
ShoubhikGupta,BhavanaSrunvanthiKonda
PrateekYadav,BhavanaSrunvanthiKonda
ShouvikGanguly,BhavanaSrunvanthiKonda
PriyankJaini,BhavanaSrunvanthiKonda
VaniPrashamsa,BhavanaSrunvanthiKonda
TRavichandran,BhavanaSrunvanthiKonda
DeepaliMittal,BhavanaSrunvanthiKonda
SonaliGupta19,BhavanaSrunvanthiKonda
ShivaAsapu,BhavanaSrunvanthiKonda
DeeptiVerma,BhavanaSrunvanthiKonda
ShoanJain,BhavanaSrunvanthiKonda
PradeepSatya,BhavanaSrunvanthiKonda
NSrivastava,BhavanaSrunvanthiKonda
AkankshaNimesh,BhavanaSrunvanthiKonda
SowmyaChittireddy,BhavanaSrunvanthiKonda
SwethaPriya,BhavanaSrunvanthiKonda
PrudhviMohan,BhavanaSrunvanthiKonda
VeenuChoudhary,BhavanaSrunvanthiKonda
SayakDasgupta,BhavanaSrunvanthiKonda
AditiKrishn,BhavanaSrunvanthiKonda
KanakAgrawal,BhavanaSrunvanthiKonda
ShilpaChhipa,BhavanaSrunvanthiKonda
ShivakumarPenchala,BhavanaSrunvanthiKonda
DeekshaAgrawal,BhavanaSrunvanthiKonda
varshayadav,BhavanaSrunvanthiKonda
siddharthmehta,BhavanaSrunvanthiKonda
AlekhyaRules,BhavanaSrunvanthiKonda
KailasaTharuni,BhavanaSrunvanthiKonda
LohithMenchu,SnMounika
Talasila,SnMounika
ShravyaLahari,SnMounika
BharathVeeravalli,SnMounika
SudheerVazrapu,SnMounika
SwethaNimmagadda,SnMounika
NitinSamuel,SnMounika
SaiPadmanabhuni,SnMounika
SriPrakyathIyyapu,SnMounika
NamanBafna,SnMounika
krishnakarthick,SnMounika
SivaBanda,SnMounika
AnvithaAdhikarla,SnMounika
SowmyaChittireddy,SnMounika
NigamaaNayakanti,SnMounika
BvSatish,SnMounika
KodakandlaAvinash,SnMounika
KatragaddaAvinash,SnMounika
VaibhavManchala,SnMounika
SabareeshChittuluru,SnMounika
AbhitejReddy,SnMounika
raghuvamsi,SnMounika
AbhinavRai1,SnMounika
RajeswariGs,SnMounika
SharathKoundinya,SnMounika
SudhaEdupuganti,SnMounika
ArshdeepSingh11,SnMounika
vbalineni,SnMounika
KAnurag,SnMounika
LeelarohitBalineni,SnMounika
harishathuru,SnMounika
KommineniBhavana,SnMounika
NehaInnanje,AnushaKankanala
EswaraSai,AnushaKankanala
SudheerVazrapu,AnushaKankanala
SrikantBharadwaj,AnushaKankanala
SwethaNimmagadda,AnushaKankanala
SuryaKlsv,AnushaKankanala
SarthakGhosh,AnushaKankanala
NavyaSahithi,AnushaKankanala
JeevanRomee,AnushaKankanala
VenkateshHarisyam,AnushaKankanala
SowmyaChittireddy,AnushaKankanala
TejeshwarSingh,AnushaKankanala
YeshwanthKrishnaKolli,AnushaKankanala
SowmyaKatragadda,AnushaKankanala
KsAditya,AnushaKankanala
RaghuVinay,AnushaKankanala
GayatriDhara,AnushaKankanala
sahithiseedarala,AnushaKankanala
ShreyaInamdar,AnushaKankanala
HarishReddy,AnushaKankanala
KritiChandra,AnushaKankanala
SindhuraNadella,AnushaKankanala
Sampath369,AnushaKankanala
SSuryaTejaS,AnushaKankanala
NimilaJilla,AnushaKankanala
GitaKajjam,AnushaKankanala
PraneethNanduri,AnushaKankanala
SatyaKarthik,AnushaKankanala
SindhuChejerla,AnushaKankanala
SangeetaVatsavai,AnushaKankanala
GitaVatsalyaKajjam,AnushaKankanala
raghunandanpratoori,AnushaKankanala
ThiruvikramanKandhadai,NimilaJilla
SudheerVazrapu,NimilaJilla
PrasanthAkki,NimilaJilla
drreddy,NimilaJilla
RavikiranMaddali,NimilaJilla
ManikantaRaju,NimilaJilla
PraneethSmk,NimilaJilla
SwethaNimmagadda,NimilaJilla
SaiPadmanabhuni,NimilaJilla
SuryaKlsv,NimilaJilla
VamsiKrishna,NimilaJilla
NavyaSahithi,NimilaJilla
KPavanKumar,NimilaJilla
VamsiKrishnaNagabhiru,NimilaJilla
SowmyaChittireddy,NimilaJilla
SaketTiwari,NimilaJilla
AmrutaBhavaraju,NimilaJilla
SowmyaKatragadda,NimilaJilla
DamacharlaSnehankita,NimilaJilla
GayatriDhara,NimilaJilla
VaishnaviTadakamalla,NimilaJilla
SaiSriharsha,NimilaJilla
JVamaraju,NimilaJilla
AnushaKankanala,NimilaJilla
SaiKiranEvuri,NimilaJilla
GouthamiBoinpally,NimilaJilla
GourishettiRuthvik,NimilaJilla
SaichandraRudrarapu,NimilaJilla
HimaVemula,NimilaJilla
KavyaSreeChowdary,NimilaJilla
ArunKumar900,NimilaJilla
MarhamahAbuZahar,eterbira
SelvianaArifika,eterbira
GiaKvashilava,eterbira
sureshkumarD,eterbira
konstantinosMantas,eterbira
Blentztrk,eterbira
MochamadRovik,eterbira
omarabuarqub,eterbira
RossitzaOhridskaOlson,eterbira
paulcockshott,eterbira
MorrisAnthony,eterbira
AchillesSaxby,eterbira
muratekilmez,eterbira
ErmanGoren,eterbira
AmalHassan,eterbira
AntonioPessotti,eterbira
PeymanGholami,eterbira
PratiwiMutiaHanny,eterbira
JeanPierreMarquis,eterbira
CharlesVillet,eterbira
GeoffreySmith,eterbira
UIoanSorinLeoveanu,eterbira
RobertoNascimbene,eterbira
giovanniboffa,eterbira
VishalSharma,eterbira
DrVasantMatsagar,eterbira
OuafaSaighi,eterbira
NonengHasan,eterbira
NancyOdendaal,eterbira
CiprianPungila,eterbira
VeraBhlmann,eterbira
CarlosDelfino,eterbira
ValerijGouschin,eterbira
ApostolosPapadimitriou,eterbira
JanHenrikHartung,eterbira
XiangWan,eterbira
LuisManuelHernandezRamos,eterbira
JeanclaudePerez,eterbira
DrNabilAbokaf,eterbira
HendDawood,eterbira
FriscaMareyta,eterbira
AristidisJesus,eterbira
RobiulIslam,eterbira
LeoneMJennarelli,eterbira
IJSPTMJournal,eterbira
IjbesJournal,eterbira
SerkanAraci,eterbira
MehmetFatihHocaolu,eterbira
MadhavKaushish,eterbira
BraElifztrkKasapolu,eterbira
VernorArguedas,eterbira
ShubhankarPaul,eterbira
AhmadMukhtarRaee,eterbira
AmitBhaya,eterbira
AnastasiaAthanasiou,eterbira
batuhanberber,eterbira
mahmutkutsimakal,eterbira
YashDatta,eterbira
AdrianRyan,eterbira
CatherineBotha,eterbira
RogerWoodman,GokulNayar
AshwinBaindur,GokulNayar
sorengoyal,GokulNayar
CharudattChaudhari,GokulNayar
IjcsitceJournal,GokulNayar
ShanthalaSetty,GokulNayar
VasanthKamath,GokulNayar
akashprakash,GokulNayar
JoyneelAcharya,GokulNayar
GouravMahapatra,GokulNayar
MayankKothari,GokulNayar
ApoorvaMusunuri,GokulNayar
RicheekDey,GokulNayar
ItzNareshVenkat,GokulNayar
DushhyanthRajaram,GokulNayar
DushhyanthRajaram,GokulNayar
AnshulJain,GokulNayar
TrishaGeorge,GokulNayar
sharathchandra,GokulNayar
SiddarthMathur,GokulNayar
KamathAditya,GokulNayar
ajournal,GokulNayar
DimpleLalwani,GokulNayar
ShipraSheshodia,GokulNayar
SiddharthMayya,GokulNayar
Yadav,GokulNayar
ArtiJadav,GokulNayar
ArnavMathur,GokulNayar
SiddhantSarangi,GokulNayar
abhimanyupavuluri,GokulNayar
GoyalMeghna,GokulNayar
ShinjaniNa,GokulNayar
KrunalPatel,GokulNayar
ShitijRaj,GokulNayar
SitavBhadra,GokulNayar
SagarSinghvi,GokulNayar
PrateekKumar,GokulNayar
TaneaBandyopadhyay,GokulNayar
SajalJain,GokulNayar
PrateekMall,GokulNayar
RusheelClk,GokulNayar
SahilMehta,GokulNayar
AurkoBhattacharjee,GokulNayar
NairJithin,GokulNayar
HusseinHassanali,GokulNayar
AbhijeetKhanna,GokulNayar
GGangadhar,GokulNayar
DhruvGoel,GokulNayar
SaatvikRamisetty,GokulNayar
WasimAnsari,GokulNayar
sarfarazali,GokulNayar
ArvindEashwar,GokulNayar
SamMalia,GokulNayar
ThomasVarghese,GokulNayar
ManiMaran,GokulNayar
ShivamGautam,GokulNayar
RajarshiChatterjee,GokulNayar
VishnuKiran,GokulNayar
SalilRamani,GokulNayar
VineelGunja,GokulNayar
GarvMalik,AkhilCh
ChinmayaPatnayak,AkhilCh
ChanduParimi,AkhilCh
HarshaAechuri,AkhilCh
BhanuSrivatsav,AkhilCh
ananthkotti,AkhilCh
KalyanPingali,AkhilCh
ThiruvikramanKandhadai,AkhilCh
PrasanthAkki,AkhilCh
GaneshAshwin,AkhilCh
NarenKrishnaMadhurakavi,AkhilCh
VinayakVR,AkhilCh
AmrithaJayadev,AkhilCh
SanchitMishra,AkhilCh
SuhrudhReddy,AkhilCh
SiddarthYerram,AkhilCh
ChandraSandeep1,AkhilCh
SidharthSai,AkhilCh
NelakuduruVineeth,AkhilCh
SiddharthDash1,AkhilCh
SaitejaPasula,AkhilCh
SachinChandra,AkhilCh
ManojMadabhushi,AkhilCh
ChiragGarg3,AkhilCh
ShankarVenkatraman,AkhilCh
PraveenVelicheti,AkhilCh
SuryaPrathap,AkhilCh
DivyaAnnavajjula,AkhilCh
MuditJain,AkhilCh
SakshamPhul,AkhilCh
SriHarsha,AkhilCh
KeerthanaJetty,AkhilCh
sharathchandra,AkhilCh
RameshAdithya,AkhilCh
DheerajKumar,AkhilCh
AkashAchanta,AkhilCh
SwarnaSaiGopiNihal,AkhilCh
likithnadella,AkhilCh
ChanakshaGorentla,AkhilCh
BadriNarayana,AkhilCh
AakashJain2,AkhilCh
SreejaReddy1,AkhilCh
ManitejaNandana,AkhilCh
SreesankaranNamboothiri,AkhilCh
AashishVyas,AkhilCh
SanthoshGuduguntla,AkhilCh
ReddyCharith,AkhilCh
CGarimella,AkhilCh
KasiVarri,AkhilCh
VamsiNarne,AkhilCh
DahagamSaketh,AkhilCh
DivijaGogineni,AkhilCh
RameyGirdhar,AkhilCh
SnehithBudime,AkhilCh
NagarjunaNag,AkhilCh
BharathReddyRondla,AkhilCh
DundigallaShanmukh,AkhilCh
NarendraMohan,AkhilCh
Hemanthtaliya,AkhilCh
ReddyMedha,AkhilCh
HIMANSHUMANGLUNIA,ItzNareshVenkat
AdutipalSingh,ItzNareshVenkat
YennamRajesh,ItzNareshVenkat
RahulShinde1,ItzNareshVenkat
ChayapathiSarath,ItzNareshVenkat
ChiragMaheshwari,ItzNareshVenkat
MandarKulkarni,ItzNareshVenkat
AshokDibbada,ItzNareshVenkat
SaiKrishna,ItzNareshVenkat
JaiswalV,ItzNareshVenkat
PrateekJain,ItzNareshVenkat
PratyukshBansal,ItzNareshVenkat
SampathSatti,ItzNareshVenkat
RajendraKolli,ItzNareshVenkat
GokulNayar,ItzNareshVenkat
vmandapalli,ItzNareshVenkat
GunthakantiShivaReddy,ItzNareshVenkat
PrashantSingh,ItzNareshVenkat
SomasishGhosh,ItzNareshVenkat
Ashwanikumar,ItzNareshVenkat
alokmalakar,ItzNareshVenkat
DharmendraPrajapati,ItzNareshVenkat
VireshGehlawat,ItzNareshVenkat
SaranSrikanth,ItzNareshVenkat
SriramBandaru,ItzNareshVenkat
MaheshGupta1,ItzNareshVenkat
JayantGupta,ItzNareshVenkat
VivekKumar,ItzNareshVenkat
RicheekDey,ItzNareshVenkat
RamK,ItzNareshVenkat
AnjaniSaiKumarChatla,ItzNareshVenkat
VenkataKurakula,ItzNareshVenkat
VivekRoy,ItzNareshVenkat
GaneshBhukya,ItzNareshVenkat
sharathchandra,ItzNareshVenkat
BhaskerSharma,ItzNareshVenkat
AshutoshPandey2,ItzNareshVenkat
RaviTej,ItzNareshVenkat
RaghavGrover,ItzNareshVenkat
arpitagarwal,ItzNareshVenkat
RajeshSony,ItzNareshVenkat
NitishAlluri,ItzNareshVenkat
KaluFew,ItzNareshVenkat
JsnReddy,ItzNareshVenkat
PradeepBansal,ItzNareshVenkat
ShaileshVedula,ItzNareshVenkat
RajasriNanduri,ItzNareshVenkat
AbhishekJoshi,ItzNareshVenkat
RaviTeja,ItzNareshVenkat
NarendraMandadi,ItzNareshVenkat
ShubhamGarg,ItzNareshVenkat
BanothShankar,ItzNareshVenkat
AkshaySingh8,ItzNareshVenkat
RajeshRanjan,ItzNareshVenkat
VenkateshRajavarapu,ItzNareshVenkat
BobbyDasari,ItzNareshVenkat
StephenEdward,ItzNareshVenkat
KeshavMeena,ItzNareshVenkat
SravanSamala,ItzNareshVenkat
NayakMurali,ItzNareshVenkat
SakshiGupta,AbhineetAgarwal
RaviAgarwal,AbhineetAgarwal
AkshayMinocha,AbhineetAgarwal
KaushikIska,AbhineetAgarwal
AbhijatSharma,AbhineetAgarwal
FarukMir,AbhineetAgarwal
RajeshChaturvedi,AbhineetAgarwal
PriyaBansal,AbhineetAgarwal
HimanshuZade,AbhineetAgarwal
BodduluriPhani,AbhineetAgarwal
AbhinavAppidi,AbhineetAgarwal
VibhavSrivastava,AbhineetAgarwal
KshitijAgrawal,AbhineetAgarwal
AnujKatiyal,AbhineetAgarwal
PravinPatil,AbhineetAgarwal
VipulRaheja,AbhineetAgarwal
RonakKogta,AbhineetAgarwal
SudarshRathi,AbhineetAgarwal
aniruddhatammewar,AbhineetAgarwal
MadhulikaJain,AbhineetAgarwal
ArushiDogra,AbhineetAgarwal
DeepanGupta,AbhineetAgarwal
AnoopKumar,AbhineetAgarwal
RaveeshMotlani,AbhineetAgarwal
ChetanGupta,AbhineetAgarwal
TarangGoyal,AbhineetAgarwal
AbhinavMoudgil,AbhineetAgarwal
AtmakuriVenkataTrinath,AbhineetAgarwal
sharathchandra,AbhineetAgarwal
pratikzambani,AbhineetAgarwal
ArjunSNath,AbhineetAgarwal
PareshVerma,AbhineetAgarwal
JashwanthReddy,AbhineetAgarwal
paraggupta,AbhineetAgarwal
RahulSharma98,AbhineetAgarwal
SaurabhJain,AbhineetAgarwal
BhagyeshVarvdekar,AbhineetAgarwal
SagarSinghvi,AbhineetAgarwal
OtraSpandana,AbhineetAgarwal
ShikharRaje,AbhineetAgarwal
AbhayjeetSingh,AbhineetAgarwal
PrathyushaKuncham,AbhineetAgarwal
ShoaibKhan39,AbhineetAgarwal
MaharshiRay,AbhineetAgarwal
RahulGupta,AbhineetAgarwal
HarshitAgrawal,AbhineetAgarwal
PalashPandya,AbhineetAgarwal
VenuMadhavKattagoni,AbhineetAgarwal
VigneshHariharan1,AbhineetAgarwal
ArnavSharma,AbhineetAgarwal
SaiKrishna236,AbhineetAgarwal
AbhinavDasari,AbhineetAgarwal
NamitaAnupoju,AbhineetAgarwal
DavidKatumalla,AbhineetAgarwal
RamakrishnaKuppa,AbhineetAgarwal
SiddharthBala,SagarSinghvi
GauravRathi,SagarSinghvi
DebasishKanhar,SagarSinghvi
AbhishekChandwani,SagarSinghvi
DSharma,SagarSinghvi
PratikSahoo,SagarSinghvi
BShree,SagarSinghvi
RavikiranMaddali,SagarSinghvi
RajeevVempuluru,SagarSinghvi
GokulNayar,SagarSinghvi
RushabhSanghvi,SagarSinghvi
SanjayMeena,SagarSinghvi
RakeshKrishnaAndey,SagarSinghvi
ShrutiRao1,SagarSinghvi
ShashankStifler,SagarSinghvi
RohanJain,SagarSinghvi
ApoorvaMusunuri,SagarSinghvi
ShrutiKanungo,SagarSinghvi
RicheekDey,SagarSinghvi
RohanTiwari,SagarSinghvi
SirishaGutti,SagarSinghvi
sharathchandra,SagarSinghvi
RaviKundalia,SagarSinghvi
DebonilMaity,SagarSinghvi
RohitChauhan,SagarSinghvi
abhimanyupavuluri,SagarSinghvi
PrabhatRanjan2,SagarSinghvi
ShaifaliParashar,SagarSinghvi
KKakwani,SagarSinghvi
PrekshaBhandari,SagarSinghvi
AbhineetAgarwal,SagarSinghvi
SrilakshmiChintala,SagarSinghvi
SKabi,SagarSinghvi
SandeepDevarakonda,SagarSinghvi
ManiMaran,SagarSinghvi
KumarBabu3,SagarSinghvi
NitinSharma18,SagarSinghvi
VinodPal,SagarSinghvi
VineelGunja,SagarSinghvi
ManasDasari,SagarSinghvi
ShahulMohammed,SagarSinghvi
KurianVachaparambil,SagarSinghvi
PreetishRath,SagarSinghvi
PrabhatKumarAwadhiya,SagarSinghvi
NishyReddy,SagarSinghvi
LalithaBandaru,SagarSinghvi
RishabhSingh,SagarSinghvi
BharadwajAcharya,SagarSinghvi
aruneshshrivastava,SagarSinghvi
SachinKamath1,SagarSinghvi
ArcotRavi,SagarSinghvi
JainShraddha,SagarSinghvi
UjwalSharat,SagarSinghvi
NikhilendraThota,SagarSinghvi
AnuragReddy9,SagarSinghvi
PrayagBiswal,RusheelClk
MruthyunjayaRaoPadamata,RusheelClk
SubhomoyBakshi,RusheelClk
PPachori,RusheelClk
AjayKumarYadav,RusheelClk
RakshitVinnakota,RusheelClk
SumanRajat,RusheelClk
ShishirKumar1,RusheelClk
AyanChatterjee,RusheelClk
TarunSinghal,RusheelClk
AbhishekArijit,RusheelClk
GokulNayar,RusheelClk
ArijitMitra,RusheelClk
ShoaibShariff,RusheelClk
AmaraYaswanth,RusheelClk
SumitJoshi,RusheelClk
VirinchiChilukuri,RusheelClk
DheerajArora,RusheelClk
RupeshBansal,RusheelClk
TanmayaDash,RusheelClk
SagardipMajumder,RusheelClk
sharathchandra,RusheelClk
NallanthighalVenkataSrikanth,RusheelClk
AnupamKumar,RusheelClk
MohanlalBaliwal,RusheelClk
MohanTejaKommi,RusheelClk
MuhammedAreejEK,RusheelClk
RakeshBodakunta,RusheelClk
AnveshReddy13,RusheelClk
ManikantaHanish,RusheelClk
LnMurthy,RusheelClk
VamseeKrishnaMamanduru,RusheelClk
HarshKhandelwal,RusheelClk
AbhinayVarsh,RusheelClk
RanjitKumar40,RusheelClk
RevathKireeti,RusheelClk
MeghanaKilli,RusheelClk
AravindChebolu,RusheelClk
BinodDriller,RusheelClk
JeevanKishoreBora,RusheelClk
SaitejaTumu,RusheelClk
VedaBollineni,RusheelClk
SaurabhMalik,RusheelClk
EdaraRajeshKumar,RusheelClk
SabyasachiSahoo2,RusheelClk
NavaBharat,RusheelClk
HitRo,RusheelClk
AvinashReddy29,RusheelClk
HarishSairaam,RusheelClk
RakeshuvsnChowdary,RusheelClk
SrikarReddy1,RusheelClk
RajeshReddyNareddy,RusheelClk
SrinivasVaddi,RusheelClk
ValliSri,RusheelClk
RaghavendraChinna,RusheelClk
RahulSeth,BharathBhushan
NitinSamuel,BharathBhushan
SankhadeepRakshit,BharathBhushan
VidyaBhamidi,BharathBhushan
PiyushNigam2,BharathBhushan
RahulRevu,BharathBhushan
IshaanBanerjee,BharathBhushan
SushmaRao3,BharathBhushan
ShashankGupta49,BharathBhushan
HarnoorLamba,BharathBhushan
SowmyaManjunath,BharathBhushan
VinitSharswat,BharathBhushan
SachinPrasad5,BharathBhushan
AnuLundia,BharathBhushan
sharathchandra,BharathBhushan
GurunathSadhanandan,BharathBhushan
ManojV,BharathBhushan
AkshatKedia,BharathBhushan
ChandraVikas,BharathBhushan
SrijanBhatnagar,BharathBhushan
PushpRaj2,BharathBhushan
SuryaThogaru,BharathBhushan
DevikaPrabhu,BharathBhushan
DanielPulipati,BharathBhushan
PhaniKishore2,BharathBhushan
KapilanBaskar,BharathBhushan
AnupKumar57,BharathBhushan
RanjodhDhaliwal,BharathBhushan
GoyamJain,BharathBhushan
VenkataSaiVamsi,BharathBhushan
HemangDesai,BharathBhushan
KarthikBet,BharathBhushan
SaketVishwasrao,BharathBhushan
ChPawan,BharathBhushan
rahulnanda,BharathBhushan
RiddhishPathak,BharathBhushan
SatheeshSwaminathan,BharathBhushan
PavanBarla,BharathBhushan
RajanKhoiwal,BharathBhushan
VickyKoppineedi,BharathBhushan
AnupreetGupta,BharathBhushan
SharmaNishchay,BharathBhushan
AnukritiJain1,BharathBhushan
MadhuryaNsp,BharathBhushan
SreemathiBasker,BharathBhushan
HimanshuJhamb,BharathBhushan
ArushiJain3,BharathBhushan
SarikaBikkani,BharathBhushan
SrilakshmiManchala,BharathBhushan
AkshitBhatnagar,BharathBhushan
NiteshKumar90,BharathBhushan
JuhiNaik,BharathBhushan
bellamkondaaneela,BharathBhushan
DheerajGurugubelli,AvinashGandi
SandeepBotcha,AvinashGandi
SanBaek,AvinashGandi
RavitejaTelugunta,AvinashGandi
sharathchandra,AvinashGandi
BhavishyaKamineni,AvinashGandi
HolliniPatnaik,AvinashGandi
AshayTulalwar,AvinashGandi
AnilGandham,AvinashGandi
PradyumnaMalladi,AvinashGandi
RohitYerneni,AvinashGandi
RaviTez,AvinashGandi
DeejayAamer,AvinashGandi
ChaudhryKaran,AvinashGandi
srkjoga,AvinashGandi
BhargavAmilineni,AvinashGandi
LalagiriMuralidhar,AvinashGandi
SaktheeshSubramoniapillaiAjeetha,AvinashGandi
SUVARNAKUMARGOGULA,AvinashGandi
ShivkumarLoka,AvinashGandi
kalyanraju,AvinashGandi
UttejShas,AvinashGandi
SanthoshGantala,AvinashGandi
nateshrajanpamula,AvinashGandi
kirankandregula,AvinashGandi
karthikuppuluri,AvinashGandi
MurthyUpadhyayula,AvinashGandi
SaiKrishnaYellapu,AvinashGandi
ManasaG,AvinashGandi
akshayreddychada,AvinashGandi
AshfaqueNagpurwala,AvinashGandi
SunnyTeki,AvinashGandi
SriRaj,AvinashGandi
SashiKumar1,AvinashGandi
DiviDeep,AvinashGandi
krishnanag,AvinashGandi
VeeruRao,AvinashGandi
ArjunraoDwarapureddy,AvinashGandi
MohamedRafi,AvinashGandi
KrishnaKumar,AvinashGandi
RababHamza,AvinashGandi
MohammedNayeemuddinkhan,AvinashGandi
PhanidharRayavarapu,AvinashGandi
PrthisthaPrasad,AvinashGandi
TanishiaAbarrane,AvinashGandi
SomeswaraKoundinya,AvinashGandi
AjunatAnnehc,AvinashGandi
SudhakaraRaoV,AvinashGandi
haticetraolu,AvinashGandi
BenGhelimamohamedamine,AvinashGandi
CathyGuo,RohitYerneni
IshanieNiyogi,RohitYerneni
AdityaThoomati,RohitYerneni
BReddy,RohitYerneni
raminiramakanth,RohitYerneni
MajidShaik,RohitYerneni
KirtyPrabhakar,RohitYerneni
sharathchandra,RohitYerneni
SaiVishnuVippagunta,RohitYerneni
RaghuSagar,RohitYerneni
AvinashGandi,RohitYerneni
VijayPulipati,RohitYerneni
rajanaidu,RohitYerneni
KompellaKashyap,RohitYerneni
SrishtySubramanian,RohitYerneni
VenkataKrishna,RohitYerneni
RajiMurty,RohitYerneni
GMovva,RohitYerneni
NavinRajkumar,RohitYerneni
PriyankaPraful,RohitYerneni
ShrutiVangari,RohitYerneni
VamcM,RohitYerneni
RachanaPottem,RohitYerneni
RajeevBale,RohitYerneni
TvcTeja,RohitYerneni
DeepakReddy10,RohitYerneni
VinuthnaGaddipati,RohitYerneni
LaxmiReddy1,RohitYerneni
SumeetMukherjee,RohitYerneni
KavyaKilari,RohitYerneni
SainathYadlapalli,RohitYerneni
RajaSekhar,RohitYerneni
KiranGolkonda,RohitYerneni
NiharKittu,RohitYerneni
NirmalL,RohitYerneni
RenukaPechetti,RohitYerneni
GouthamBikkina,RohitYerneni
NrupenAchanta,RohitYerneni
AkshayRegulapati,RohitYerneni
SharathDhanasari,RohitYerneni
DileepKumar,RohitYerneni
RohitEstari,RohitYerneni
PhaniKopalle,RohitYerneni
RavitejaChodisetty,RohitYerneni
keyurShah13,RohitYerneni
YadagiriVadla,RohitYerneni
JasonLi,RohitYerneni
VIDURNAYYAR,RohitYerneni
AntarikshBothale,SaketGuddeti
PoornaChandra,SaketGuddeti
uttamsikaria,SaketGuddeti
VIPULSINGH,SaketGuddeti
rashmichaudhary,SaketGuddeti
PranushaManthri,SaketGuddeti
KetavMehta,SaketGuddeti
ArunabhSingh,SaketGuddeti
SumanRao,SaketGuddeti
NehaInnanje,SaketGuddeti
AbhijeetMukhekar,SaketGuddeti
AnasuyaMandal,SaketGuddeti
AjinkyaLatkar,SaketGuddeti
RBhardwaj,SaketGuddeti
AditiJain2,SaketGuddeti
NiyatiJhamaria,SaketGuddeti
AkankshaThawani,SaketGuddeti
RahulShinde1,SaketGuddeti
SURABATHUNIPALLAV,SaketGuddeti
PriyankaArya,SaketGuddeti
YeshwanthReddy,SaketGuddeti
SukhadaPendse,SaketGuddeti
SampathSatti,SaketGuddeti
YashovardhanChati,SaketGuddeti
GauravBharti,SaketGuddeti
SudarshanPrasanna,SaketGuddeti
ssuman,SaketGuddeti
RohitRao,SaketGuddeti
HarshaSatya,SaketGuddeti
sharathchandra,SaketGuddeti
MayankBendarkar,SaketGuddeti
HitendraKatiyar,SaketGuddeti
SriharshaGajarla,SaketGuddeti
GauravSharma,SaketGuddeti
SrilakshmiChintala,SaketGuddeti
DarshitMehta,SaketGuddeti
ShanuVivek,SaketGuddeti
PrashantShrivastava,SaketGuddeti
TarakaSatishKumar,SaketGuddeti
GouthamiBanoth,SaketGuddeti
SonalSingh23,SaketGuddeti
ShreyArora,SaketGuddeti
SandySuluguri,SaketGuddeti
NagaRaju54,SaketGuddeti
SuhasChamarty,SaketGuddeti
AdityaRajagopal,SaketGuddeti
AdityaMorey,DhruvKaluvala
Sakethsainarayana,DhruvKaluvala
sharathchandra,DhruvKaluvala
borisBritto,DhruvKaluvala
SumanthSimma,DhruvKaluvala
SamaySega,DhruvKaluvala
JovitaPinto,DhruvKaluvala
TennysonSamuel,DhruvKaluvala
RohithYeravothula,DhruvKaluvala
AnjanaJegatheesan,DhruvKaluvala
AnshuRajput,DhruvKaluvala
UmaUma9,DhruvKaluvala
ChaitanyaRavipalli,DhruvKaluvala
SusmithaPakalapati,DhruvKaluvala
AravindakshanRK,DhruvKaluvala
AkhileshVarma1,DhruvKaluvala
AbhiramiKumar,DhruvKaluvala
ParikshathChowdary,DhruvKaluvala
NaiduSaakshi,DhruvKaluvala
ManojKumar911,DhruvKaluvala
AdityaChilka,DhruvKaluvala
NaruManiChandan,DhruvKaluvala
SakethKarthik,DhruvKaluvala
AlluriAkhil,DhruvKaluvala
SachikethReddy,DhruvKaluvala
SamanthBunty,DhruvKaluvala
SaranyaChowdary,DhruvKaluvala
PrayakaraoSuraj,DhruvKaluvala
AashishKaparthi,DhruvKaluvala
ManiVikas,DhruvKaluvala
SnehaPoojitha,DhruvKaluvala
MohammedRasheed,DhruvKaluvala
RajaVishnu,DhruvKaluvala
NaveenSriUddanti,DhruvKaluvala
ShivaShankarK,DhruvKaluvala
DeekshithaReddy2,DhruvKaluvala
SinghDeepika,DhruvKaluvala
YashwantChowdary,DhruvKaluvala
SrikantChityala,DhruvKaluvala
VikasVutla,DhruvKaluvala
LohithMenchu,UmaUma9
AkshayAntony,UmaUma9
sharathchandra,UmaUma9
AbhilashInumella,UmaUma9
SriramRaghavan,UmaUma9
NaveenSingamsetty,UmaUma9
DhruvKaluvala,UmaUma9
SushanthChandraAdhimoolam,UmaUma9
VaranasiOmkar,UmaUma9
SandeepDx,UmaUma9
UdayKumar,UmaUma9
AdilAhmed,UmaUma9
SaiSk,UmaUma9
SainathTummala,UmaUma9
SirishaThadi,UmaUma9
MohanManoj2,UmaUma9
AbhishekDeouskar,UmaUma9
PravEen,UmaUma9
SamNihal,UmaUma9
MeghanaReddy4,UmaUma9
AnirudhChikka,UmaUma9
SathwikMamidi,UmaUma9
UdayKiran,UmaUma9
AnkushBhargava,UmaUma9
MohammedUddin9,UmaUma9
HanumanthVendra,UmaUma9
RaghavendraTirunagari,UmaUma9
AbhiramIndukuri,UmaUma9
AmrutaRanade,UmaUma9
AbhiShek4,UmaUma9
KundurthiPavanKumar,UmaUma9
VepulleSoma,UmaUma9
BabaKarthik,UmaUma9
ManjunathAlure,UmaUma9
VakkanthulaSaikarthik,UmaUma9
AnujaBhave,UmaUma9
PradvaySivashankar,ChPawan
JeremyWoodruff,ChPawan
NutanMallepalli,ChPawan
sharathchandra,ChPawan
SauravManna,ChPawan
JimmyBunch,ChPawan
OrpheusRoop,ChPawan
BharathBhushan,ChPawan
AdityaSreeram,ChPawan
HridaynagKooretti,ChPawan
LijoKJ,ChPawan
MaulinThakor,ChPawan
IyerNikita,ChPawan
ZeeshaanNabi,ChPawan
KrishnaChaitanya,ChPawan
ManishaGoteti,ChPawan
RamyaThiyagarajan,ChPawan
JayaramanAditya,ChPawan
SrivathsanNadadhur,ChPawan
VickyKoppineedi,ChPawan
AdityaTungaturthi,ChPawan
AkashDonald,ChPawan
AdithyanChandrasekaran,ChPawan
AnushaGL,ChPawan
ThodpunuriRitesh,ChPawan
DayanaraPanganiban,ChPawan
BalaVinay,ChPawan
SnehilRajput,ChPawan
ShantanuPatel,ChPawan
BarathCherry,ChPawan
PrincessVinisha,ChPawan
AnoopReddy,ChPawan
SouvikDutta,UmeshReddyMuli
MallikarjunKarra,UmeshReddyMuli
ananthkotti,UmeshReddyMuli
KalyanPingali,UmeshReddyMuli
SaiPadmanabhuni,UmeshReddyMuli
SriPrakyathIyyapu,UmeshReddyMuli
PrithviVetsa,UmeshReddyMuli
RahulRevu,UmeshReddyMuli
GokulNathSridhar,UmeshReddyMuli
GunjeshSingh,UmeshReddyMuli
RathishArumugam,UmeshReddyMuli
NishanthPrakash,UmeshReddyMuli
JeevanRomee,UmeshReddyMuli
SashankaPaladugu,UmeshReddyMuli
sharathchandra,UmeshReddyMuli
ShivaReisende,UmeshReddyMuli
ChandraVikas,UmeshReddyMuli
KatragaddaAvinash,UmeshReddyMuli
RishiPatel,UmeshReddyMuli
SaiRaghuveer,UmeshReddyMuli
AbhitejReddy,UmeshReddyMuli
ShashankArora,UmeshReddyMuli
AdityaUs,UmeshReddyMuli
NithinKumar,UmeshReddyMuli
TejoKarthIk,UmeshReddyMuli
VijayasimhaVellanki,UmeshReddyMuli
PradeepChakravarthy,UmeshReddyMuli
SripadhuLakshman,UmeshReddyMuli
harishathuru,UmeshReddyMuli
RanjithKaranam,UmeshReddyMuli
AnilK9,UmeshReddyMuli
ShrutiRao1,TejasRavi
SandeepVempati,TejasRavi
AkhilNair,TejasRavi
RohitRao,TejasRavi
sharathchandra,TejasRavi
PreetiRao1,TejasRavi
ShivaReisende,TejasRavi
andrewprashanth,TejasRavi
SivakumarSurendra,TejasRavi
MasoodAhmad10,TejasRavi
PavaniChaudhary,TejasRavi
RithwikGunnuthula,TejasRavi
SandeepTangirala,TejasRavi
MohanVinay,TejasRavi
AmulyaVeeramachaneni,TejasRavi
TejasRamesh,TejasRavi
MohiniSomu,TejasRavi
AnveshGandham,TejasRavi
AkshayMurali,TejasRavi
RadhakrishnanSwamynathan,TejasRavi
RanadhirReddy,TejasRavi
PraneethKantamneni,TejasRavi
SoumithKumar,TejasRavi
AvinashReddy29,TejasRavi
PrudhviBhogavalli,TejasRavi
DwarakaMayee,TejasRavi
RakeshRavuru,TejasRavi
SathwikMamidi,TejasRavi
ArjunReddy10,TejasRavi
ShravyaGudimella,TejasRavi
PeterSchorer,TejasRavi
ChanduParimi,reshminambiar
SrikanthSuresh,reshminambiar
VasanArunachalam,reshminambiar
AmrithaJayadev,reshminambiar
PankajMunjal,reshminambiar
sharathchandra,reshminambiar
BhaskarAdari,reshminambiar
NarayananAnanth,reshminambiar
AravindKarthik,reshminambiar
AkhileshSharma1,reshminambiar
VasundharaKoppisetty,reshminambiar
ElanGoElan,reshminambiar
NithinKalorth,reshminambiar
RajSmriti,reshminambiar
NaveenReddyYedla,reshminambiar
IndrajitHaridas,reshminambiar
mandarganbavale,reshminambiar
ParamitaBhattacharya2,reshminambiar
SriKalyanaRamaJ,reshminambiar
PushparajPrakash,reshminambiar
ANKUSHGUPTA,reshminambiar
SairamNagarajan,reshminambiar
JayatiShukla,reshminambiar
ShamnaMoideen,reshminambiar
DhirajWakode,reshminambiar
NaveenChander,reshminambiar
SruthiRamani,reshminambiar
SRathi,reshminambiar
RajnishParmar,reshminambiar
BabuN,reshminambiar
sharathchandra,ChakradharRavuri
PathruduChintakayala,ChakradharRavuri
KongaraChowdary,ChakradharRavuri
GouseJani,ChakradharRavuri
SrinivasVenigalla,ChakradharRavuri
DineshKesaboina,ChakradharRavuri
JaswanthGangolu,ChakradharRavuri
AditiNarayanan,ChakradharRavuri
RajgopalBalabhadruni,ChakradharRavuri
AmulyaKolusu,ChakradharRavuri
KoundinyaSai,ChakradharRavuri
VadlamudiChowdary,ChakradharRavuri
ChalumuriSivananda,ChakradharRavuri
HemanaguKoneru,ChakradharRavuri
PrasadReddyKarri,ChakradharRavuri
AjayKhandavalli,ChakradharRavuri
AmarYalavarthi,ChakradharRavuri
SwaroopCherukuri,ChakradharRavuri
GuruNikku,ChakradharRavuri
NaveenVarma,ChakradharRavuri
SanjayKalathoti,ChakradharRavuri
GollaAnjani,ChakradharRavuri
LowkyaGoli,ChakradharRavuri
uppadasagar,ChakradharRavuri
NavyaChandrikaChaudary,ChakradharRavuri
NandanVijay,ChakradharRavuri
sasankasasi,ChakradharRavuri
RaghavMopidevi,ChakradharRavuri
AyubMohiddin,ChakradharRavuri
Kalyankarthik,PrathyushaChowdary
sharathchandra,PrathyushaChowdary
LavanyaChimbili,PrathyushaChowdary
Gitamecea,PrathyushaChowdary
AmrutaBhavaraju,PrathyushaChowdary
RRao,PrathyushaChowdary
PhanenderReddyKasireddy,PrathyushaChowdary
RithwikGunnuthula,PrathyushaChowdary
SunilPenumala,PrathyushaChowdary
JosyabhatlaAkhilBhargav,PrathyushaChowdary
SnehaReddy2,PrathyushaChowdary
PradeepKiran,PrathyushaChowdary
SandeepReddy,PrathyushaChowdary
RajeevReddy2,PrathyushaChowdary
NekkantiRaviteja,PrathyushaChowdary
KotaPrakash,PrathyushaChowdary
NishyReddy,PrathyushaChowdary
AnveshGandham,PrathyushaChowdary
SumanthVarma,PrathyushaChowdary
PrajneshEricAnimilli,PrathyushaChowdary
,PrathyushaChowdary
ReddyAksHatha,PrathyushaChowdary
SushmitaCh,PrathyushaChowdary
TibebeTamirat,PrathyushaChowdary
LankalaShalu,PrathyushaChowdary
JasonHe,PrathyushaChowdary
PragnikaThakkur,PrathyushaChowdary
ChanduParimi,SivakumarMvn
VasanArunachalam,SivakumarMvn
ShantanuKallakuri,SivakumarMvn
DargaKumar,SivakumarMvn
PankajMunjal,SivakumarMvn
MurariVarma,SivakumarMvn
Kalyankarthik,SivakumarMvn
bhawnateelwah,SivakumarMvn
SashankaPaladugu,SivakumarMvn
JaidiJeevan,SivakumarMvn
sharathchandra,SivakumarMvn
VedarthamSrihari,SivakumarMvn
NitinKotkunde,SivakumarMvn
GopikrishnaK,SivakumarMvn
JagadeeshAnmala,SivakumarMvn
MalagavelliVenu,SivakumarMvn
SriKalyanaRamaJ,SivakumarMvn
KalyanKumar,SivakumarMvn
SreedharReddySajjala,SivakumarMvn
JalaiahNandanavanam,SivakumarMvn
PillaiPrakash,SivakumarMvn
RameshAdusumalli,SivakumarMvn
KurraSuresh,SivakumarMvn
BarlaMadhavi,SivakumarMvn
AKalanad,SivakumarMvn
akhilkanuparthi,SivakumarMvn
sharathchandra,VickyKoppineedi
BharathBhushan,VickyKoppineedi
PavaniChaudhary,VickyKoppineedi
prasads,VickyKoppineedi
VamshipriyaChowdary,VickyKoppineedi
NiradNunna,VickyKoppineedi
IyerNikita,VickyKoppineedi
ChPawan,VickyKoppineedi
SravanBharadwaja,VickyKoppineedi
KavuriSriSaiRam,VickyKoppineedi
KrishnaChaitanya,VickyKoppineedi
SumanthVarma,VickyKoppineedi
SurajDutt,VickyKoppineedi
ChandanaDhavala,VickyKoppineedi
SaurabhKulkarni14,VickyKoppineedi
PeddireddyPranayReddy,VickyKoppineedi
HiteshChimnani,VickyKoppineedi
SaiPrashanthPuligilla,VickyKoppineedi
PrashanthKoppineedi,VickyKoppineedi
SudarsonJena,VickyKoppineedi
ReddyAksHatha,VickyKoppineedi
NirmalL,VickyKoppineedi
MuddanaRani,VickyKoppineedi
SaranyaChowdary,VickyKoppineedi
ShireeshDoosa,VickyKoppineedi
KumarSri1,VickyKoppineedi
sorengoyal,VigneshHariharan1
GokulNayar,VigneshHariharan1
JoyneelAcharya,VigneshHariharan1
ShreetiBadhani,VigneshHariharan1
sharathchandra,VigneshHariharan1
NitishNayak,VigneshHariharan1
Yadav,VigneshHariharan1
GoyalMeghna,VigneshHariharan1
RishabhThapar,VigneshHariharan1
SivakumarSurendra,VigneshHariharan1
AbhineetAgarwal,VigneshHariharan1
SahilMehta,VigneshHariharan1
ArvindEashwar,VigneshHariharan1
sarfarazali,VigneshHariharan1
ManiMaran,VigneshHariharan1
NishantMalapati,VigneshHariharan1
SubarnaSingh,VigneshHariharan1
PreetishRath,VigneshHariharan1
VVenkateswaraReddy,VigneshHariharan1
PratheekAdidela,VigneshHariharan1
NairVaisakh,VigneshHariharan1
KaranSingh145,VigneshHariharan1
AmeyaChikodi,VigneshHariharan1
KushwahaParth,VigneshHariharan1
SamarjeetKatkar,VigneshHariharan1
PavithraPrasan,VigneshHariharan1
SwetabhKumar,FarhanRasheed
PrasanthAkki,FarhanRasheed
SrikantBharadwaj,FarhanRasheed
FaisalAhmad3,FarhanRasheed
SarthakGhosh,FarhanRasheed
JeevanRomee,FarhanRasheed
ShankarVenkatraman,FarhanRasheed
HariKrishnaUpadhyayula,FarhanRasheed
sharathchandra,FarhanRasheed
DivyaPrafulla,FarhanRasheed
AmanGupta,FarhanRasheed
VasundharaKoppisetty,FarhanRasheed
GeorgeCherian,FarhanRasheed
SankalpGupta1,FarhanRasheed
KritiChandra,FarhanRasheed
MdMujahedAli,FarhanRasheed
AnkitPatodiya,FarhanRasheed
AnkitKalantri,FarhanRasheed
UdayaKiranKompella,FarhanRasheed
VijayasimhaVellanki,FarhanRasheed
TripathiKshitij,FarhanRasheed
AshishBodhankar,FarhanRasheed
AdityaSuripeddi,FarhanRasheed
SantoshNarayan,FarhanRasheed
ManikantaKrishna,FarhanRasheed
AnkkitBhandari,FarhanRasheed
EswaraSai,ChakradharGavireddy
AamerKhan5,ChakradharGavireddy
SrikanthSuresh,ChakradharGavireddy
SudheerVazrapu,ChakradharGavireddy
manideepattanti,ChakradharGavireddy
Kalyankarthik,ChakradharGavireddy
ShankarVenkatraman,ChakradharGavireddy
JeevanRomee,ChakradharGavireddy
VikramsimhareddyKallam,ChakradharGavireddy
SriHarsha,ChakradharGavireddy
SowmyaChittireddy,ChakradharGavireddy
sharathchandra,ChakradharGavireddy
SaiRaghuVamsi,ChakradharGavireddy
VarunChappidi,ChakradharGavireddy
DineshKumarDasari,ChakradharGavireddy
NaikPushkar,ChakradharGavireddy
AshishSarda,ChakradharGavireddy
ManikantasaiParimi,ChakradharGavireddy
SiddarthChinda,ChakradharGavireddy
DineshVemula,ChakradharGavireddy
MdMujahedAli,ChakradharGavireddy
VanshKhurana,ChakradharGavireddy
KranthiKumar56,ChakradharGavireddy
VivekRedE,ChakradharGavireddy
RajaNarasimha,ChakradharGavireddy
ChinmayaPatnayak,NarasimhaSaiSangapu
ThiruvikramanKandhadai,NarasimhaSaiSangapu
PrasanthAkki,NarasimhaSaiSangapu
SrikantBharadwaj,NarasimhaSaiSangapu
VinayakVR,NarasimhaSaiSangapu
SwethaNimmagadda,NarasimhaSaiSangapu
SarthakGhosh,NarasimhaSaiSangapu
PurneshSairam,NarasimhaSaiSangapu
krishnakarthick,NarasimhaSaiSangapu
SwamyIdln,NarasimhaSaiSangapu
Kalyankarthik,NarasimhaSaiSangapu
SandeepGoli,NarasimhaSaiSangapu
VikramsimhareddyKallam,NarasimhaSaiSangapu
sharathchandra,NarasimhaSaiSangapu
RakeshSaripalli,NarasimhaSaiSangapu
JaskaranGrover,NarasimhaSaiSangapu
ShivaReisende,NarasimhaSaiSangapu
VitragSheth,NarasimhaSaiSangapu
VishnuKiran,NarasimhaSaiSangapu
VenkateshBirada,NarasimhaSaiSangapu
UdayaKiranKompella,NarasimhaSaiSangapu
SivaValluri,NarasimhaSaiSangapu
RajeshPadhy,NarasimhaSaiSangapu
JithinNambiar,NarasimhaSaiSangapu
SwetabhKumar,AshishBodhankar
SudheerVazrapu,AshishBodhankar
ShantanuKallakuri,AshishBodhankar
PrasanthAkki,AshishBodhankar
VinayakVR,AshishBodhankar
Kalyankarthik,AshishBodhankar
JeevanRomee,AshishBodhankar
ShankarVenkatraman,AshishBodhankar
VikramsimhareddyKallam,AshishBodhankar
PraneethMaganti,AshishBodhankar
SriHarsha,AshishBodhankar
sharathchandra,AshishBodhankar
SaiRaghuVamsi,AshishBodhankar
VarunChappidi,AshishBodhankar
SoumyaGanguly,AshishBodhankar
VarunSoni,AshishBodhankar
RuthwikBharadwaj,AshishBodhankar
SridharAnupKumar,AshishBodhankar
karunbhogadula,AshishBodhankar
LohitReddy,AshishBodhankar
FarhanRasheed,AshishBodhankar
RanjanMelpal,AshishBodhankar
AbhiRam15,AshishBodhankar
HarshaBeeram,AshishBodhankar
KarthikReddy2,AshishBodhankar
RahulKumar442,TarunYadama
SubhojeetKumar,TarunYadama
ShrutiRao1,TarunYadama
SandeepVempati,TarunYadama
SharathKazipeta,TarunYadama
PaawanTalwar,TarunYadama
HarishNanduru,TarunYadama
sharathchandra,TarunYadama
GhoshAbhra,TarunYadama
ShainamKharumnuid,TarunYadama
YudhvirYadav,TarunYadama
VishnuChauhan,TarunYadama
MSombansh,TarunYadama
TarunKalluri,TarunYadama
SwapnilGupta,TarunYadama
VivHarshit,TarunYadama
KaushikMane,TarunYadama
SrinivasVivek,TarunYadama
AdityaRss,TarunYadama
BhargavTripathy,TarunYadama
SrikarReddy1,TarunYadama
SwapanSadanala,TarunYadama
SushanthReddy,TarunYadama
AKumar,TarunYadama
SabareeshNikhilC,GunthakantiShivaReddy
SonuMishra,GunthakantiShivaReddy
VishwajitMishra,GunthakantiShivaReddy
HIMANSHUMANGLUNIA,GunthakantiShivaReddy
VaibhavJain,GunthakantiShivaReddy
AdutipalSingh,GunthakantiShivaReddy
AnkitKhemka,GunthakantiShivaReddy
AamerKhan5,GunthakantiShivaReddy
ChayapathiSarath,GunthakantiShivaReddy
ShamikRay,GunthakantiShivaReddy
ChiragMaheshwari,GunthakantiShivaReddy
SidhantGoyal,GunthakantiShivaReddy
NavadeepPodapati,GunthakantiShivaReddy
BennyMoses,GunthakantiShivaReddy
HarshRanjan,GunthakantiShivaReddy
venugopalnaik,GunthakantiShivaReddy
DivyaNandwana,GunthakantiShivaReddy
SaiKrishna,GunthakantiShivaReddy
ManishArora,GunthakantiShivaReddy
KSaiRam,GunthakantiShivaReddy
JaiswalV,GunthakantiShivaReddy
PratyukshBansal,GunthakantiShivaReddy
PrateekJain,GunthakantiShivaReddy
ArihantSethia,GunthakantiShivaReddy
RajendraKolli,GunthakantiShivaReddy
RutujaViregaonkar,GunthakantiShivaReddy
ShankarBhukya,GunthakantiShivaReddy
MehsoschrOygnuh,GunthakantiShivaReddy
vmandapalli,GunthakantiShivaReddy
MonmiPangging,GunthakantiShivaReddy
manideepattanti,GunthakantiShivaReddy
SaiRam,GunthakantiShivaReddy
SintuRongpipi,GunthakantiShivaReddy
HarshitAgrawal,GunthakantiShivaReddy
NavwantThakur,GunthakantiShivaReddy
AkshatBordia,GunthakantiShivaReddy
deviddas,GunthakantiShivaReddy
SachinChandra,GunthakantiShivaReddy
AniketUdepurkar,GunthakantiShivaReddy
alokmalakar,GunthakantiShivaReddy
TigmanshuBhatnagar,GunthakantiShivaReddy
pradeepayyagri,GunthakantiShivaReddy
SameerAshraf,GunthakantiShivaReddy
MedaTeja,GunthakantiShivaReddy
SaranSrikanth,GunthakantiShivaReddy
SriramBandaru,GunthakantiShivaReddy
MaheshGupta1,GunthakantiShivaReddy
PadmanabhBaruah,GunthakantiShivaReddy
GuptaApurva,GunthakantiShivaReddy
ItzNareshVenkat,GunthakantiShivaReddy
MayankGoyal,GunthakantiShivaReddy
PrithviDheeraj,GunthakantiShivaReddy
RamK,GunthakantiShivaReddy
PriyanshuVerma,GunthakantiShivaReddy
SumanNaik,GunthakantiShivaReddy
FaisalAli,GunthakantiShivaReddy
VenkataKurakula,GunthakantiShivaReddy
HimanshuBhandari,GunthakantiShivaReddy
HimanshuBansal,GunthakantiShivaReddy
SaiRaghuVamsi,GunthakantiShivaReddy
saajanvaranasi,DineshKumar170
VenusVerma,DineshKumar170
SenguptaPrateek,DineshKumar170
AnsuAlexander,DineshKumar170
ManjunathBn,DineshKumar170
SidhuSiddhartha,DineshKumar170
karteekg,DineshKumar170
SMal,DineshKumar170
penzanglepcha,DineshKumar170
RajeevRavindranNair,DineshKumar170
RajeevSaxena,DineshKumar170
DivyaPilla,DineshKumar170
RoshniRoy,DineshKumar170
HemantSharma4,DineshKumar170
PreitySinha,DineshKumar170
GouthamLD,DineshKumar170
BarunKumar2,DineshKumar170
RahulGhoniya,DineshKumar170
ShivaKiran,DineshKumar170
BharathPrudwi,DineshKumar170
KaustubhPandey,DineshKumar170
SohiniMaiti,DineshKumar170
RebekahKurien,DineshKumar170
LalanaBathina,DineshKumar170
RahulSrivastav,DineshKumar170
MSham,DineshKumar170
SavitriKumari,DineshKumar170
anamikasharma,DineshKumar170
SaiKiran,DineshKumar170
prasannakumarKatikala,DineshKumar170
SandeepKumar,DineshKumar170
HanishaThirth,DineshKumar170
BhartenduVimal,DineshKumar170
SumanaKaranam,DineshKumar170
VishnuSurapaneni,DineshKumar170
RashidMkc,DineshKumar170
SreekanthSatheesh,DineshKumar170
NilinaShaji,DineshKumar170
SaiRaghuVamsi,DineshKumar170
VarshaAkavarapu,DineshKumar170
RaviShankar46,DineshKumar170
KrantiMyneni,DineshKumar170
MinishreeBarkachary,DineshKumar170
AnilKumarChilakapati,DineshKumar170
BhardwajDeepak,DineshKumar170
zarkimarante,DineshKumar170
ChennaManikanteswara,DineshKumar170
NagarajuKaja,DineshKumar170
ShehbazShafi,DineshKumar170
AkshayAkks,DineshKumar170
DEBJITKUNDU,DineshKumar170
SudarshanSonowal,DineshKumar170
JPriyadarshini,DineshKumar170
AmanBhatia2,DineshKumar170
MurtazaAli,DineshKumar170
SurjithSurendran,DineshKumar170
PoornaChanderBandari,DineshKumar170
MiTinTaYeng,DineshKumar170
RaviKumar429,DineshKumar170
SreeshThottiyil,DineshKumar170
ChanduParimi,GouthamMakkena
SwetabhKumar,GouthamMakkena
KalyanPingali,GouthamMakkena
GaneshAshwin,GouthamMakkena
FaisalAhmad3,GouthamMakkena
JournalIJCSA,GouthamMakkena
VikramsimhareddyKallam,GouthamMakkena
SaiRaghuVamsi,GouthamMakkena
SanthanamKumar,GouthamMakkena
PeeyushPashine,GouthamMakkena
YammaniVenkatSubbaRao,GouthamMakkena
SoumyaGanguly,GouthamMakkena
GaneshPedgaonkar,GouthamMakkena
AKhare,GouthamMakkena
SibiAbraham,GouthamMakkena
AparajitaSingh,GouthamMakkena
KrishnaVedula,GouthamMakkena
KasiVarri,GouthamMakkena
MuthukumaranKasinathan,GouthamMakkena
ravichand,GouthamMakkena
RajeswariGs,GouthamMakkena
SameerReddy,GouthamMakkena
MdMujahedAli,GouthamMakkena
GangadharMatharasala,GouthamMakkena
AdityaUs,GouthamMakkena
JastiChytanya,GouthamMakkena
AalpeshKachhadiya,GouthamMakkena
ReballyAditya,GouthamMakkena
TarunSheel,GouthamMakkena
RajendraShukla,GouthamMakkena
SairamMuttavarapu,GouthamMakkena
ThimmappaHM,GouthamMakkena
JaganMohanReddyD,GouthamMakkena
ambikashankerShukla,GouthamMakkena
HarikaSai1,GouthamMakkena
RangacharyuluPeesapati,GouthamMakkena
SravanthiPoonganam,GouthamMakkena
ChandrashekarRahul,GouthamMakkena
ShantiModi,GouthamMakkena
AbhilashJonnala,GouthamMakkena
PrasadPonnuru,GouthamMakkena
UtkarshMishra5,GouthamMakkena
VarunDev2,GouthamMakkena
DineshothamKhambhammettu,GouthamMakkena
AnilBhimineni,GouthamMakkena
RKotipalli,GouthamMakkena
SravanJosyula,GouthamMakkena
SashiKanthB,GouthamMakkena
LoknathMaximus,GouthamMakkena
SpandanaSreeperumbuduru,GouthamMakkena
TuhinDas8,GouthamMakkena
SandeepSagar3,GouthamMakkena
VishalRamdasi,GouthamMakkena
SpurthiTalasila,GouthamMakkena
PhaninderVinay,GouthamMakkena
PadmaKotamsetti,GouthamMakkena
ssn92,GouthamMakkena
GarvMalik,AashishVyas
EswaraSai,AashishVyas
ChinmayaPatnayak,AashishVyas
ChanduParimi,AashishVyas
SrikanthSuresh,AashishVyas
AnoopKarnik,AashishVyas
ananthkotti,AashishVyas
NavadeepPodapati,AashishVyas
SudheerVazrapu,AashishVyas
AntarikshaYelkawar,AashishVyas
RAHULBASU,AashishVyas
RaiHimanshu,AashishVyas
MitulGirotra,AashishVyas
SrikantBharadwaj,AashishVyas
ManikantaRaju,AashishVyas
AurghoBhattacharjee,AashishVyas
VinayakVR,AashishVyas
AmrithaJayadev,AashishVyas
PraneethSmk,AashishVyas
SaiPadmanabhuni,AashishVyas
VaibhavKumar44,AashishVyas
AbhilashMirji,AashishVyas
UtkarshDubey,AashishVyas
RahulDubey22,AashishVyas
KrishnaSravanth,AashishVyas
BhaVenna,AashishVyas
MurariVarma,AashishVyas
HemantArora2,AashishVyas
SamhithaGomatam,AashishVyas
RahmanAbdur,AashishVyas
NitinMythreya,AashishVyas
KaranGarg,AashishVyas
AkhilCh,AashishVyas
SalabhGoyal,AashishVyas
ApoorvaMusunuri,AashishVyas
SuryaPrathap,AashishVyas
PraddyumanRungta,AashishVyas
VishwanthkumarVankadari,AashishVyas
akashraj,AashishVyas
SaiRaghuVamsi,AashishVyas
TejeshwarSingh,AashishVyas
AkshithAnand,AashishVyas
AkhileshKambhampati,AashishVyas
ArvindSingh15,AashishVyas
PavanSandeep,AashishVyas
KalyanaRamaS,AashishVyas
VishakaThekkedath,AashishVyas
AbhishekDamodara,AashishVyas
AvinashSoni,AashishVyas
ShivaKumar,AashishVyas
SamuelClementA,AashishVyas
PavanYrpr,AashishVyas
KavyaJampani,AashishVyas
papasanimohansrinivas,AashishVyas
SaiMounica,AashishVyas
SushantaSaha,krishnaanishadusumilli
SanoopPrakasan,krishnaanishadusumilli
RAJEEVRAMAKRISHNAN,krishnaanishadusumilli
kiranbose,krishnaanishadusumilli
JibinVarghese,krishnaanishadusumilli
MalinduSandanayake,krishnaanishadusumilli
RatanSadanandanOM,krishnaanishadusumilli
KundanJaiswal,krishnaanishadusumilli
HappyVerma,krishnaanishadusumilli
MSabith,krishnaanishadusumilli
SaiRaghuVamsi,krishnaanishadusumilli
GodlyTAlias,krishnaanishadusumilli
SeshanRV,krishnaanishadusumilli
VarunReja,krishnaanishadusumilli
BhaveshSonwani,krishnaanishadusumilli
JanuKumar,krishnaanishadusumilli
SuryaRishi,krishnaanishadusumilli
AnweshAkula,krishnaanishadusumilli
AshaCRaju,krishnaanishadusumilli
RevanthNannapaneni,krishnaanishadusumilli
SaratChandra,krishnaanishadusumilli
KeshavAnand,krishnaanishadusumilli
KunaKurmaRao,krishnaanishadusumilli
AdwaithGoud,krishnaanishadusumilli
SivaSarathBonu,krishnaanishadusumilli
SujanHeuju,krishnaanishadusumilli
MAYANKGOEL,krishnaanishadusumilli
amitdas,krishnaanishadusumilli
LoukhamSunder,krishnaanishadusumilli
ManuPrasad,krishnaanishadusumilli
PrithviSangani,krishnaanishadusumilli
HareeshGeepalem,krishnaanishadusumilli
AmgothuThirupathi,krishnaanishadusumilli
VenkatSwaroop,krishnaanishadusumilli
NaveenKumarMedisetti,krishnaanishadusumilli
VijayRajYanamala,krishnaanishadusumilli
LohitVarma,krishnaanishadusumilli
ManoharRajulu,krishnaanishadusumilli
JaseelMohammed,krishnaanishadusumilli
ChandraMeena,krishnaanishadusumilli
MaruthiVenkatNallapati,krishnaanishadusumilli
ShameerAli,krishnaanishadusumilli
DevarajBilla,krishnaanishadusumilli
BharatKumarBingi,krishnaanishadusumilli
UpputuriRamesh,krishnaanishadusumilli
RahulSankrutyan,krishnaanishadusumilli
HimasreePrasannakumar,krishnaanishadusumilli
SriLekha1,krishnaanishadusumilli
NarenNidamanuri,krishnaanishadusumilli
AlbinMathew,krishnaanishadusumilli
TeliJohnSudeep,krishnaanishadusumilli
BharathBodapati,krishnaanishadusumilli
SatishChandra,krishnaanishadusumilli
PrabhudattaDas,AdwaithGoud
SakethPatibandla,AdwaithGoud
ATIFWAHAB,AdwaithGoud
AamerKhan5,AdwaithGoud
ShantanuKallakuri,AdwaithGoud
KushagraNigam,AdwaithGoud
DaminiRathi,AdwaithGoud
PratishBala,AdwaithGoud
MritunjaySrivastava,AdwaithGoud
RishabhMakharia,AdwaithGoud
AdityaNaik,AdwaithGoud
SaiRaghuVamsi,AdwaithGoud
KevinLee75,AdwaithGoud
ShyamaPrasadMohanty,AdwaithGoud
ArnavBhattacharya,AdwaithGoud
NalamAbhishek,AdwaithGoud
PulkitSaraf,AdwaithGoud
krishnaanishadusumilli,AdwaithGoud
TejaDevanaboyina,AdwaithGoud
GurdeepSingh3,AdwaithGoud
VachaspathiVennam,AdwaithGoud
NKovale,AdwaithGoud
ChandrasekarAnanthanarayanan,AdwaithGoud
PhanidharCh,AdwaithGoud
AbhishekThurumalla,AdwaithGoud
SaiSriharsha,AdwaithGoud
AravindKadiri,AdwaithGoud
VenkatPrasad4,AdwaithGoud
AjayChalasani,AdwaithGoud
AtluriGautham,AdwaithGoud
NihitPrakash,AdwaithGoud
LohitVarma,AdwaithGoud
AdityaNalluri,AdwaithGoud
SiddharthKhare,AdwaithGoud
SantoshKumar81,AdwaithGoud
VenkateshGangavarapu,AdwaithGoud
HarshithGadiraju,AdwaithGoud
HitheshReddy,AdwaithGoud
VikramSiddartha,AdwaithGoud
LeelaSantoshKumar,AdwaithGoud
SanjeevPamnani,AdwaithGoud
PrasanthNamana,AdwaithGoud
RohithGrandhi,AdwaithGoud
RevanthSaiReddy,AdwaithGoud
SabariNath7,AdwaithGoud
PuneethReddy1,AdwaithGoud
GuruvuluBhagam,AdwaithGoud
LokeshChowdary,AdwaithGoud
TeliJohnSudeep,AdwaithGoud
BharathBodapati,AdwaithGoud
EswaraSai,VamsiNarne
AnubhavDas,VamsiNarne
SrikanthSuresh,VamsiNarne
HarshaAechuri,VamsiNarne
AnoopKarnik,VamsiNarne
SudheerVazrapu,VamsiNarne
AntarikshaYelkawar,VamsiNarne
ThiruvikramanKandhadai,VamsiNarne
RaiHimanshu,VamsiNarne
PrasanthAkki,VamsiNarne
SuryaPabbisetty,VamsiNarne
PraneethSmk,VamsiNarne
AbhilashMirji,VamsiNarne
ChandraSandeep1,VamsiNarne
SidharthSai,VamsiNarne
VinodhReddyChennu,VamsiNarne
RathishArumugam,VamsiNarne
AkhilCh,VamsiNarne
SuryaPrathap,VamsiNarne
DivyaAnnavajjula,VamsiNarne
PraneethMaganti,VamsiNarne
SriHarsha,VamsiNarne
ChowdharySaiPriya,VamsiNarne
SaiRaghuVamsi,VamsiNarne
AkhileshKambhampati,VamsiNarne
PranavKumar,VamsiNarne
LovelySanthosh,VamsiNarne
DineshKumarDasari,VamsiNarne
LakshmiNarayanaG,VamsiNarne
SankalpGupta1,VamsiNarne
ChayadeepsaiCherukupalli,VamsiNarne
BharathReddyRondla,VamsiNarne
SaiVenkataRatnamEmmani,VamsiNarne
KodaliKamalakar,VamsiNarne
VijayasimhaVellanki,VamsiNarne
ManjariBluepearl,VamsiNarne
SampathVelugotla,VamsiNarne
PavanYrpr,VamsiNarne
VermaRamakant,VamsiNarne
NagamalleswararaoBorra,VamsiNarne
SrujanaCheruvu,VamsiNarne
HemanthKumar159,VamsiNarne
SaiVenkat,VamsiNarne
VenkataNaveen2,VamsiNarne
VenugopalNarne,VamsiNarne
SiddanathiPraveen,VamsiNarne
ManognaCh,VamsiNarne
GarvMalik,ShrutiChowdhary
EswaraSai,ShrutiChowdhary
SrikanthSuresh,ShrutiChowdhary
BhanuSrivatsav,ShrutiChowdhary
AntarikshaYelkawar,ShrutiChowdhary
RAHULBASU,ShrutiChowdhary
MitulGirotra,ShrutiChowdhary
SrikantBharadwaj,ShrutiChowdhary
AurghoBhattacharjee,ShrutiChowdhary
AmrithaJayadev,ShrutiChowdhary
VaibhavKumar44,ShrutiChowdhary
SanchitMishra,ShrutiChowdhary
RaunakSinghal,ShrutiChowdhary
PriyaChowdhary,ShrutiChowdhary
PrudhviReddy3,ShrutiChowdhary
SandeepGoli,ShrutiChowdhary
SalabhGoyal,ShrutiChowdhary
ARCHITASAHU,ShrutiChowdhary
SuryaPrathap,ShrutiChowdhary
NikitaaSivaakumar,ShrutiChowdhary
akashraj,ShrutiChowdhary
ChowdharySaiPriya,ShrutiChowdhary
SaiRaghuVamsi,ShrutiChowdhary
BibhaNayak,ShrutiChowdhary
NishitaVegi,ShrutiChowdhary
PrachiChandak,ShrutiChowdhary
GauravAbburi,ShrutiChowdhary
NiranjanVarma,ShrutiChowdhary
AbhinavBagri,ShrutiChowdhary
KaviyaSekar,ShrutiChowdhary
KasiVarri,ShrutiChowdhary
plaharireddy,ShrutiChowdhary
SMalayanur,ShrutiChowdhary
VigneshSankar,ShrutiChowdhary
AnjaliShirly,ShrutiChowdhary
DeepikaChinnadurai,ShrutiChowdhary
SohaSavant,ShrutiChowdhary
SandhyaPriyadharshini,ShrutiChowdhary
RoshNee,ShrutiChowdhary
HiteshDholaria,ShrutiChowdhary
ShruthiRaj,ShrutiChowdhary
MohamedHisham1,ShrutiChowdhary
ApurvaPrabhawalkar,ShrutiChowdhary
pankajsahu9,ShrutiChowdhary
AkeshVarmaKothapalli,TejaDevanaboyina
RohitRao,TejaDevanaboyina
IshwaryaSanthosh,TejaDevanaboyina
SaiRaghuVamsi,TejaDevanaboyina
FawaadKhan,TejaDevanaboyina
MudassirAhmed,TejaDevanaboyina
RohitReddy2,TejaDevanaboyina
AdwaithGoud,TejaDevanaboyina
PrudhviMuppalla,TejaDevanaboyina
VamsiPalaverichakravarthy,TejaDevanaboyina
VachaspathiVennam,TejaDevanaboyina
PhanidharCh,TejaDevanaboyina
DakshPunjabi,TejaDevanaboyina
RahulReddy,TejaDevanaboyina
AbhishekThurumalla,TejaDevanaboyina
BharathveerPanduga,TejaDevanaboyina
AlankruthaGiridhar,TejaDevanaboyina
AAreeb,TejaDevanaboyina
PrathyushPinneboyina,TejaDevanaboyina
AkhilNag,TejaDevanaboyina
HarshithGadiraju,TejaDevanaboyina
JaswanthRamshetty,TejaDevanaboyina
SudhirKumarPasupuleti,TejaDevanaboyina
BhavanaReddy9,TejaDevanaboyina
YugeshReddy,TejaDevanaboyina
SaibabaReddy,TejaDevanaboyina
PhanindraDamarapurapu,TejaDevanaboyina
KoteswaraRaoSriram,TejaDevanaboyina
TaraVinyasa,TejaDevanaboyina
DheerajKumarcetty,TejaDevanaboyina
HanisMachingal,TejaDevanaboyina
VamsiKrishnaParvathaneni,TejaDevanaboyina
ChandiniChoudhary,TejaDevanaboyina
RohithGrandhi,TejaDevanaboyina
PuneethReddy1,TejaDevanaboyina
LokeshChowdary,TejaDevanaboyina
RaghuKakarala,TejaDevanaboyina
CharanThej,TejaDevanaboyina
PoliceVeeru,TejaDevanaboyina
VineethMadala,TejaDevanaboyina
AkileshSubashchandrabose,TejaDevanaboyina
RishiRaj12,TejaDevanaboyina
SarvaniKodeboyina,TejaDevanaboyina
mehermandavilli,TejaDevanaboyina
EswaraSai,SMalayanur
BhanuSrivatsav,SMalayanur
AntarikshaYelkawar,SMalayanur
ThiruvikramanKandhadai,SMalayanur
RAHULBASU,SMalayanur
RaiHimanshu,SMalayanur
AmrithaJayadev,SMalayanur
RaunakSinghal,SMalayanur
PriyaChowdhary,SMalayanur
VisishtaKarasani,SMalayanur
ArchitaSharma,SMalayanur
ARCHITASAHU,SMalayanur
ChowdharySaiPriya,SMalayanur
HariPriyaRachakonda,SMalayanur
SaiRaghuVamsi,SMalayanur
ShivamMittal4,SMalayanur
DheerajKumar,SMalayanur
AravindKarthik,SMalayanur
ThilkamRachuri,SMalayanur
AditiShrivastava,SMalayanur
AishwaryaReddy,SMalayanur
SaumyaPatnaik,SMalayanur
PranaviReddy1,SMalayanur
plaharireddy,SMalayanur
JahnaviParni,SMalayanur
KinneraPaladugu,SMalayanur
ShrutiChowdhary,SMalayanur
VaishnaviTadakamalla,SMalayanur
RasmiKapuganti,SMalayanur
PraharshithaKV,SMalayanur
RakeshPrasanna,SMalayanur
GitaKajjam,SMalayanur
KavyaJampani,SMalayanur
NikitaChawla,SMalayanur
PratyushaKethinedi,SMalayanur
ShreshtaAdavelli,SMalayanur
YogyaChintalapati,SMalayanur
SowjithaSrinath,SMalayanur
RajdeepKaur1,SMalayanur
ShrutiItchapurapu,SMalayanur
JyotsanaSharma,SMalayanur
AbhijeethCool,SMalayanur
BinduVyshnavi,SMalayanur
divyasri,SMalayanur
AzeemAbdul1,VachaspathiVennam
SaiRaghuVamsi,VachaspathiVennam
PavanKumarJalla,VachaspathiVennam
KarthikPallapothula,VachaspathiVennam
krishnaanishadusumilli,VachaspathiVennam
ZoYaKaDri,VachaspathiVennam
AdwaithGoud,VachaspathiVennam
AnuragParepally,VachaspathiVennam
TejaDevanaboyina,VachaspathiVennam
NikunjJain,VachaspathiVennam
RavitejaAppana,VachaspathiVennam
ChanakyaKrishna,VachaspathiVennam
AbhishekThurumalla,VachaspathiVennam
HanimKallangodan,VachaspathiVennam
AlankruthaGiridhar,VachaspathiVennam
LohitVarma,VachaspathiVennam
VivekReddy,VachaspathiVennam
RamyaKothapalli,VachaspathiVennam
SagarSethi,VachaspathiVennam
shaikkhasim,VachaspathiVennam
HarshithGadiraju,VachaspathiVennam
JaswanthRamshetty,VachaspathiVennam
VikramSiddartha,VachaspathiVennam
SnehShah,VachaspathiVennam
VishwajeetReddyGummakonda,VachaspathiVennam
PhanindraDamarapurapu,VachaspathiVennam
ShyamShah1,VachaspathiVennam
RohithGrandhi,VachaspathiVennam
RevanthSaiReddy,VachaspathiVennam
MankinaSasidhar,VachaspathiVennam
KrishnaAditya,VachaspathiVennam
PavanKottapalli,VachaspathiVennam
PuneethReddy1,VachaspathiVennam
LokeshChowdary,VachaspathiVennam
TeliJohnSudeep,VachaspathiVennam
KoundinyaSista,VachaspathiVennam
PoliceVeeru,VachaspathiVennam
KishoreSaiKrishna,VachaspathiVennam
KiranKumar600,VachaspathiVennam
BharathBodapati,VachaspathiVennam
VivekAnand28,VachaspathiVennam
SaurabhTiwari,VachaspathiVennam
SamyakPati,AbhishekThurumalla
RakeshKrishnaAndey,AbhishekThurumalla
SaiRaghuVamsi,AbhishekThurumalla
JadhavTanay,AbhishekThurumalla
JayarajAJ,AbhishekThurumalla
AdwaithGoud,AbhishekThurumalla
vishakhaloya,AbhishekThurumalla
TejaDevanaboyina,AbhishekThurumalla
VachaspathiVennam,AbhishekThurumalla
SupreethManyam,AbhishekThurumalla
VineelGunja,AbhishekThurumalla
ChanakyaKrishna,AbhishekThurumalla
HimaniReddy,AbhishekThurumalla
ReddyVamshidhar,AbhishekThurumalla
HarshithGadiraju,AbhishekThurumalla
VijeshJayan,AbhishekThurumalla
AmulyaMantha,AbhishekThurumalla
VikramSiddartha,AbhishekThurumalla
MohanSingh30,AbhishekThurumalla
SahitiRaparthi,AbhishekThurumalla
SVemula,AbhishekThurumalla
KamaleshSowrirajan,AbhishekThurumalla
,AbhishekThurumalla
SoanmWangchuk,AbhishekThurumalla
RohithGrandhi,AbhishekThurumalla
DhayaneshVelusamy,AbhishekThurumalla
BuyyaKrishna,AbhishekThurumalla
PuneethReddy1,AbhishekThurumalla
NikhilNK,AbhishekThurumalla
HariHaran183,AbhishekThurumalla
LokeshChowdary,AbhishekThurumalla
HemachandranRajndiran,AbhishekThurumalla
SriHarsha28,AbhishekThurumalla
ramkumarAr,AbhishekThurumalla
AkashGanghas,AbhishekThurumalla
SahithiVisvanathan,AbhishekThurumalla
TAhmed,NidhiAggarwala
AmitVerma,NidhiAggarwala
SuvonilChatterjee,NidhiAggarwala
RishabhKalia,NidhiAggarwala
MazumdarS,NidhiAggarwala
SiddharthSeth,NidhiAggarwala
ShubhamArora,NidhiAggarwala
CharudattChaudhari,NidhiAggarwala
sahilpunchhi,NidhiAggarwala
ShitanshuJain,NidhiAggarwala
ArchitRaheja,NidhiAggarwala
SiddharthJain46,NidhiAggarwala
NHariPrasad,NidhiAggarwala
CheenaPasrija,NidhiAggarwala
AmitvikramDutta,NidhiAggarwala
AnmolSherBedi,NidhiAggarwala
VrashaliKhandelwal,NidhiAggarwala
SaurabhKataria,NidhiAggarwala
cbhatia,NidhiAggarwala
SaiRaghuVamsi,NidhiAggarwala
AnmolAgrawal,NidhiAggarwala
RachitGarg,NidhiAggarwala
SaumyaGupta6,NidhiAggarwala
KrittikaVerma,NidhiAggarwala
pulkitgoyal,NidhiAggarwala
SnigdhaNigam,NidhiAggarwala
KeshavBagri,NidhiAggarwala
AasthaJoshi,NidhiAggarwala
SakshiTaneja3,NidhiAggarwala
gagandeepsinghoberoi,NidhiAggarwala
AbhilashaJain,NidhiAggarwala
AbhinavJha,NidhiAggarwala
KeesMoeliker,NidhiAggarwala
PrasunJain,NidhiAggarwala
AggarwalJayati,NidhiAggarwala
SakethPatibandla,AlankruthaGiridhar
AnchalGarg,AlankruthaGiridhar
NarasimhanNarasimhan,AlankruthaGiridhar
MSapra,AlankruthaGiridhar
ToshitaValluri,AlankruthaGiridhar
SaiRaghuVamsi,AlankruthaGiridhar
SweekrutiMishra,AlankruthaGiridhar
SyedAfzal,AlankruthaGiridhar
SkKhasim,AlankruthaGiridhar
GiridharKumar,AlankruthaGiridhar
SowmyaKatragadda,AlankruthaGiridhar
VarunAiyar,AlankruthaGiridhar
SouravLodh,AlankruthaGiridhar
TejaDevanaboyina,AlankruthaGiridhar
NiranjanaDhandapani,AlankruthaGiridhar
VivekShankar3,AlankruthaGiridhar
PragneshVajram,AlankruthaGiridhar
MithilaHarish,AlankruthaGiridhar
KunalPatel5,AlankruthaGiridhar
ShruthiNayanar,AlankruthaGiridhar
VaishaliMahalingam,AlankruthaGiridhar
ZenabAhmed,AlankruthaGiridhar
RashiGarg4,AlankruthaGiridhar
VikramSiddartha,AlankruthaGiridhar
DarshanaNandyala,AlankruthaGiridhar
DeepakDhilip,AlankruthaGiridhar
NohaKhan,AlankruthaGiridhar
RohitSharma94,AlankruthaGiridhar
AribaHazari,AlankruthaGiridhar
RupeshKarun,AlankruthaGiridhar
RiyaDaniel,AlankruthaGiridhar
SabaFatima,AlankruthaGiridhar
RajeevNarayanan,AlankruthaGiridhar
KhanNabiha,AlankruthaGiridhar
VibhorKant,LohitVarma
HarishvarmaPakalapati,LohitVarma
RaviTeja179,LohitVarma
SaiRaghuVamsi,LohitVarma
LeelaKondepati,LohitVarma
ChandraVikas,LohitVarma
SuryaTeja,LohitVarma
ShravyaYarlagadda,LohitVarma
krishnaanishadusumilli,LohitVarma
SaiKothuri,LohitVarma
AdwaithGoud,LohitVarma
ShanmukhSai,LohitVarma
VachaspathiVennam,LohitVarma
SandeepMontu,LohitVarma
MuralidharVardhanapu,LohitVarma
RajeevKumar23,LohitVarma
VenkateshCherukuru,LohitVarma
saikrishnavvh,LohitVarma
sapnarao,LohitVarma
ShivaAmgoth,LohitVarma
SanthoshIrrinki,LohitVarma
AkhilDaliparthi,LohitVarma
SUNEETHAKORUPOLU,LohitVarma
JayaPrakash70,LohitVarma
SwamySwami,LohitVarma
JhashuVa,LohitVarma
GraceHanusha,LohitVarma
SiddharthaNupa,LohitVarma
SaiKiran79,LohitVarma
PPrakash2,LohitVarma
SunainaSai,LohitVarma
ChakravarthiNanda,LohitVarma
SeshagiriVempati,LohitVarma
EswaraSai,LohitReddy
VasanArunachalam,LohitReddy
SriVenkatPoolla,LohitReddy
SudheerVazrapu,LohitReddy
ShantanuKallakuri,LohitReddy
RaiHimanshu,LohitReddy
PrasanthAkki,LohitReddy
SwethaNimmagadda,LohitReddy
SaiPadmanabhuni,LohitReddy
Kalyankarthik,LohitReddy
JeevanRomee,LohitReddy
SriHarsha,LohitReddy
JaidiJeevan,LohitReddy
sharathchandra,LohitReddy
SaiRaghuVamsi,LohitReddy
TejeshwarSingh,LohitReddy
VarunChappidi,LohitReddy
RahulThakur28,LohitReddy
JindePraneeth,LohitReddy
ManikantasaiParimi,LohitReddy
ShruthinP,LohitReddy
DineshVemula,LohitReddy
JayaKrishnaRaavi,LohitReddy
evanjohn,LohitReddy
BharadwajSai,LohitReddy
TSaketh,LohitReddy
MayurJaiswal,LohitReddy
AshishBodhankar,LohitReddy
VasuDev,LohitReddy
SushmitaCh,LohitReddy
RaviTeja45,LohitReddy
TrilokchandKilari,LohitReddy
ViswaPullabhotla,LohitReddy
SakethPatibandla,HarshithGadiraju
SujithSam,HarshithGadiraju
BandiSailesh,HarshithGadiraju
RRaj,HarshithGadiraju
RohitRao,HarshithGadiraju
SaiRaghuVamsi,HarshithGadiraju
SweekrutiMishra,HarshithGadiraju
KarthicAshokan,HarshithGadiraju
RohitChand,HarshithGadiraju
MohamedHamza4,HarshithGadiraju
RRao,HarshithGadiraju
RushiVarmaUppalapati,HarshithGadiraju
SDatla,HarshithGadiraju
AbhiCherukuri,HarshithGadiraju
AdwaithGoud,HarshithGadiraju
TejaDevanaboyina,HarshithGadiraju
VachaspathiVennam,HarshithGadiraju
AbhishekThurumalla,HarshithGadiraju
HarshaVardhanReddy,HarshithGadiraju
VivekAnchalia,HarshithGadiraju
BhargaviValli,HarshithGadiraju
MahendraNalluri,HarshithGadiraju
SukrutiReddy,HarshithGadiraju
rajeshkodali,HarshithGadiraju
SandeepYaganti,HarshithGadiraju
RohithGrandhi,HarshithGadiraju
LokeshChowdary,HarshithGadiraju
RajveerKumar,HarshithGadiraju
vjammula,VikramSiddartha
PraveenKavuri,VikramSiddartha
RRaj,VikramSiddartha
SaiRaghuVamsi,VikramSiddartha
BharathAkinapally,VikramSiddartha
AdwaithGoud,VikramSiddartha
AbhinavMotheram,VikramSiddartha
SistaAsura,VikramSiddartha
GaganMags,VikramSiddartha
VachaspathiVennam,VikramSiddartha
NrupaliShetty,VikramSiddartha
AbhishekThurumalla,VikramSiddartha
AlankruthaGiridhar,VikramSiddartha
ShravankumarRajaram,VikramSiddartha
SathishKumar57,VikramSiddartha
NarayanAravind,VikramSiddartha
thimayaKK,VikramSiddartha
VinodParuchuri,VikramSiddartha
GhantaAnusha,VikramSiddartha
SushmitaDe,VikramSiddartha
LokeshChowdary,VikramSiddartha
JubalGeorge,VikramSiddartha
NitinGunda,VikramSiddartha
PranaviPrathigudupu,VikramSiddartha
vijaybhagavatula,VikramSiddartha
MuraliMb,VikramSiddartha
SwetabhKumar,ChethnKrishna
ThiruvikramanKandhadai,ChethnKrishna
PrasanthAkki,ChethnKrishna
SrikantBharadwaj,ChethnKrishna
SiddarthYerram,ChethnKrishna
krishnakarthick,ChethnKrishna
ChetanChalotra,ChethnKrishna
SaiRaghuVamsi,ChethnKrishna
VarunChappidi,ChethnKrishna
SankalpGupta1,ChethnKrishna
VimarshSrivastava,ChethnKrishna
MAyurShanbhag,ChethnKrishna
ManikantasaiParimi,ChethnKrishna
AdityaVipradas,ChethnKrishna
ShruthinP,ChethnKrishna
MdMujahedAli,ChethnKrishna
HariKrishnan,ChethnKrishna
AdityaSubramanyam,ChethnKrishna
AnkitPatodiya,ChethnKrishna
ParthKalyani,ChethnKrishna
VanshKhurana,ChethnKrishna
SarjakShah,ChethnKrishna
DhruvSharma9,ChethnKrishna
SumitSrivastava,ChethnKrishna
DeepakKhurana4,ChethnKrishna
ChinmayaPatnayak,ShyamPv
SwetabhKumar,ShyamPv
KalyanPingali,ShyamPv
PrasanthAkki,ShyamPv
SrikantBharadwaj,ShyamPv
SwethaNimmagadda,ShyamPv
HariKrishnan3,ShyamPv
PrasanthAbraham,ShyamPv
SaiRaghuVamsi,ShyamPv
RakeshSaripalli,ShyamPv
ShivaReisende,ShyamPv
SajunPrasad,ShyamPv
GopalanS,ShyamPv
SwaroopjiMR,ShyamPv
SrinivasaPrakashRegalla,ShyamPv
AshwiniSrihari,ShyamPv
VenkateshBirada,ShyamPv
VipinJoy,ShyamPv
YaduKrishnan4,ShyamPv
RohitGuleria,ShyamPv
NithinGuptha,ShyamPv
AdityaDeole,ShyamPv
SushmithaBelede,ShyamPv
MuraleedharanKuttanellore,ShyamPv
JoginderAhlawat,RohitKumar99
GopiKrishna,RohitKumar99
SandeepSinghSolanki,RohitKumar99
SayanChowdhury,RohitKumar99
SaiRaghuVamsi,RohitKumar99
ZamirAhmad,RohitKumar99
ManGuptaSohan,RohitKumar99
ShubhaneelNeogi,RohitKumar99
RaviKumar786,RohitKumar99
RakeshMaurya5,RohitKumar99
SatishSingh54,RohitKumar99
BhubonMech,RohitKumar99
dhananjaysingh,RohitKumar99
BeereshaSolankiRS,RohitKumar99
PavanYadav13,RohitKumar99
AnandSharma58,RohitKumar99
kumarrajkishor,RohitKumar99
PiyushKumarChauhan,RohitKumar99
NayanDeep,RohitKumar99
ImtiazAlam,RohitKumar99
SumantaBhattacharyya,RohitKumar99
PandeySourabh,RohitKumar99
SumitKumar60,RohitKumar99
SnigdhaLal,RohitKumar99
saajanvaranasi,RajeshKuppili
ShijoJose,RajeshKuppili
TapanChakravarty,RajeshKuppili
ShobithaJacob,RajeshKuppili
KunalGaidhankar,RajeshKuppili
PreetiSrinivasan,RajeshKuppili
AnshumaliBaruah,RajeshKuppili
BeeravelliChetan,RajeshKuppili
AshimChakrabarty,RajeshKuppili
SiddharthaRauniar,RajeshKuppili
RidhimaMehrotra,RajeshKuppili
AnamKhan,RajeshKuppili
DivyaSingh,RajeshKuppili
EjazFysel,RajeshKuppili
MalvikaMehta,RajeshKuppili
MinakshiMohanta,RajeshKuppili
AditiDwivedi1,RajeshKuppili
RamaKrishnaRachakonda,RajeshKuppili
ShankhadeepChaudhuri,RajeshKuppili
KaranPrasad,RajeshKuppili
AnjuWakhley,RajeshKuppili
AsimWaqif,RajeshKuppili
AkankshaChauhan,RajeshKuppili
RevinaSoni,RajeshKuppili
AnujMittal,RajeshKuppili
SurbhiKamboj,RajeshKuppili
VaniSood,RajeshKuppili
RamakiranMareedu,RajeshKuppili
KushagraKeshav,RajeshKuppili
HarshParmar5,RajeshKuppili
murarikumarraja,RajeshKuppili
RojanJoseph,RajeshKuppili
SriHarshha,RajeshKuppili
HarsiddhSonara,RajeshKuppili
SrivastavaMohit,RajeshKuppili
dishareddy,RajeshKuppili
surjmani,RajeshKuppili
AnjithAugustine,RajeshKuppili
AKumar,RajeshKuppili
JithinKairamkonda,RajeshKuppili
AmanpreetDuggal,RajeshKuppili
JayakrishnaAlwar,RajeshKuppili
ThangmeiyoRamror,RajeshKuppili
VatsalyaSharma,RajeshKuppili
ShrutiShubham,RajeshKuppili
RishavPaul,RajeshKuppili
priyanshishukla,RajeshKuppili
TejaYadav,RajeshKuppili
AshitaAgnihotri,RajeshKuppili
SwatiSharma,RajeshKuppili
SnehaMaji,RajeshKuppili
VBajaj,RajeshKuppili
PhaniNidamanuri,RajeshKuppili
NarothamMedi,RajeshKuppili
NandaKishorePenimeti,RajeshKuppili
BhavikaAggarwal,RajeshKuppili
KaushikNaarayanb,RajeshKuppili
DheerajKakarla,RajeshKuppili
AnushriKumar,RajeshKuppili
PrithviPanjala,RajeshKuppili
RajeshwarSingh,SandeepKumar24
AritraSarkar,SandeepKumar24
ShankarKumaran,SandeepKumar24
AkashDeep,SandeepKumar24
SaitejaJakkula,SandeepKumar24
DheerajKakarla,SandeepKumar24
VislaKrishna,SandeepKumar24
HarishvarmaPakalapati,SandeepKumar24
NehaChohan,SandeepKumar24
DheerajRao2,SandeepKumar24
NikhilHubballi,SandeepKumar24
AbhishekPatil1,SandeepKumar24
,SandeepKumar24
NKalyanSrinivasan,SandeepKumar24
BhuvanChandra,SandeepKumar24
SharmaParth,SandeepKumar24
MadhuHarsha,SandeepKumar24
AnjaniSindhusha,SandeepKumar24
SumanNaik,SandeepKumar24
RaviTeja143,SandeepKumar24
SaiSrinivas,SandeepKumar24
RaviTeja179,SandeepKumar24
MaggiMeghanath,SandeepKumar24
NikhilNallella,SandeepKumar24
AbhinavKshitij,SandeepKumar24
SreekanthDama,SandeepKumar24
SashankKurella,SandeepKumar24
RashmitsinghSukhmani,SandeepKumar24
DivyaJyothi,SandeepKumar24
JitheshCM,SandeepKumar24
SatyaTejaswi,SandeepKumar24
RaviTejGunisetty,SandeepKumar24
KvndsHemanthkumar,SandeepKumar24
MalemAngom,SandeepKumar24
SarveshKurane,SandeepKumar24
VarunAyyagari,SandeepKumar24
RajuGeorge,SandeepKumar24
AnmolGarg,SandeepKumar24
VallariMehta,SandeepKumar24
NianPaul,SandeepKumar24
muralinaik,SandeepKumar24
KarthikKoneru,SandeepKumar24
ChiranjeeviKakarla,SandeepKumar24
RajIsh,SandeepKumar24
VamsiKrishnaPotluri,SandeepKumar24
YogeshKhedar,SandeepKumar24
RajeevVerma4,SandeepKumar24
NavyaTejM,SandeepKumar24
TuhinPaul,SandeepKumar24
ArunPrabhath,SandeepKumar24
PasumarthiSandeep,SandeepKumar24
SaiNithin,SandeepKumar24
PraveenMaurya,SandeepKumar24
KrishnaKanth,SandeepKumar24
AnandSriRamRayudu,SandeepKumar24
PrashanthMateti,SandeepKumar24
PrasanthKamma,SandeepKumar24
yugeshegala,SandeepKumar24
RahulTanwar,SandeepKumar24
yashwanthKumar,SandeepKumar24
radhakrishnaabhishek,SudheerSattaru
AdvaithMohan,SudheerSattaru
DeepakJohnson,SudheerSattaru
DineshSoundappa,SudheerSattaru
KarthikNatarajan,SudheerSattaru
ashishgeorge,SudheerSattaru
SaideepKaripalli,SudheerSattaru
ArshadNujoom,SudheerSattaru
RSwamy,SudheerSattaru
JayakrishnaAlwar,SudheerSattaru
MukulJha,SudheerSattaru
DeepakMohan,SudheerSattaru
AshwinGeorgy,SudheerSattaru
HariP,SudheerSattaru
rekhalokula,SudheerSattaru
AbhinaySali,SudheerSattaru
AravindNagulu,SudheerSattaru
SridharNaik,SudheerSattaru
AkarshVarma,SudheerSattaru
DheerajChowdary,SudheerSattaru
BharaniVlsvss,SudheerSattaru
ManojTutika,SudheerSattaru
ArpanVenugopal,SudheerSattaru
KoradaAshish,SudheerSattaru
RohitMitta,SudheerSattaru
kiranmaibhamidi,SudheerSattaru
SiddharthVodnala,SudheerSattaru
RanjiniArun,SudheerSattaru
PrasannaProne,SudheerSattaru
NikhleshRanjan,SudheerSattaru
AbhishekMeena6,SudheerSattaru
SashankKurella,SudheerSattaru
SatishKumar,SudheerSattaru
RohitSinha19,SudheerSattaru
NarasimhaReddy,SudheerSattaru
pilliabhishek,SudheerSattaru
AjayAntony,SudheerSattaru
YernaiduReddy,SudheerSattaru
AshokMaan,SudheerSattaru
NoelJose,SudheerSattaru
JeevanGona,SudheerSattaru
PathlavathRajashekhar,SudheerSattaru
AChinta,SudheerSattaru
KarthikBethi,SudheerSattaru
saiprakash,SudheerSattaru
HarimanjunathanSankaranarayanan,SudheerSattaru
ashrafmohammad,SudheerSattaru
danielrichards,SudheerSattaru
YaswanthDontu,SudheerSattaru
AnudeepRavi,SudheerSattaru
YeshwanthReddy,SudheerSattaru
GicDaniel,SudheerSattaru
BonalaVinod,SudheerSattaru
KMuraliKrishna,SudheerSattaru
AmithYerukola,SudheerSattaru
GowriSankarSativada,SudheerSattaru
VijayS,SudheerSattaru
TharunReddy1,SudheerSattaru
SuryaTejaA,SudheerSattaru
Manojkumar,SudheerSattaru
MerlynMathew,NikhilNallella
TinkuSharma,NikhilNallella
ElizabethThomas,NikhilNallella
swatismitamohapatra,NikhilNallella
RijoshSimon,NikhilNallella
ShyamPurushan,NikhilNallella
RebeccaPatro,NikhilNallella
PraneshSuram,NikhilNallella
DheerajDasyam,NikhilNallella
RamprasadSedouram,NikhilNallella
DevikaPrakash,NikhilNallella
GauravSingh24,NikhilNallella
AnuragMackwan,NikhilNallella
SinduTamilSelvan,NikhilNallella
PrashanthNRoll,NikhilNallella
GlynnGeorge,NikhilNallella
SandeepKumar24,NikhilNallella
ShrikrithikaNagarajan,NikhilNallella
SharanShankar,NikhilNallella
SanthoshS,NikhilNallella
NishaVarghese,NikhilNallella
AjithaMahalakshmi,NikhilNallella
BalajiNatarajan,NikhilNallella
angelsjames,NikhilNallella
KumaresanMuthukumar,NikhilNallella
SashankKurella,NikhilNallella
ShanthanSiddarth,NikhilNallella
NileshRoy,NikhilNallella
SridhariniGajendran,NikhilNallella
AchyuthanRamaswamy,NikhilNallella
SumitaSoni,NikhilNallella
NaveenDevaraj,NikhilNallella
TharunKumar16,NikhilNallella
AngeleneSubitha,NikhilNallella
SanthoshSrinivasan1,NikhilNallella
RafiaSulthana,NikhilNallella
MonicaSekar,NikhilNallella
BalajiSuresh2,NikhilNallella
AbhineshVarma,NikhilNallella
NehaaBhavaraju,NikhilNallella
MathewJose,NikhilNallella
LakshmiPo,NikhilNallella
ManojKumar,NikhilNallella
SidharthSarcar,NikhilNallella
ArunVetrivel,NikhilNallella
BharathPan,NikhilNallella
NavyaTejM,NikhilNallella
DivyeshChouhan,NikhilNallella
IrshathAhamed,NikhilNallella
YasaswiAkkiraju,NikhilNallella
PasumarthiSandeep,NikhilNallella
SuchitReddy,NikhilNallella
FahimJalal,NikhilNallella
PasaTDiyali,NikhilNallella
PrashanthMateti,NikhilNallella
AishwaryaKadri,NikhilNallella
MuttareddyDurgaPrasad,NikhilNallella
AartiVij,NikhilNallella
AdityaVittal,NikhilNallella
TarkeshMishra,NikhilNallella
uttamsikaria,sampathvoleti
VIPULSINGH,sampathvoleti
PranushaManthri,sampathvoleti
KetavMehta,sampathvoleti
ArunabhSingh,sampathvoleti
SabareeshNikhilC,sampathvoleti
SumanRao,sampathvoleti
AkvilSakhare,sampathvoleti
SnehaJain,sampathvoleti
NehaInnanje,sampathvoleti
AbhishekTiwari,sampathvoleti
AlankarJain,sampathvoleti
SarjanSatra,sampathvoleti
AbhishekKejriwal,sampathvoleti
KhushbooSadhwani,sampathvoleti
AkankshaThawani,sampathvoleti
SajanSankaran,sampathvoleti
prudhvitejimmadi,sampathvoleti
RachitAggarwal,sampathvoleti
RahulShinde1,sampathvoleti
DivyaChaurasia,sampathvoleti
ParulMaheshwari,sampathvoleti
MudeRajuNaik,sampathvoleti
SouradipSen,sampathvoleti
AnilShanbhag,sampathvoleti
PrashantChandra,sampathvoleti
BandanaSingha,sampathvoleti
sudheerkatta,sampathvoleti
PriyankaArya,sampathvoleti
SrinivasNuti,sampathvoleti
RahulMaganti,sampathvoleti
NikunjSaunshi,sampathvoleti
manideepattanti,sampathvoleti
AmankantAmbesh,sampathvoleti
AbdulRauf,sampathvoleti
DeepakKumar,sampathvoleti
UpasanaHembram,sampathvoleti
VamsiKrishna,sampathvoleti
RishabhPatel,sampathvoleti
DineshKuruba,sampathvoleti
SandipBalo,sampathvoleti
APanchal,sampathvoleti
MohitUppal,sampathvoleti
PrithvijitSingh,sampathvoleti
SaketTiwari,sampathvoleti
SashankKurella,sampathvoleti
KushanGajjar,sampathvoleti
OmPatel,sampathvoleti
JoseAnitt,sampathvoleti
shrutisingh,sampathvoleti
AnuragMeena1,sampathvoleti
NamrataKanth,sampathvoleti
AnirudhDonthireddy,sampathvoleti
yeshwanthgonna,sampathvoleti
Ankurkaushik,sampathvoleti
AlkaRani,sampathvoleti
PrashanthMateti,sampathvoleti
TarunSahu,sampathvoleti
ChinmayJoshi,sampathvoleti
RajendraAluru,sampathvoleti
KurmendraSingh,KrishnaChaitu
KoradaAshish,KrishnaChaitu
NABAPALLABDEKA,KrishnaChaitu
SashankKurella,KrishnaChaitu
RupjyotiBharali,KrishnaChaitu
LaxmanSingh,KrishnaChaitu
VarunAyyagari,KrishnaChaitu
KiranSriram,KrishnaChaitu
HashimMohamed4,KrishnaChaitu
KrishanuGupta,KrishnaChaitu
ParikshithJanagama,KrishnaChaitu
PhaneendraVarma,KrishnaChaitu
SreeChauhan,KrishnaChaitu
killstardo666,KrishnaChaitu
RamenBorah,KrishnaChaitu
mehzabineliza,KrishnaChaitu
JagannathJagannath,KrishnaChaitu
SanatombiThounaozam,KrishnaChaitu
GowriSankarSativada,KrishnaChaitu
cnuganipisetty,KrishnaChaitu
KasturiBhuyan,KrishnaChaitu
ErMayurHukire,KrishnaChaitu
ShehnazRahman,KrishnaChaitu
PradeepKumar,KrishnaChaitu
ParthaDebnath,KrishnaChaitu
jyotirmoyhaloi,KrishnaChaitu
JubarajBaruah,KrishnaChaitu
GoutamRajiv,KrishnaChaitu
LeDung13,KrishnaChaitu
SavyasachiSachin,KrishnaChaitu
vinjamurivenkataKamesh,KrishnaChaitu
PapuRabha,KrishnaChaitu
NarayanaReddyTadi,KrishnaChaitu
ChanakyaChandrasekharaPratap,KrishnaChaitu
MitaliMandal,KrishnaChaitu
PrabhakarBarnwal,KrishnaChaitu
DivyaTejaBanda,KrishnaChaitu
MrinmoyGautam,KrishnaChaitu
GilbertHinge,KrishnaChaitu
PrashanthKumar82,KrishnaChaitu
SatyaAditya,KrishnaChaitu
AAbhindranath,KrishnaChaitu
ManishSingh94,KrishnaChaitu
ShakyasenDebnath,KrishnaChaitu
MuneshPaswan,KrishnaChaitu
ramachandragollar,KrishnaChaitu
NaiduTirupathi,KrishnaChaitu
ArvindKumarPrajapati,KrishnaChaitu
PriyankSrivastava,KrishnaChaitu
GarukuKumar,KrishnaChaitu
HemakumarGaliveeti,KrishnaChaitu
SenSaptarshi,KrishnaChaitu
DineshBapuji,KrishnaChaitu
AbhishekKamisetty,KrishnaChaitu
AmitPratapMaurya,KrishnaChaitu
NvsnarayanareddyTadi,KrishnaChaitu
LavanyaPalika,KrishnaChaitu
DhanalakshmiSalam,KrishnaChaitu
RajeshKuppili,PhaneendraVarma
ManojTutika,PhaneendraVarma
KoradaAshish,PhaneendraVarma
KartikSharma19,PhaneendraVarma
SashankKurella,PhaneendraVarma
journalcseij,PhaneendraVarma
IJPLAJournal,PhaneendraVarma
VipinKhurana,PhaneendraVarma
KrishnaChaitu,PhaneendraVarma
VenkatSrinu,PhaneendraVarma
AshikKintali,PhaneendraVarma
SrinivasTadela,PhaneendraVarma
NaveenKolli,PhaneendraVarma
ashrafmohammad,PhaneendraVarma
PankajDevulapalli,PhaneendraVarma
GowriSankarSativada,PhaneendraVarma
UttejShas,PhaneendraVarma
GoutamRajiv,PhaneendraVarma
BandaruSarvaRao,PhaneendraVarma
JaspreetKaur92,PhaneendraVarma
SunilKumarPotnuru,PhaneendraVarma
AshwinChauhan,PhaneendraVarma
DivyaGupta52,PhaneendraVarma
HarishVelugoti,PhaneendraVarma
LeelaPrasad,PhaneendraVarma
ShreyansJain6,PhaneendraVarma
BommanaNikhil,PhaneendraVarma
ChaitanyaVenki,PhaneendraVarma
PujithaKalidindi,PhaneendraVarma
PrashastiMittal,PhaneendraVarma
VarunSikka,PhaneendraVarma
MahakMundeja,PhaneendraVarma
NitinPanwar4,PhaneendraVarma
RiteshSethi,PhaneendraVarma
RajeshChinthala,PhaneendraVarma
SahithiAkella,PhaneendraVarma
ChaituRishan,PhaneendraVarma
GarukuKumar,PhaneendraVarma
SaibabjiIndupuri,PhaneendraVarma
EqtiarHasan,PhaneendraVarma
AvinashKurella,PhaneendraVarma
UtkarshSingh40,PhaneendraVarma
GauravJarwal,PhaneendraVarma
ShivaGaneshDevaguptapu,PhaneendraVarma
LokeshArya,PhaneendraVarma
VikasGajarao,PhaneendraVarma
NarayanaRao1,PhaneendraVarma
SATISHKALUVALAPALLI,PhaneendraVarma
SiddharthaSuvvada,PhaneendraVarma
SureshYS,PhaneendraVarma
DurvasulaAditya,PhaneendraVarma
KrishnaMohan18,PhaneendraVarma
amanSidhu3,PhaneendraVarma
ShankyAgarwal,PhaneendraVarma
radhakrishnaabhishek,ashrafmohammad
AdvaithMohan,ashrafmohammad
DeepakJohnson,ashrafmohammad
RajeshKuppili,ashrafmohammad
RSwamy,ashrafmohammad
JayakrishnaAlwar,ashrafmohammad
ManaswiMishra,ashrafmohammad
RahulRevu,ashrafmohammad
SridharNaik,ashrafmohammad
BharaniVlsvss,ashrafmohammad
ManojTutika,ashrafmohammad
KoradaAshish,ashrafmohammad
ShivaRam,ashrafmohammad
VignyMathew,ashrafmohammad
SudheerSattaru,ashrafmohammad
bhargavaramkanda,ashrafmohammad
SashankKurella,ashrafmohammad
GaneshGovindarajan,ashrafmohammad
ShravyaYarlagadda,ashrafmohammad
AshokMaan,ashrafmohammad
PavanReddy,ashrafmohammad
PhaneendraVarma,ashrafmohammad
PathlavathRajashekhar,ashrafmohammad
AChinta,ashrafmohammad
ValmikiTej,ashrafmohammad
HarimanjunathanSankaranarayanan,ashrafmohammad
danielrichards,ashrafmohammad
MalleswariKachireddy,ashrafmohammad
GicDaniel,ashrafmohammad
KMuraliKrishna,ashrafmohammad
RameshKottamasu,ashrafmohammad
SasidharKasi,ashrafmohammad
LakshmiPrasannaKachireddy,ashrafmohammad
GodabaHareesh,ashrafmohammad
GowriSankarSativada,ashrafmohammad
SumanthVarada,ashrafmohammad
SharmilaKarumuri,ashrafmohammad
GirijaPrasadMedikonda,ashrafmohammad
PrithviTipirneni,ashrafmohammad
ShaliniVelappan,ashrafmohammad
SwethaBhupathi,ashrafmohammad
ThejaAnurag,ashrafmohammad
TejaTJ,ashrafmohammad
PedalapuBhargav,ashrafmohammad
NarenReddy7,ashrafmohammad
YaswanthBevara,ashrafmohammad
BaluSmily,ashrafmohammad
NagarajThyadi,ashrafmohammad
NeehaMohammed,ashrafmohammad
PadmasreeReddy,NavyaTejM
KarthikVarada,NavyaTejM
SaiPuli,NavyaTejM
AdithyanRaja,NavyaTejM
SaitejaJakkula,NavyaTejM
HimaTeja,NavyaTejM
BhatiaR,NavyaTejM
SandeepKumar24,NavyaTejM
DharavathSanthosh,NavyaTejM
NikhilNallella,NavyaTejM
SreekanthDama,NavyaTejM
SashankKurella,NavyaTejM
MalemAngom,NavyaTejM
MuditTanwani,NavyaTejM
SindhujaPamulapati,NavyaTejM
muralinaik,NavyaTejM
VikashKumar9,NavyaTejM
ChiranjeeviKakarla,NavyaTejM
KiranManku,NavyaTejM
NagarajuDovari,NavyaTejM
MSalimuddin,NavyaTejM
PrashanthMateti,NavyaTejM
KRaghuRam,NavyaTejM
rahulchauhan,NavyaTejM
AsifAhammed,NavyaTejM
SaranshAgrawal,NavyaTejM
PadarthiVenkateswarlu,NavyaTejM
vbalineni,NavyaTejM
KishoreReddy,NavyaTejM
SunilKumar,NavyaTejM
DheerajYadav,NavyaTejM
NareshAsithosh,NavyaTejM
MuniEswaran,NavyaTejM
ThirupathiReddy3,NavyaTejM
KrishnaH,NavyaTejM
PraneethReddy25,NavyaTejM
NareshMeena,NavyaTejM
PGuttikonda,NavyaTejM
KomminiAdithya,NavyaTejM
JitenderNaikV,NavyaTejM
SantoshVanga,NavyaTejM
SriChaitanyaChadalawada,NavyaTejM
PraneethChakri,NavyaTejM
MaheshVallabhaneni,NavyaTejM
JAYACHANDRAKS,NavyaTejM
dennismiller,NavyaTejM
shubhamgarg,PrashanthMateti
SAIPAVANKUMARBYPANENI,PrashanthMateti
AshutoshKedar,PrashanthMateti
AmithLakkakula,PrashanthMateti
SandeepKumar24,PrashanthMateti
UDev,PrashanthMateti
NikhilNallella,PrashanthMateti
sampathvoleti,PrashanthMateti
SashankKurella,PrashanthMateti
PradyumnaPaliwal,PrashanthMateti
AravindBachu,PrashanthMateti
ReenathReddy,PrashanthMateti
DharaniKumar,PrashanthMateti
ShashankGupta,PrashanthMateti
VijayRahul,PrashanthMateti
BhargavTangirala,PrashanthMateti
NavyaTejM,PrashanthMateti
VishruthCool,PrashanthMateti
GopalaKrishnaRodda,PrashanthMateti
SharmaYatin,PrashanthMateti
ThirupathiNk,PrashanthMateti
KishoreReddy,PrashanthMateti
BhuwanKashyap,PrashanthMateti
ManojVeldandi,PrashanthMateti
PraneethReddy25,PrashanthMateti
SatishVerma18,PrashanthMateti
RavaliParsi,PrashanthMateti
VenkatRamana6,PrashanthMateti
SandeepPatilValandas,PrashanthMateti
AnkurBansal,PrashanthMateti
SashiVardhan,PrashanthMateti
SantoshVanga,PrashanthMateti
MadhukarReddy4,PrashanthMateti
VishwatejaMaduri,PrashanthMateti
AkhilJangiti,PrashanthMateti
BharathReddylingampelli,PrashanthMateti
SushantChaurasia,PrashanthMateti
ManiIitb,PrashanthMateti
SnehaPriya,PrashanthMateti
VinayKumar328,PrashanthMateti
VinayKumar68,PrashanthMateti
ManojKumarVeldandi,PrashanthMateti
radhakrishnaabhishek,KMuraliKrishna
AshwinKalkar,KMuraliKrishna
JayakrishnaAlwar,KMuraliKrishna
RahulRevu,KMuraliKrishna
PranavNair,KMuraliKrishna
BharaniVlsvss,KMuraliKrishna
RohitDharavath,KMuraliKrishna
ManojTutika,KMuraliKrishna
VasantSridhar,KMuraliKrishna
KoradaAshish,KMuraliKrishna
SudheerSattaru,KMuraliKrishna
SathwikAkula,KMuraliKrishna
SashankKurella,KMuraliKrishna
RaviKiranBoddepalli,KMuraliKrishna
PavanReddy,KMuraliKrishna
AravindBachu,KMuraliKrishna
KETANCHANDRA,KMuraliKrishna
BharathKumarBanoth,KMuraliKrishna
ArunQuadi,KMuraliKrishna
VinaysrichandBandaru,KMuraliKrishna
AshikKintali,KMuraliKrishna
ashrafmohammad,KMuraliKrishna
NareshB,KMuraliKrishna
SHUBHAMMANDAL,KMuraliKrishna
ChandrahasKolla,KMuraliKrishna
TharunReddy1,KMuraliKrishna
VamshiShanagonda,KMuraliKrishna
SSuryaTejaS,KMuraliKrishna
SatyaSai,KMuraliKrishna
RaviTeja,KMuraliKrishna
NareshAkunuri,KMuraliKrishna
RahulKadudhuri,KMuraliKrishna
BhunedriBhagirath,KMuraliKrishna
PedalapuBhargav,KMuraliKrishna
AshishGuptaSilla,KMuraliKrishna
UmaShankarJangam,KMuraliKrishna
SahithiAkella,KMuraliKrishna
RamSharathSanapala,KMuraliKrishna
SameeraPatnaik,KMuraliKrishna
SravanthiVuriti,KMuraliKrishna
DhamodarKurmam,KMuraliKrishna
PradeepKumarPenagnti,MuttareddyDurgaPrasad
NikhilGampa,MuttareddyDurgaPrasad
SauravNarjinary,MuttareddyDurgaPrasad
HimaTeja,MuttareddyDurgaPrasad
BodhisatwaGoswami,MuttareddyDurgaPrasad
ArihantJain,MuttareddyDurgaPrasad
TejaswiMonangi,MuttareddyDurgaPrasad
NikhilNallella,MuttareddyDurgaPrasad
AbhasJha1,MuttareddyDurgaPrasad
SreekanthDama,MuttareddyDurgaPrasad
yadaNandukumar,MuttareddyDurgaPrasad
MalemAngom,MuttareddyDurgaPrasad
muralinaik,MuttareddyDurgaPrasad
ShivaKumar,MuttareddyDurgaPrasad
ChiranjeeviKakarla,MuttareddyDurgaPrasad
BhanuPrakash15,MuttareddyDurgaPrasad
RamakrishnaRssm,MuttareddyDurgaPrasad
ThamarailingamAthilingam,MuttareddyDurgaPrasad
VinayKanthReddy,MuttareddyDurgaPrasad
AnshuMangal,MuttareddyDurgaPrasad
KishoreReddy,MuttareddyDurgaPrasad
JagadeeshGunda,MuttareddyDurgaPrasad
NaveenaPeraka,MuttareddyDurgaPrasad
SivaramEluru,MuttareddyDurgaPrasad
DineshCh,MuttareddyDurgaPrasad
NishantNemani,MuttareddyDurgaPrasad
VedavyasTungala,MuttareddyDurgaPrasad
VidyaSagarReddy,MuttareddyDurgaPrasad
VasuLalam,MuttareddyDurgaPrasad
KomminiAdithya,MuttareddyDurgaPrasad
SaptarshiDas6,MuttareddyDurgaPrasad
SivaAtla,MuttareddyDurgaPrasad
SantoshVanga,MuttareddyDurgaPrasad
GowthamReddyDonthiReddy,MuttareddyDurgaPrasad
RamGopal20,MuttareddyDurgaPrasad
SuryatejaMachina,MuttareddyDurgaPrasad
vamshiderreddy,MuttareddyDurgaPrasad
RakheeSharma,MuttareddyDurgaPrasad
NBommareddy,MuttareddyDurgaPrasad
AshutoshVerma,MuttareddyDurgaPrasad
RanjithKharvel,PradeepDasigi
SrilekhaVedulaKameswari,PradeepDasigi
SashankKurella,PradeepDasigi
MunavathNayak,PradeepDasigi
JagannathPutrevu,PradeepDasigi
HebaElfardy,PradeepDasigi
WeiweiGuo,PradeepDasigi
SwabhaSwayamdipta,PradeepDasigi
VishalSrivastava1,PradeepDasigi
AswarthAbhilashDara,PradeepDasigi
BhargavLingamaneni,PradeepDasigi
NeerumallaSravan,PradeepDasigi
SandeepSubramanian,PradeepDasigi
RangacharyuluPeesapati,PradeepDasigi
YuanAaron,PradeepDasigi
CynthiaWolfe,PradeepDasigi
MargretAnouncia,PradeepDasigi
PrashantSinha,PradeepDasigi
SravyaKhasnavees,PradeepDasigi
RichaBansal1,PradeepDasigi
DheerajSai,PradeepDasigi
PavanKrishna,PradeepDasigi
SamreenJasvi,PradeepDasigi
RaviKiran65,PradeepDasigi
RogerYe,PradeepDasigi
KartoHartono,PradeepDasigi
VishruthReddy,PradeepDasigi
JRaghavan,PradeepDasigi
VeluriSatyaSravani,PradeepDasigi
AkshayKolte,PradeepDasigi
wiesiekmaga,PradeepDasigi
SeanFohlsen,PradeepDasigi
JasonCyrus,PradeepDasigi
SThaiprayoon,PradeepDasigi
shaikhmehatab,PradeepDasigi
ManjuJayaram,PradeepDasigi
RajeshKuppili,GowriSankarSativada
SridharNaik,GowriSankarSativada
JyvsBhushan,GowriSankarSativada
ManojTutika,GowriSankarSativada
KoradaAshish,GowriSankarSativada
SudheerSattaru,GowriSankarSativada
SuryaDesai,GowriSankarSativada
SashankKurella,GowriSankarSativada
GurumohanReddy,GowriSankarSativada
KrishnaChaitu,GowriSankarSativada
PhaneendraVarma,GowriSankarSativada
ashrafmohammad,GowriSankarSativada
SanthoShkumarReddy,GowriSankarSativada
BhanuShankar,GowriSankarSativada
SunilKumarPotnuru,GowriSankarSativada
ChakraPani1,GowriSankarSativada
SaiKiran168,GowriSankarSativada
SreekarSree,GowriSankarSativada
SaiPramodMotupalli,GowriSankarSativada
ShashiJuturu,GowriSankarSativada
VinodhAmilineni,GowriSankarSativada
RapidRajesh,GowriSankarSativada
SudarshanKrishna1,GowriSankarSativada
ShaikShabaz,GowriSankarSativada
RavichandraKorivi,GowriSankarSativada
AbhilashNec,GowriSankarSativada
ManoharK,GowriSankarSativada
BharghavHari,GowriSankarSativada
SeshuTheclassic,GowriSankarSativada
SaibabjiIndupuri,GowriSankarSativada
HimajaPuppala,GowriSankarSativada
ArjunNag1,GowriSankarSativada
NyamathullaNyam,GowriSankarSativada
PragznaBalivada,GowriSankarSativada
KirankumarRaghupatruni,GowriSankarSativada
JannelaSatishYadav,GowriSankarSativada
jayapradeepaS,AnargaSanjeev
DharmanJeyaraman,AnargaSanjeev
binisharoseJ,AnargaSanjeev
SreelathaSelvaraj,AnargaSanjeev
PradeepSridar,AnargaSanjeev
karunamooorthi,AnargaSanjeev
SanjeeviMadhusudanan,AnargaSanjeev
vsethuraman,AnargaSanjeev
selvarajK,AnargaSanjeev
poovizhisaravanan,AnargaSanjeev
dhivyasimman,AnargaSanjeev
NaveenNamasu,AnargaSanjeev
SoumyaDash,AnargaSanjeev
LYDIACHARLET,AnargaSanjeev
kamalkannan2,AnargaSanjeev
AdithiDevesan,AnargaSanjeev
ikshanaajam,AnargaSanjeev
JohnWellington,AnargaSanjeev
SathishAdhiban,AnargaSanjeev
ashokavi15,AnargaSanjeev
AdcyAlex,AnargaSanjeev
VenkatA,AnargaSanjeev
DurairajM,AnargaSanjeev
krishnapriya3,AnargaSanjeev
monicaadhi,AnargaSanjeev
umeshkarthick,AnargaSanjeev
STconstruction,AnargaSanjeev
seenivasan2,AnargaSanjeev
RenilManat,AnargaSanjeev
ivinraj,AnargaSanjeev
RajeshKuppili,SunilKumarPotnuru
,SunilKumarPotnuru
DheerajGurugubelli,SunilKumarPotnuru
YashwanthVissu,SunilKumarPotnuru
SashankKurella,SunilKumarPotnuru
PhaneendraVarma,SunilKumarPotnuru
santoshnalamothu,SunilKumarPotnuru
KarthikPatnaik,SunilKumarPotnuru
RahulGanesan1,SunilKumarPotnuru
GowriSankarSativada,SunilKumarPotnuru
UttejShas,SunilKumarPotnuru
VeenadhariKotha,SunilKumarPotnuru
VishnuSachin,SunilKumarPotnuru
SaiRamyaSri,SunilKumarPotnuru
AshwinChauhan,SunilKumarPotnuru
ChandraMohan47,SunilKumarPotnuru
PujithaKalidindi,SunilKumarPotnuru
RamKumarKumar,SunilKumarPotnuru
AshwiniBramhasa,SunilKumarPotnuru
PranathiSwamy,SunilKumarPotnuru
SruthiKarri,SunilKumarPotnuru
ManikantaKolluru,SunilKumarPotnuru
spoorthisingaram,SunilKumarPotnuru
PrinceRaghu,SunilKumarPotnuru
SrinivasBaggam,SunilKumarPotnuru
TejaSri2,SunilKumarPotnuru
SureshKumar382,SunilKumarPotnuru
SathishkumarYegireddi,SunilKumarPotnuru
SurekhaModalavalasa,SunilKumarPotnuru
ROHITKUMARPATNAIK,SoumyaDash
AkhileshMishra,SoumyaDash
SunyaPratyutpana,SoumyaDash
PrasantaPanda,SoumyaDash
DasBibhu,SoumyaDash
PratikRanjan,SoumyaDash
DebashisPuhan,SoumyaDash
SudattaMohanty,SoumyaDash
BibhupriyaMohapatra,SoumyaDash
DhruvaGhosh,SoumyaDash
ScionSamantray,SoumyaDash
KeerthiKumar,SoumyaDash
SumeetPatnaik,SoumyaDash
sureshbehera,SoumyaDash
AkshayaDash,SoumyaDash
VIPULNISHAD,SoumyaDash
DebashishBehera,SoumyaDash
BighnarajPanda,SoumyaDash
AnupBehera,SoumyaDash
RashmiRanjanSahu,SoumyaDash
vandnasikarwar,SoumyaDash
RohitSahoo,SoumyaDash
SasmitaSahoo,SoumyaDash
sanjayprajapati,SoumyaDash
nasiruddin64,SoumyaDash
sonalimishra,SoumyaDash
SridharNaik,ThejaAnurag
ManojTutika,ThejaAnurag
KoradaAshish,ThejaAnurag
SudheerSattaru,ThejaAnurag
PappalaSidian,ThejaAnurag
SashankKurella,ThejaAnurag
BharteshPandey,ThejaAnurag
ashrafmohammad,ThejaAnurag
MakarandMahajan,ThejaAnurag
SiddharthaTibarewala,ThejaAnurag
GodabaHareesh,ThejaAnurag
GirijaPrasadMedikonda,ThejaAnurag
RaviShankarNaidu,ThejaAnurag
MananMehta14,ThejaAnurag
SunnyHith,ThejaAnurag
AvinashKumar10,ThejaAnurag
PedalapuBhargav,ThejaAnurag
HariChandan,ThejaAnurag
NagaSayanaSrinivasKoneru,ThejaAnurag
SachinToli,ThejaAnurag
RajivYadav,ThejaAnurag
VAravind,ThejaAnurag
MuthukrishnanParamasivan,ThejaAnurag
SharathKumar3,ThejaAnurag
RahulSunny,ThejaAnurag
RohitRaja,PraneethReddy25
SashankKurella,PraneethReddy25
UmaMaheshwar,PraneethReddy25
NavyaTejM,PraneethReddy25
SaiLavakumarM,PraneethReddy25
YasaswiAkkiraju,PraneethReddy25
PasumarthiSandeep,PraneethReddy25
PrashanthMateti,PraneethReddy25
RamyaTeja,PraneethReddy25
MaheshKumar191,PraneethReddy25
SaiSrikar,PraneethReddy25
SanjeevSanju,PraneethReddy25
SudhakarShastri,PraneethReddy25
RekhaSharma20,PraneethReddy25
TanazModi,PraneethReddy25
MaskePrashant,PraneethReddy25
PradeepSrinivasan,PraneethReddy25
VijayVelduti,PraneethReddy25
PhanindraPerla,PraneethReddy25
RhuchaPachkawde,PraneethReddy25
BharathReddylingampelli,PraneethReddy25
SaurabhJeurkar,PraneethReddy25
HVardhan,PraneethReddy25
PavithraSivakumar,PraneethReddy25
IJRCARJOURNAL,BrsSwetha
VinayKarna,BrsSwetha
shilphyp,BrsSwetha
KavithaSrini,BrsSwetha
AnilKumar657,BrsSwetha
SrinivasanSV,BrsSwetha
KumaraSwamy4,BrsSwetha
LuttiVenky,BrsSwetha
VaijyanathKunchigi,BrsSwetha
RaghavendraRao,BrsSwetha
KasuRavisankarreddy,BrsSwetha
jayakrishnakishore,BrsSwetha
AdarshArsh,BrsSwetha
CharanSaiRaja,BrsSwetha
MaheedharReddyDatla,BrsSwetha
SudheerAdusumilli,BrsSwetha
HiteshJournal,BrsSwetha
SOHAILAHMED,BrsSwetha
pradipshewale,BrsSwetha
Sushmatummala,BrsSwetha
AbhishekSingh,BrsSwetha
DuraiPaul,BrsSwetha
ArchanPatel,BrsSwetha
vjkkishoreSonti,BrsSwetha
VishalJain,jedtjournal
IjscJournal,jedtjournal
IjseaJournal,jedtjournal
RatanSarkar,jedtjournal
IndLibs,jedtjournal
AciiJournal,jedtjournal
AjitRangdal,jedtjournal
GaneshKangune,jedtjournal
AravindSubbiah,jedtjournal
CivejJournal,jedtjournal
IJDKPJOURNAL,jedtjournal
ShambhaviBatsa,jedtjournal
AnilJharotia,jedtjournal
IngolePradeep,jedtjournal
JGoyal,jedtjournal
DurgaPrasad30,jedtjournal
PrashantSinghkalhans,jedtjournal
ArvindGill,jedtjournal
navnitpatel,jedtjournal
SanjivKadyan,jedtjournal
ManojKumar27,jedtjournal
MohammadAminHonarvar,jedtjournal
jitendrasharma50,jedtjournal
JayakrishnaAlwar,AshishGuptaSilla
NThangavel,AshishGuptaSilla
ManaveshMahakud,AshishGuptaSilla
KoradaAshish,AshishGuptaSilla
SashankKurella,AshishGuptaSilla
ThackerSagar,AshishGuptaSilla
santoshmagar,AshishGuptaSilla
AashrithParvathaneni,AshishGuptaSilla
DasBibhu,AshishGuptaSilla
KMuraliKrishna,AshishGuptaSilla
SaptarshiBanerjee,AshishGuptaSilla
RajgopalBalabhadruni,AshishGuptaSilla
MuralidharVardhanapu,AshishGuptaSilla
leelaKumari,AshishGuptaSilla
HarmeetArora,AshishGuptaSilla
GoutamRajiv,AshishGuptaSilla
karthikm,AshishGuptaSilla
SampatGogireddy,AshishGuptaSilla
AbhilashKumarBalla,AshishGuptaSilla
JayanthGanesh,AshishGuptaSilla
AnkeshDhengre,AshishGuptaSilla
PrashantPandey29,AshishGuptaSilla
MayankNarula,AshishGuptaSilla
DheerajGurugubelli,PujithaKalidindi
YashwanthVissu,PujithaKalidindi
KartikSharma19,PujithaKalidindi
SashankKurella,PujithaKalidindi
PhaneendraVarma,PujithaKalidindi
santoshnalamothu,PujithaKalidindi
PankajDevulapalli,PujithaKalidindi
UttejShas,PujithaKalidindi
VeenadhariKotha,PujithaKalidindi
SanthoshGantala,PujithaKalidindi
SunilKumarPotnuru,PujithaKalidindi
LeelaPrasad,PujithaKalidindi
SrihariKuchibhotla,PujithaKalidindi
AshwiniKumar2,PujithaKalidindi
ManognyaKota,PujithaKalidindi
VMudunuri,PujithaKalidindi
SurajDonvier,PujithaKalidindi
JyothsnaDatti,PujithaKalidindi
AvinashKurella,PujithaKalidindi
SruthiKarri,PujithaKalidindi
spoorthisingaram,PujithaKalidindi
BadamSpandana,PujithaKalidindi
SashankKurella,SriAnanthKurella
SudarshanReddy,SriAnanthKurella
AlokMishra33,SriAnanthKurella
RaghuRam5,SriAnanthKurella
kirankk,SriAnanthKurella
ManishSharma150,SriAnanthKurella
RaviKulkarni1,SriAnanthKurella
PradeepManyam,SriAnanthKurella
imrankhan,SriAnanthKurella
RajuJagannath,SriAnanthKurella
MuttuRevadi,SriAnanthKurella
JayasankarMallika,SriAnanthKurella
SanjeevSadhani,SriAnanthKurella
LaxmanSingh,SriAnanthKurella
RameshDasyam,SriAnanthKurella
NaganagoudaDoddagoudra,SriAnanthKurella
VenkanagoudaMalipatil,SriAnanthKurella
RameshSurapu,SriAnanthKurella
arunbabuthalla,SriAnanthKurella
SudheerKaspa,SriAnanthKurella
RaghavenderRaghu1,SriAnanthKurella
AnilKumarKusume,SriAnanthKurella
IJRCARJOURNAL,AjithKumar62
SwatiVasishta,AjithKumar62
SameerchandPudaruth,AjithKumar62
AdityaKademani,AjithKumar62
BiswajitRoy8,AjithKumar62
JosheethaBabu,AjithKumar62
PauravSardeshmukh,AjithKumar62
SanthoshKumar441,AjithKumar62
RakeshRamesh1,AjithKumar62
NihaalRamesh,AjithKumar62
RaoAshish,AjithKumar62
KowshikEPatel,AjithKumar62
AnjanKumar3,AjithKumar62
ChiraAgAlampalli,AjithKumar62
JayanthiPN,AjithKumar62
PramodDs,AjithKumar62
PrateekHegade,AjithKumar62
PrajwalRao,AjithKumar62
SwathiHoysala,AjithKumar62
PradyumnabsPradyumna,AjithKumar62
SnehaGowda,AjithKumar62
VigneshPranav,AjithKumar62
IJMEjournal,NagChaitu
RavindraReddy12,NagChaitu
BhargavaramKalyanam,NagChaitu
SrikanthSri2,NagChaitu
RohanGilbert,NagChaitu
ParamaDayalSilla,NagChaitu
lavanyavarma,NagChaitu
RajeshwariDatla,NagChaitu
HGaddameedi,NagChaitu
RajaBlessing,NagChaitu
RameshSiripurapu,NagChaitu
SaiJamalapurapu,NagChaitu
RajaBlessing,NagChaitu
VishnuGunda,NagChaitu
ChetanSantosh,NagChaitu
BethiRaghuram,NagChaitu
DurgaPrasad48,NagChaitu
PhanisriPulavarthi,NagChaitu
MadhuriSvk,NagChaitu
ShahanazMohammed,NagChaitu
BhavaniLakshmi,NagChaitu
JosephMichael12,NagChaitu
SandeepKumar24,SantoshVanga
NikhilNallella,SantoshVanga
SashankKurella,SantoshVanga
AnandKotugumada,SantoshVanga
RRao,SantoshVanga
MohammadAslam,SantoshVanga
SaiPraneethBommasani,SantoshVanga
NavyaTejM,SantoshVanga
PrashanthMateti,SantoshVanga
MuttareddyDurgaPrasad,SantoshVanga
AvinashInuganti,SantoshVanga
TejaKrishna,SantoshVanga
LaxminarayanaThirankar,SantoshVanga
NChatla,SantoshVanga
pruthvichavan,SantoshVanga
PrashanthKiran,SantoshVanga
SriChaitanyaChadalawada,SantoshVanga
BharathReddylingampelli,SantoshVanga
AnkitKushwaha,SantoshVanga
sandeepjaineni,SantoshVanga
SandeepNreddy,SantoshVanga
RajeshKuppili,RajeshChinthala
ManojTutika,RajeshChinthala
KoradaAshish,RajeshChinthala
SashankKurella,RajeshChinthala
PhaneendraVarma,RajeshChinthala
AshikKintali,RajeshChinthala
NaveenKolli,RajeshChinthala
SatishKumar147,RajeshChinthala
ThirupathiReddy3,RajeshChinthala
PanthiRajendra,RajeshChinthala
ChakravarthiKoppuravuri,RajeshChinthala
SaiNemani,RajeshChinthala
SaibabjiIndupuri,RajeshChinthala
ShivsagarYadav,RajeshChinthala
NagarajThyadi,RajeshChinthala
EeshwarJujjavarapu,RajeshChinthala
NarayanaRao1,RajeshChinthala
NiveditaDevulapalli,RajeshChinthala
VenkateshGrandhe,RajeshChinthala
SSankar,RajeshChinthala
SashankKurella,RamSharathSanapala
AndhavarapuMukesh,RamSharathSanapala
KMuraliKrishna,RamSharathSanapala
RajeshSahukari,RamSharathSanapala
RaviChandra43,RamSharathSanapala
KinthaliKumar,RamSharathSanapala
MouryaTej,RamSharathSanapala
PtNaidu,RamSharathSanapala
YaswanthBevara,RamSharathSanapala
NeelakantaNeal,RamSharathSanapala
RaviSanapala,RamSharathSanapala
SrinivasJyothi,RamSharathSanapala
SivajiLv,RamSharathSanapala
SivaKumar371,RamSharathSanapala
GangacharyaGarugu,RamSharathSanapala
SillaNagajyothi,RamSharathSanapala
SwetabhKumar,AdityaAnnangi
SwethaNimmagadda,AdityaAnnangi
ShankarVenkatraman,AdityaAnnangi
VenkateshHarisyam,AdityaAnnangi
SiddharthVodnala,AdityaAnnangi
AkshithAnand,AdityaAnnangi
SashankKurella,AdityaAnnangi
VenkataSriramaKrishnaTejaKonduri,AdityaAnnangi
AmanGupta,AdityaAnnangi
SoumyaGanguly,AdityaAnnangi
KsAditya,AdityaAnnangi
AshokNaren,AdityaAnnangi
ManikantasaiParimi,AdityaAnnangi
NikhilAyyagari,AdityaAnnangi
SatyaKarthik,AdityaAnnangi
PavanKumarReddyMalgari,AdityaAnnangi
EngrShoewu,SampathSatti
AntarikshBothale,SampathSatti
VIPULSINGH,SampathSatti
rashmichaudhary,SampathSatti
PranushaManthri,SampathSatti
ArunabhSingh,SampathSatti
SabareeshNikhilC,SampathSatti
SumanRao,SampathSatti
NehaInnanje,SampathSatti
AnasuyaMandal,SampathSatti
AdityaShankar,SampathSatti
PraveshKochar,SampathSatti
AlankarJain,SampathSatti
AkankshaThawani,SampathSatti
prudhvitejimmadi,SampathSatti
RachitAggarwal,SampathSatti
RahulShinde1,SampathSatti
ShashankSrivastava4,SampathSatti
ShibaniSanturkar,SampathSatti
SriVenkatPoolla,SampathSatti
AbhishekPadmanabhan,SampathSatti
RaunakKudesia,SampathSatti
NiladriChatterji,SampathSatti
AnilShanbhag,SampathSatti
PrashantChandra,SampathSatti
sudheerkatta,SampathSatti
SrinivasNuti,SampathSatti
LavishOrdia,SampathSatti
RahulMaganti,SampathSatti
NikunjSaunshi,SampathSatti
AkshatKharaya,SampathSatti
manideepattanti,SampathSatti
SravanReddy2,SampathSatti
DeepakKumar,SampathSatti
SomasishGhosh,SampathSatti
GunaPrasaad,SampathSatti
DheerajChowdary,SampathSatti
UpasanaHembram,SampathSatti
BhanuVikas,SampathSatti
PraveenPendyala,SampathSatti
MAvasare,SampathSatti
ItzNareshVenkat,SampathSatti
DineshKuruba,SampathSatti
HSinghal,SampathSatti
SaiPraneeth,SampathSatti
AnjaniSaiKumarChatla,SampathSatti
BharadwajRallabandi,SampathSatti
DevanshChawla,SampathSatti
AnshulJain,SampathSatti
CharanGajjela,SampathSatti
RohitMangal,SampathSatti
ArpitKothari,SampathSatti
MayankBendarkar,SampathSatti
ManojV,SampathSatti
VighneshVatsal,SampathSatti
NeelShah,SampathSatti
AbhishekBhowmick,SampathSatti
HasanKumarReddyA,SampathSatti
NikhilTilak,SampathSatti
AshwiniJain,SampathSatti
AntarikshBothale,rajeevranka
PoornaChandra,rajeevranka
uttamsikaria,rajeevranka
gauravdahake,rajeevranka
KetavMehta,rajeevranka
ArunabhSingh,rajeevranka
HarshMaheshwari,rajeevranka
AnasuyaMandal,rajeevranka
NikitaSingh,rajeevranka
PramodMaheshwari,rajeevranka
AjinkyaLatkar,rajeevranka
NIPUNKHEMKA,rajeevranka
RBhardwaj,rajeevranka
SarjanSatra,rajeevranka
KhushbooSadhwani,rajeevranka
IndrasenBhattacharya,rajeevranka
ArjunWadhawan,rajeevranka
SGoenka,rajeevranka
AarshPande,rajeevranka
UjjwalRaghuvanshi,rajeevranka
NivedanRathi,rajeevranka
AnilShanbhag,rajeevranka
SanyaChawla,rajeevranka
SanketPatel,rajeevranka
DeepshikhaAlha,rajeevranka
LohitaTurlapati,rajeevranka
kushjain,rajeevranka
JiteshDamani,rajeevranka
SrinivasNuti,rajeevranka
LavishOrdia,rajeevranka
HarshaMukherjee,rajeevranka
SharmaShreyas,rajeevranka
ShikharDaydar,rajeevranka
SaubhagyaSinghRathore,rajeevranka
ShainkiBagga,rajeevranka
TarunGangwar,rajeevranka
AmeekSingh,rajeevranka
AbdulRauf,rajeevranka
DeepakKumar,rajeevranka
SudarshanPrasanna,rajeevranka
NimishKhandelwal,rajeevranka
MohamadRidwan,rajeevranka
RishabhPatel,rajeevranka
VivekYadav3,rajeevranka
CivejJournal,rajeevranka
HarshitJain,rajeevranka
MAvasare,rajeevranka
HemantBansal,rajeevranka
KrishHirani,rajeevranka
AshutoshTripathi,rajeevranka
FaizanMohd,rajeevranka
VenkteshPandey,rajeevranka
DevendraGovil,rajeevranka
NitinSingh,rajeevranka
ParitoshSharma,rajeevranka
NamanSKothari,rajeevranka
MohitUppal,rajeevranka
RishabhKesarwani,rajeevranka
MaharshiYadav,rajeevranka
VaibhavTolia,rajeevranka
darshakbhuptani,SaubhagyaSinghRathore
AntarikshBothale,SaubhagyaSinghRathore
PoornaChandra,SaubhagyaSinghRathore
rashmichaudhary,SaubhagyaSinghRathore
KetavMehta,SaubhagyaSinghRathore
ArunabhSingh,SaubhagyaSinghRathore
SabareeshNikhilC,SaubhagyaSinghRathore
HarshMaheshwari,SaubhagyaSinghRathore
AbhishekTiwari,SaubhagyaSinghRathore
AbhijeetMukhekar,SaubhagyaSinghRathore
AnasuyaMandal,SaubhagyaSinghRathore
SarwarRizvi,SaubhagyaSinghRathore
AdityaShankar,SaubhagyaSinghRathore
PraveshKochar,SaubhagyaSinghRathore
RBhardwaj,SaubhagyaSinghRathore
JainAkshat,SaubhagyaSinghRathore
ManishKeshri,SaubhagyaSinghRathore
AnandLalwani,SaubhagyaSinghRathore
KaruneshJigyasu,SaubhagyaSinghRathore
SivaChaitanya,SaubhagyaSinghRathore
AmanChaudhary,SaubhagyaSinghRathore
SGoenka,SaubhagyaSinghRathore
RahulShinde1,SaubhagyaSinghRathore
NivedanRathi,SaubhagyaSinghRathore
EklavyaMahajan,SaubhagyaSinghRathore
PramodBhakhar,SaubhagyaSinghRathore
PrashantChandra,SaubhagyaSinghRathore
DeepshikhaAlha,SaubhagyaSinghRathore
AlankarSaxena,SaubhagyaSinghRathore
UtkarshAgarwal7,SaubhagyaSinghRathore
masrurtanjil,SaubhagyaSinghRathore
rajeevranka,SaubhagyaSinghRathore
JeetParekh,SaubhagyaSinghRathore
LavishOrdia,SaubhagyaSinghRathore
PratikDeogekar,SaubhagyaSinghRathore
ShikharDaydar,SaubhagyaSinghRathore
AmankantAmbesh,SaubhagyaSinghRathore
AbdulRauf,SaubhagyaSinghRathore
DeepakKumar,SaubhagyaSinghRathore
AbhishekNambiar,SaubhagyaSinghRathore
suryapratapbabar,SaubhagyaSinghRathore
CivejJournal,SaubhagyaSinghRathore
GauravSingh,SaubhagyaSinghRathore
MAvasare,SaubhagyaSinghRathore
HemantBansal,SaubhagyaSinghRathore
DivyankAgarwal,SaubhagyaSinghRathore
DineshKuruba,SaubhagyaSinghRathore
vaishakhr,SaubhagyaSinghRathore
SiddharthJha,SaubhagyaSinghRathore
VenkadeshAcrc,SaubhagyaSinghRathore
BrijeshKumar,SaubhagyaSinghRathore
VenkteshPandey,SaubhagyaSinghRathore
PriyadarshanSinghChauhan,SaubhagyaSinghRathore
RishabhKesarwani,SaubhagyaSinghRathore
MayankBendarkar,SaubhagyaSinghRathore
PavanSrinivas,SaubhagyaSinghRathore
VaibhavTolia,SaubhagyaSinghRathore
VinitKumar,SaubhagyaSinghRathore
ShikharSethi,SaubhagyaSinghRathore
JainRonak,SaubhagyaSinghRathore
EngrShoewu,manideepattanti
AntarikshBothale,manideepattanti
PoornaChandra,manideepattanti
VIPULSINGH,manideepattanti
MruthyunjayaRaoPadamata,manideepattanti
ArunabhSingh,manideepattanti
SabareeshNikhilC,manideepattanti
SumanRao,manideepattanti
NehaInnanje,manideepattanti
AbhishekTiwari,manideepattanti
AnasuyaMandal,manideepattanti
RBhardwaj,manideepattanti
AbhishekKejriwal,manideepattanti
AamerKhan5,manideepattanti
prudhvitejimmadi,manideepattanti
RahulShinde1,manideepattanti
AdityaLalwani,manideepattanti
PararthShah,manideepattanti
MudeRajuNaik,manideepattanti
RohanKhadatkar,manideepattanti
AnilShanbhag,manideepattanti
PleasaAbraham,manideepattanti
AnkitAgarwal11,manideepattanti
KSaiRam,manideepattanti
PriyankaArya,manideepattanti
SharjeelImam,manideepattanti
SampathSatti,manideepattanti
SrinivasNuti,manideepattanti
RahulMaganti,manideepattanti
ShankarBhukya,manideepattanti
NikunjSaunshi,manideepattanti
GunthakantiShivaReddy,manideepattanti
AmankantAmbesh,manideepattanti
AbdulRauf,manideepattanti
SachinChandra,manideepattanti
UpasanaHembram,manideepattanti
GautamSumu,manideepattanti
VamsiKrishna,manideepattanti
SanchitDeshmukh,manideepattanti
RohitGoyal,manideepattanti
RishabhPatel,manideepattanti
MedaTeja,manideepattanti
SaranSrikanth,manideepattanti
DineshKuruba,manideepattanti
SanchitMittal,manideepattanti
CharanGajjela,manideepattanti
sampathvoleti,manideepattanti
SaketTiwari,manideepattanti
AnushaKolli,manideepattanti
SathwikAkula,manideepattanti
GrKumar,manideepattanti
PriyankChhipa,manideepattanti
SriharshaGajarla,manideepattanti
SandeepChikkala,manideepattanti
AakashNS,manideepattanti
ShaileshAppukuttan,manideepattanti
JoseAnitt,manideepattanti
PranoyTez,manideepattanti
AnuragMeena1,manideepattanti
RahulSharma171,manideepattanti
AntarikshBothale,PraveenPendyala
PoornaChandra,PraveenPendyala
VIPULSINGH,PraveenPendyala
PranushaManthri,PraveenPendyala
KetavMehta,PraveenPendyala
ArunabhSingh,PraveenPendyala
SumanRao,PraveenPendyala
NehaInnanje,PraveenPendyala
AbhishekTiwari,PraveenPendyala
AbhijeetMukhekar,PraveenPendyala
AnasuyaMandal,PraveenPendyala
PraveshKochar,PraveenPendyala
RBhardwaj,PraveenPendyala
ManishKeshri,PraveenPendyala
AditiJain2,PraveenPendyala
AvishekDan,PraveenPendyala
AnandLalwani,PraveenPendyala
AlankarJain,PraveenPendyala
SarjanSatra,PraveenPendyala
KhushbooSadhwani,PraveenPendyala
AkankshaThawani,PraveenPendyala
RachitAggarwal,PraveenPendyala
RahulShinde1,PraveenPendyala
ShibaniSanturkar,PraveenPendyala
AbhishekPadmanabhan,PraveenPendyala
RaunakKudesia,PraveenPendyala
NivedanRathi,PraveenPendyala
AnilShanbhag,PraveenPendyala
PrashantChandra,PraveenPendyala
sudheerkatta,PraveenPendyala
PriyankaArya,PraveenPendyala
SampathSatti,PraveenPendyala
PrafulPatil,PraveenPendyala
KeshavKumar,PraveenPendyala
ShikharDaydar,PraveenPendyala
RathnadeepKanaparthi,PraveenPendyala
MeenakshiTripathi,PraveenPendyala
AkshatKharaya,PraveenPendyala
RakshithShetty,PraveenPendyala
DeepakKumar,PraveenPendyala
DasArchana,PraveenPendyala
AkshayTiwari4,PraveenPendyala
SachinChandra,PraveenPendyala
BhanuVikas,PraveenPendyala
EbrahimMSonghori,PraveenPendyala
ReddyManish,PraveenPendyala
RohitMangal,PraveenPendyala
OmsaiAyyappa,PraveenPendyala
rgeesa,PraveenPendyala
PhanikumarChamarthi,PraveenPendyala
HemaliShah,PraveenPendyala
PawanBabel,PraveenPendyala
AshutoshGupta,PraveenPendyala
SaurabhSuman,PraveenPendyala
PushkarPandit,PraveenPendyala
SriharshaGajarla,PraveenPendyala
DineshCyanam,PraveenPendyala
VadhriBharadwaj,PraveenPendyala
JoseAnitt,PraveenPendyala
PrannoyMupparaju,PraveenPendyala
VIPULSINGH,DineshKuruba
rashmichaudhary,DineshKuruba
PranushaManthri,DineshKuruba
KetavMehta,DineshKuruba
ArunabhSingh,DineshKuruba
SabareeshNikhilC,DineshKuruba
SumanRao,DineshKuruba
PraveshKochar,DineshKuruba
ManishKeshri,DineshKuruba
KaruneshJigyasu,DineshKuruba
SarjanSatra,DineshKuruba
KhushbooSadhwani,DineshKuruba
AkankshaThawani,DineshKuruba
SajanSankaran,DineshKuruba
RachitAggarwal,DineshKuruba
RiddhishBhalodia,DineshKuruba
MayankLodha,DineshKuruba
AmanChaudhary,DineshKuruba
RahulShinde1,DineshKuruba
CoralChatterjee,DineshKuruba
ShivanjaliYadav,DineshKuruba
ShibaniSanturkar,DineshKuruba
MudeRajuNaik,DineshKuruba
AnkitAgarwal11,DineshKuruba
RashmiChoudhary3,DineshKuruba
PrashantChandra,DineshKuruba
DeepshikhaAlha,DineshKuruba
PiyushDayani,DineshKuruba
sudheerkatta,DineshKuruba
ShashankShekhar,DineshKuruba
ChiragJha2,DineshKuruba
PriyankaArya,DineshKuruba
SampathSatti,DineshKuruba
SrinivasNuti,DineshKuruba
ShrutiRanjan,DineshKuruba
RahulMaganti,DineshKuruba
YaditiRangari,DineshKuruba
SaubhagyaSinghRathore,DineshKuruba
NikunjSaunshi,DineshKuruba
DevangAgrawal,DineshKuruba
manideepattanti,DineshKuruba
AmankantAmbesh,DineshKuruba
AbdulRauf,DineshKuruba
DeepakKumar,DineshKuruba
SudarshanPrasanna,DineshKuruba
UpasanaHembram,DineshKuruba
GautamSumu,DineshKuruba
VamsiKrishna,DineshKuruba
RishabhPatel,DineshKuruba
HemantBansal,DineshKuruba
APanchal,DineshKuruba
kusabhaigarasiya,DineshKuruba
NitinSingh,DineshKuruba
KiranKarol,DineshKuruba
CharanGajjela,DineshKuruba
NaveenHiMthani,DineshKuruba
sampathvoleti,DineshKuruba
RishabhKesarwani,DineshKuruba
SaketTiwari,DineshKuruba
HemaliShah,DineshKuruba
AntarikshBothale,KrishHirani
VIPULSINGH,KrishHirani
PranayBhatia,KrishHirani
KetavMehta,KrishHirani
AkvilSakhare,KrishHirani
AkhilTak,KrishHirani
AjinkyaLatkar,KrishHirani
RBhardwaj,KrishHirani
SarjanSatra,KrishHirani
AbhishekKejriwal,KrishHirani
KhushbooSadhwani,KrishHirani
AkankshaThawani,KrishHirani
IndrasenBhattacharya,KrishHirani
MayankLodha,KrishHirani
deekshasinha,KrishHirani
NidhiShanbhag,KrishHirani
NivedanRathi,KrishHirani
SanketPatel,KrishHirani
DeepshikhaAlha,KrishHirani
kushjain,KrishHirani
NEERAJTOSHNIWAL,KrishHirani
AyushChandak,KrishHirani
rajeevranka,KrishHirani
ShashwatGandhi,KrishHirani
YaditiRangari,KrishHirani
AnjaliSinghal,KrishHirani
ParthMuchhala,KrishHirani
VivekKhandelwal,KrishHirani
TarunGangwar,KrishHirani
AbdulRauf,KrishHirani
MaheshTikone,KrishHirani
NimishKhandelwal,KrishHirani
ShaunakDas,KrishHirani
PrageetSharma,KrishHirani
rohitsaraf,KrishHirani
AkshayShetty,KrishHirani
venkatreddyA,KrishHirani
AjinkyaSapkale,KrishHirani
YashaswiVerma,KrishHirani
RushabhDoshi,KrishHirani
AgarwalAnkit,KrishHirani
NitinSingh,KrishHirani
srimantamanna,KrishHirani
AshwiniJain,KrishHirani
AhutiDas,KrishHirani
VinitKumar,KrishHirani
SriharshaGajarla,KrishHirani
DhrubajyotiSamanta,KrishHirani
Kartikraj,KrishHirani
KherajChoudhary,KrishHirani
AnishGupta,KrishHirani
NikitaGupta1,KrishHirani
ashishshukla,KrishHirani
JainikShah,KrishHirani
PratikShende,KrishHirani
kapilsankhla,KrishHirani
DilnaBSreedhar,KrishHirani
SubhashPrajapat,KrishHirani
surendergoyal,KrishHirani
AnujSharma,KrishHirani
AntarikshBothale,AjinkyaSapkale
PoornaChandra,AjinkyaSapkale
VIPULSINGH,AjinkyaSapkale
rashmichaudhary,AjinkyaSapkale
PranushaManthri,AjinkyaSapkale
PranayBhatia,AjinkyaSapkale
KetavMehta,AjinkyaSapkale
ArunabhSingh,AjinkyaSapkale
AmritaKini,AjinkyaSapkale
SarwarRizvi,AjinkyaSapkale
AjinkyaLatkar,AjinkyaSapkale
TikenDeori,AjinkyaSapkale
RBhardwaj,AjinkyaSapkale
SaumyaMisra,AjinkyaSapkale
AnkitGoswami4,AjinkyaSapkale
SarjanSatra,AjinkyaSapkale
AbhishekKejriwal,AjinkyaSapkale
AkankshaThawani,AjinkyaSapkale
SajanSankaran,AjinkyaSapkale
VarunDhadke,AjinkyaSapkale
SGoenka,AjinkyaSapkale
AbhinavChikhalkar,AjinkyaSapkale
SabarniSen,AjinkyaSapkale
RadhaMadhuri,AjinkyaSapkale
RohanKhadatkar,AjinkyaSapkale
SanketPatel,AjinkyaSapkale
KumarHarshita,AjinkyaSapkale
ShipraAgrawal,AjinkyaSapkale
DeekshaChugh,AjinkyaSapkale
AmarDungdung,AjinkyaSapkale
kushjain,AjinkyaSapkale
AdityaPrakash,AjinkyaSapkale
NEERAJTOSHNIWAL,AjinkyaSapkale
GauravKumar,AjinkyaSapkale
SrinivasNuti,AjinkyaSapkale
JoeKochitty,AjinkyaSapkale
SubirRoy,AjinkyaSapkale
AvinashUnni,AjinkyaSapkale
ShodhanSanjeev,AjinkyaSapkale
AkshatKharaya,AjinkyaSapkale
TarunGangwar,AjinkyaSapkale
RohitKasliwal,AjinkyaSapkale
TridipDas1,AjinkyaSapkale
DeepakKumar,AjinkyaSapkale
DasArchana,AjinkyaSapkale
UnmilHulke,AjinkyaSapkale
NimishKhandelwal,AjinkyaSapkale
RishabhPatel,AjinkyaSapkale
VivekYadav3,AjinkyaSapkale
PrageetSharma,AjinkyaSapkale
NileshPatil,AjinkyaSapkale
KrishHirani,AjinkyaSapkale
SaloniSinha,AjinkyaSapkale
RanjeetSinghBanthiya,AjinkyaSapkale
RaviKant47,AjinkyaSapkale
MehtaAkash,AjinkyaSapkale
PriyankChhipa,AjinkyaSapkale
SriharshaGajarla,AjinkyaSapkale
MohitMeena,AjinkyaSapkale
ManishYadav,AjinkyaSapkale
UmaSankarReddyChintha,RupeshSiddartha
paspureddivenkatesh,RupeshSiddartha
chaitanyacsv,RupeshSiddartha
SaivivekBheemanathini,RupeshSiddartha
NilanjanChaudhuri,RupeshSiddartha
GunjanSingh17,RupeshSiddartha
bharathreddy,RupeshSiddartha
DanishRefai,RupeshSiddartha
sriharshamadala,RupeshSiddartha
amrutSA,RupeshSiddartha
RangaVardhan,RupeshSiddartha
pavankumarreddy7,RupeshSiddartha
VineetDontamsetty,RupeshSiddartha
SriharshaGajarla,RupeshSiddartha
RajeshChenna,RupeshSiddartha
PittaAbhinai,RupeshSiddartha
SiddharthaPuligilla,RupeshSiddartha
ShikhilGupta,RupeshSiddartha
PriyotoshDas,RupeshSiddartha
PraveenSingh,RupeshSiddartha
ArunKumar,RupeshSiddartha
OmReddy,RupeshSiddartha
HimanshuVerma,RupeshSiddartha
,RupeshSiddartha
DheemanthKatnapelly,RupeshSiddartha
PrashantkumarSingh,RupeshSiddartha
RakeshBaddam,RupeshSiddartha
PendyalaChandrasekhar,RupeshSiddartha
SSwarajReddy,RupeshSiddartha
DheerajReddy,RupeshSiddartha
KalyanKirti,RupeshSiddartha
SaiRamReddy2,RupeshSiddartha
ShivaThota,RupeshSiddartha
AmitSonwani,RupeshSiddartha
AbhishaRakshit,RupeshSiddartha
SankalpKamble,RupeshSiddartha
KiranReddy12,RupeshSiddartha
hsetinerahas,RupeshSiddartha
SaurabhTiwari1,RupeshSiddartha
BalaKrishna13,RupeshSiddartha
GauravAudil,RupeshSiddartha
MaheshKumar,RupeshSiddartha
RajasekharGurugubelli,RupeshSiddartha
SrikanthReddy,RupeshSiddartha
SandeepAkula,RupeshSiddartha
ChandrahasGajarla,RupeshSiddartha
varunT,RupeshSiddartha
AjayArun,RupeshSiddartha
SandySandesh,RupeshSiddartha
HarishKarnay,RupeshSiddartha
AbhishekGulavani,RupeshSiddartha
SamhithReddy,RupeshSiddartha
RajanishPatel,RupeshSiddartha
SubhashPvrc,RupeshSiddartha
SaikumarKadem,RupeshSiddartha
NiteshVerma,RupeshSiddartha
MuppidivijaykumaReddy,RupeshSiddartha
RahulDasari,RupeshSiddartha
mehertejareddy,RupeshSiddartha
ShaliniDeo,RupeshSiddartha
SabareeshNikhilC,PhanikumarChamarthi
VikasPandey,PhanikumarChamarthi
prudhvitejimmadi,PhanikumarChamarthi
AjitGhodke,PhanikumarChamarthi
PraveenPendyala,PhanikumarChamarthi
kumar,PhanikumarChamarthi
SureshR,PhanikumarChamarthi
ShafeeqElanattil,PhanikumarChamarthi
KrishnaKumarK,PhanikumarChamarthi
SGoud,PhanikumarChamarthi
SriharshaGajarla,PhanikumarChamarthi
DeepakBaby,PhanikumarChamarthi
AshishG2,PhanikumarChamarthi
GauravTendolkar,PhanikumarChamarthi
MakarandKane,PhanikumarChamarthi
NareshNalajala,PhanikumarChamarthi
AshokRay,PhanikumarChamarthi
SudhakarBakki,PhanikumarChamarthi
JakkaVenkat,PhanikumarChamarthi
BhadradriKadali,PhanikumarChamarthi
YajjuvarapuSatyanarayana,PhanikumarChamarthi
AbhinavKumarKakulamarri,PhanikumarChamarthi
VemulaBabu,PhanikumarChamarthi
ThyagarajanRc,PhanikumarChamarthi
ShewanDebretsion,PhanikumarChamarthi
AjayMaurya,PhanikumarChamarthi
VenkatSarangi,PhanikumarChamarthi
rajasekhar,PhanikumarChamarthi
AshokKumarVangaveeti,PhanikumarChamarthi
kamlendrachandra,PhanikumarChamarthi
AbhijeetGhadge,PhanikumarChamarthi
DeepakKaranth,PhanikumarChamarthi
MadhuTangudu,PhanikumarChamarthi
AdariRamaBhadraRao,PhanikumarChamarthi
RameshAkula,PhanikumarChamarthi
KsNataraj,PhanikumarChamarthi
,PhanikumarChamarthi
BhukyaMangu,PhanikumarChamarthi
SiddheshShinde6,PhanikumarChamarthi
DevendraPatil14,PhanikumarChamarthi
VandanaRallabandi,PhanikumarChamarthi
KumarR,PhanikumarChamarthi
DeshmukhRamesh,PhanikumarChamarthi
CalebRonaldMunigety,PhanikumarChamarthi
RenukanandaKambadahallyHalappa,PhanikumarChamarthi
AdityaDeshmukh8,PhanikumarChamarthi
KiranKumarEranki,PhanikumarChamarthi
KranthiNaik,PhanikumarChamarthi
ManojChirna,PhanikumarChamarthi
KameshPedada,PhanikumarChamarthi
TejaKumar2,PhanikumarChamarthi
KanigantiRaj,PhanikumarChamarthi
MonalisaDebata,PhanikumarChamarthi
KulbhushanPatariya,PhanikumarChamarthi
MullapudiKamesh,PhanikumarChamarthi
SriramSomanchi,PhanikumarChamarthi
NagulmeeraShaik,PhanikumarChamarthi
RahulBirari,PhanikumarChamarthi
ChanduBanoth,PhanikumarChamarthi
PranavDarji,PhanikumarChamarthi
AntarikshBothale,DebrajBasu
SumanRao,DebrajBasu
HarshMaheshwari,DebrajBasu
AnandLalwani,DebrajBasu
ParthasarathiPanda,DebrajBasu
AmanChaudhary,DebrajBasu
MansiSood,DebrajBasu
ShashankSrivastava4,DebrajBasu
RashmiChoudhary3,DebrajBasu
VibhuGupta,DebrajBasu
UtkarshAgarwal7,DebrajBasu
ChiragJha2,DebrajBasu
AshwinKhadke,DebrajBasu
JeetParekh,DebrajBasu
PulkitKatdare,DebrajBasu
AvinaashAnand,DebrajBasu
VivekPandit,DebrajBasu
PrabarnaGanguly,DebrajBasu
CDedhia,DebrajBasu
AnkurMallick,DebrajBasu
PushkarDongare,DebrajBasu
ParidhiGulati,DebrajBasu
SiddharthJha,DebrajBasu
MeetShah7,DebrajBasu
IJMEjournal,DebrajBasu
ArpitGupta,DebrajBasu
ArpitPalod,DebrajBasu
RahulPrajapat,DebrajBasu
PavanHebbar,DebrajBasu
PawanKumar,DebrajBasu
GuptaAnuraj,DebrajBasu
AyushDatta,DebrajBasu
NikunjMalpani,DebrajBasu
YashrajBhosale,DebrajBasu
AviroopGhosal,DebrajBasu
ChaudhariNilashri,DebrajBasu
bhushanjain,DebrajBasu
EishaNair,DebrajBasu
KangheeYoo,DebrajBasu
ShoryaConsul,DebrajBasu
ShouradipRoy,DebrajBasu
DevangThakkar,DebrajBasu
AkshaySinha2,DebrajBasu
ChandraMaloo,DebrajBasu
KaranChadha,DebrajBasu
HarshPancholi,DebrajBasu
ShrutiShyam,DebrajBasu
DsouzaLeanne,DebrajBasu
NisargShah,DebrajBasu
RasshmiSinhaa,DebrajBasu
JagratKhandelwal,DebrajBasu
ChahalNeema,DebrajBasu
MShah,DebrajBasu
SushrutMarathe,DebrajBasu
SheelNidhan,DebrajBasu
ArshdeepDuggal,DebrajBasu
YashABaley,DebrajBasu
MrinalgoudaPatil,DebrajBasu
MathewsAnn,DebrajBasu
AyushHinger,DebrajBasu
VIPULSINGH,AnirudhDonthireddy
ArunabhSingh,AnirudhDonthireddy
SabareeshNikhilC,AnirudhDonthireddy
NehaInnanje,AnirudhDonthireddy
prudhvitejimmadi,AnirudhDonthireddy
SudheerVazrapu,AnirudhDonthireddy
MeghanaReddy,AnirudhDonthireddy
AnilShanbhag,AnirudhDonthireddy
KANCHIGUPTA1,AnirudhDonthireddy
sudheerkatta,AnirudhDonthireddy
SharjeelImam,AnirudhDonthireddy
SampathSatti,AnirudhDonthireddy
SrinivasNuti,AnirudhDonthireddy
RahulMaganti,AnirudhDonthireddy
RatanRahul,AnirudhDonthireddy
NikunjSaunshi,AnirudhDonthireddy
manideepattanti,AnirudhDonthireddy
AbdulRauf,AnirudhDonthireddy
SachinChandra,AnirudhDonthireddy
SatyaSamyukta,AnirudhDonthireddy
GautamSumu,AnirudhDonthireddy
VamsiKrishna,AnirudhDonthireddy
ReddyIndu,AnirudhDonthireddy
RishabhPatel,AnirudhDonthireddy
BhanuVikas,AnirudhDonthireddy
DineshKuruba,AnirudhDonthireddy
CharanGajjela,AnirudhDonthireddy
sampathvoleti,AnirudhDonthireddy
SaketTiwari,AnirudhDonthireddy
SathwikAkula,AnirudhDonthireddy
PriyankChhipa,AnirudhDonthireddy
SriharshaGajarla,AnirudhDonthireddy
AnimeshJayant,AnirudhDonthireddy
AakashNS,AnirudhDonthireddy
JashwanthReddy,AnirudhDonthireddy
BodhiVani,AnirudhDonthireddy
HareeshVutla,AnirudhDonthireddy
VarunBairaboina,AnirudhDonthireddy
SantoshPaidi,AnirudhDonthireddy
TarunSahu,AnirudhDonthireddy
DhatrikaYashu,AnirudhDonthireddy
ReddyMedha,AnirudhDonthireddy
DhirajKumarSittu,AnirudhDonthireddy
AbhilashReddy,AnirudhDonthireddy
RamyaReddy8,AnirudhDonthireddy
ShashiVuppala,AnirudhDonthireddy
YashasviAlladi,AnirudhDonthireddy
VinodReddy,AnirudhDonthireddy
VivekKadari,AnirudhDonthireddy
KumarShiva,AnirudhDonthireddy
IndiraReddy,AnirudhDonthireddy
PiyushChandra,AnirudhDonthireddy
uttamsikaria,SrinivasGunti
AAgarwal,SrinivasGunti
AdityaRaj,SrinivasGunti
VarunManthapuri,SrinivasGunti
HimanthNerusu,SrinivasGunti
AnkitaPaliwal,SrinivasGunti
SreeHarshaKaza,SrinivasGunti
RaghavendraMohan,SrinivasGunti
SrinivasVarma1,SrinivasGunti
PraveenKothari,SrinivasGunti
AnupamJena,SrinivasGunti
SaptadeepPal,SrinivasGunti
GokulnathReddy,SrinivasGunti
gopinathrongali,SrinivasGunti
RajeshKumar,SrinivasGunti
SathyaNarayanan,SrinivasGunti
NiharikaChatla,SrinivasGunti
AshishSingh1,SrinivasGunti
RajaSekhar78,SrinivasGunti
SriharshaGajarla,SrinivasGunti
ChandrakantKumarNirala,SrinivasGunti
PranavTadla,SrinivasGunti
SnehaVadlapatla,SrinivasGunti
KrishnaMohanRoy,SrinivasGunti
SayanChakraborty11,SrinivasGunti
PandeyKumar,SrinivasGunti
AnweshSinhaRay,SrinivasGunti
ChaitanyaChandra,SrinivasGunti
NagaHitesh,SrinivasGunti
KanwarKakkar,SrinivasGunti
SundeepCheruku,SrinivasGunti
AnandKumarMishra,SrinivasGunti
VenkateshRajavarapu,SrinivasGunti
AbhisiktaRoy,SrinivasGunti
SagerTom,SrinivasGunti
HarshavardhanShinde,SrinivasGunti
DeepakKumar430,SrinivasGunti
DasharathSandolla,SrinivasGunti
AnkitJain14,SrinivasGunti
vrahul12,SrinivasGunti
ManabendraPathak,SrinivasGunti
SKoyya,SrinivasGunti
VinodDosapati,SrinivasGunti
ChandraMohan47,SrinivasGunti
NitishChandramouli,SrinivasGunti
RajeevReddy,SrinivasGunti
VidhishChowhan,SrinivasGunti
AmarendraSingh,SrinivasGunti
AntarikshBothale,PalashSashittal
VIPULSINGH,PalashSashittal
ArunabhSingh,PalashSashittal
SabareeshNikhilC,PalashSashittal
SumanRao,PalashSashittal
NehaInnanje,PalashSashittal
AnasuyaMandal,PalashSashittal
KaruneshJigyasu,PalashSashittal
ParulMaheshwari,PalashSashittal
MrugankBhatt,PalashSashittal
DaminiRathi,PalashSashittal
sudheerkatta,PalashSashittal
RishabhBajaj,PalashSashittal
VikramRathore,PalashSashittal
YeshwanthReddy,PalashSashittal
SrinivasNuti,PalashSashittal
PrafulPatil,PalashSashittal
LavishOrdia,PalashSashittal
RahulMaganti,PalashSashittal
VivekSaraswat,PalashSashittal
SmrutiMirani,PalashSashittal
SudarshanPrasanna,PalashSashittal
BharatTak,PalashSashittal
KrutarthPatel,PalashSashittal
ChetanGupta,PalashSashittal
ArinjayVyas,PalashSashittal
KushanGajjar,PalashSashittal
OmPatel,PalashSashittal
SaurabhVashist,PalashSashittal
SriharshaGajarla,PalashSashittal
RaunakBhattacharyya,PalashSashittal
AbhishekShah,PalashSashittal
BodhiVani,PalashSashittal
AkshaySoni,PalashSashittal
ShivangTrivedi,PalashSashittal
ShashankPatidar,PalashSashittal
VaibhavKumar2,PalashSashittal
UdayanPrajapati,PalashSashittal
AnkushSindol,PalashSashittal
pawanchaugule,PalashSashittal
ShrawanKumar5,PalashSashittal
RoshanHansdah,PalashSashittal
PANKAJJAISWAL,PalashSashittal
ShyamShah,PalashSashittal
ShivalikHarleenKourRaina,PalashSashittal
ShomitGoyal,PalashSashittal
AtulNipane,PalashSashittal
JavedNagarji,PalashSashittal
PranayBhatia,SubhashPrajapat
SabareeshNikhilC,SubhashPrajapat
NehaInnanje,SubhashPrajapat
rupinder,SubhashPrajapat
SarjanSatra,SubhashPrajapat
SayantaniLala,SubhashPrajapat
RahulShinde1,SubhashPrajapat
NivedanRathi,SubhashPrajapat
EklavyaMahajan,SubhashPrajapat
PramodBhakhar,SubhashPrajapat
SrinivasNuti,SubhashPrajapat
rajeevranka,SubhashPrajapat
ShikharDaydar,SubhashPrajapat
SaubhagyaSinghRathore,SubhashPrajapat
AmankantAmbesh,SubhashPrajapat
TarunGangwar,SubhashPrajapat
AbdulRauf,SubhashPrajapat
MadhavaPerur,SubhashPrajapat
GautamSumu,SubhashPrajapat
SiddharthGupta2,SubhashPrajapat
SElumali,SubhashPrajapat
NeelamRathore,SubhashPrajapat
RishabhPatel,SubhashPrajapat
HemantBansal,SubhashPrajapat
ThinakaranElayappan,SubhashPrajapat
KrishHirani,SubhashPrajapat
VenkteshPandey,SubhashPrajapat
NitinSingh,SubhashPrajapat
AnshuShukla,SubhashPrajapat
RishabhKesarwani,SubhashPrajapat
VaibhavTolia,SubhashPrajapat
AshishKumarSingh,SubhashPrajapat
VinitKumar,SubhashPrajapat
SaurabhVashist,SubhashPrajapat
PriyankChhipa,SubhashPrajapat
SriharshaGajarla,SubhashPrajapat
VijayPrajapati1,SubhashPrajapat
AnuragMeena1,SubhashPrajapat
kapilsankhla,SubhashPrajapat
VikasMeena,SubhashPrajapat
RohitGupta,SubhashPrajapat
DeeptiPanchratna,SubhashPrajapat
BuddhiPrakash,SubhashPrajapat
MahipalMahipal,SubhashPrajapat
ShashankShekharRai,SubhashPrajapat
RajatArora19,SubhashPrajapat
GoyalRajat,SubhashPrajapat
jairamchandani,SubhashPrajapat
PoornaChandra,VarunBairaboina
VIPULSINGH,VarunBairaboina
RaviTejaPalla,VarunBairaboina
SabareeshNikhilC,VarunBairaboina
NehaInnanje,VarunBairaboina
AdityaShankar,VarunBairaboina
PraveshKochar,VarunBairaboina
prudhvitejimmadi,VarunBairaboina
RahulShinde1,VarunBairaboina
AsthaAgarwal,VarunBairaboina
sudheerkatta,VarunBairaboina
SampathSatti,VarunBairaboina
RahulMaganti,VarunBairaboina
PratikDeogekar,VarunBairaboina
NikunjSaunshi,VarunBairaboina
JosephMinami,VarunBairaboina
TejVaidya,VarunBairaboina
GunaPrasaad,VarunBairaboina
SachinChandra,VarunBairaboina
SatyaSamyukta,VarunBairaboina
ReddyIndu,VarunBairaboina
BhanuVikas,VarunBairaboina
kusabhaigarasiya,VarunBairaboina
AshishSV,VarunBairaboina
AshokVardhan,VarunBairaboina
NitinSingh,VarunBairaboina
RanjeetSinghBanthiya,VarunBairaboina
NallanthighalVenkataSrikanth,VarunBairaboina
AshishKumarSingh,VarunBairaboina
SriharshaGajarla,VarunBairaboina
SnehaVadlapatla,VarunBairaboina
HareeshVutla,VarunBairaboina
RipanDutta,VarunBairaboina
SumitBhagat,VarunBairaboina
AnirudhDonthireddy,VarunBairaboina
SruteeshKumar,VarunBairaboina
AkshayJoshi,VarunBairaboina
SahanPk,VarunBairaboina
AkshatKadam,VarunBairaboina
ReddyMedha,VarunBairaboina
PillaKrishna,VarunBairaboina
VinodReddy,VarunBairaboina
CarolineBasso,VarunBairaboina
SKedas,VarunBairaboina
PranshulAgrawal,VarunBairaboina
AntarikshBothale,SantoshPaidi
VIPULSINGH,SantoshPaidi
ArunabhSingh,SantoshPaidi
NehaInnanje,SantoshPaidi
AnasuyaMandal,SantoshPaidi
RachitAggarwal,SantoshPaidi
AshwinKrishnan1,SantoshPaidi
RahulShinde1,SantoshPaidi
AnilShanbhag,SantoshPaidi
PrashantChandra,SantoshPaidi
SampathSatti,SantoshPaidi
AshwinBarmade,SantoshPaidi
SriVamsiMatta,SantoshPaidi
AbdulRauf,SantoshPaidi
GautamSumu,SantoshPaidi
ManishRao,SantoshPaidi
VineelGrandhi,SantoshPaidi
MonishSadaram,SantoshPaidi
MayurSrinivasan,SantoshPaidi
APanchal,SantoshPaidi
JithuWilson,SantoshPaidi
AmrutaBhavaraju,SantoshPaidi
MohammadAkram,SantoshPaidi
OmPatel,SantoshPaidi
SriharshaGajarla,SantoshPaidi
AakashNS,SantoshPaidi
JoseAnitt,SantoshPaidi
DamacharlaSnehankita,SantoshPaidi
AnirudhDonthireddy,SantoshPaidi
BharathLokireddy,SantoshPaidi
NeerajMalpani,SantoshPaidi
MohitVerma12,SantoshPaidi
SandeepYogi,SantoshPaidi
KVAdityaPrakash,SantoshPaidi
SatishwarKedas,SantoshPaidi
IshaanBaliwada,SantoshPaidi
KotaTejaswi,SantoshPaidi
EbinBenny,SantoshPaidi
JayaRam10,SantoshPaidi
NarendraSingh11,SantoshPaidi
ImranHussain,SantoshPaidi
VishuMahajan,SantoshPaidi
HarshChandrakar,SantoshPaidi
ShrikantShelke,SantoshPaidi
NehaKumari30,SantoshPaidi
AntarikshBothale,VivekKumar91
PoornaChandra,VivekKumar91
VIPULSINGH,VivekKumar91
rashmichaudhary,VivekKumar91
SumanRao,VivekKumar91
NehaInnanje,VivekKumar91
AbhijeetMukhekar,VivekKumar91
ChristopheAvon,VivekKumar91
ChristianGjrret,VivekKumar91
PraveshKochar,VivekKumar91
AnuragDubey6,VivekKumar91
RachitAggarwal,VivekKumar91
RahulShinde1,VivekKumar91
ShivanjaliYadav,VivekKumar91
AkashSood,VivekKumar91
AnilShanbhag,VivekKumar91
PrashantChandra,VivekKumar91
VivekKumar30,VivekKumar91
SampathSatti,VivekKumar91
HarshPareek,VivekKumar91
AnkitRana,VivekKumar91
SiddharthSarangdhar,VivekKumar91
VishalKhatri,VivekKumar91
BharatTak,VivekKumar91
NehaAgarwal,VivekKumar91
DhruvGupta,VivekKumar91
ThammisettyDevakumar,VivekKumar91
APanchal,VivekKumar91
NeelMehta,VivekKumar91
MuditJain,VivekKumar91
AbhishekBhowmick,VivekKumar91
MritunjayKumar,VivekKumar91
SriharshaGajarla,VivekKumar91
JayantPatil,VivekKumar91
GSaiJaideep,VivekKumar91
GauravKumar,VivekKumar91
NishantKumar48,VivekKumar91
,VivekKumar91
ShyamRaj4,VivekKumar91
FirojAnsari,VivekKumar91
ShubhamKumar,VivekKumar91
BaranwalSaurav,VivekKumar91
RajNilay,VivekKumar91
PoornaChandra,TarunSahu
uttamsikaria,TarunSahu
VIPULSINGH,TarunSahu
KetavMehta,TarunSahu
SabareeshNikhilC,TarunSahu
SumanRao,TarunSahu
AbhishekTiwari,TarunSahu
KaruneshJigyasu,TarunSahu
AlankarJain,TarunSahu
AbhishekKejriwal,TarunSahu
RahulShinde1,TarunSahu
PrashantChandra,TarunSahu
DeepshikhaAlha,TarunSahu
SampathSatti,TarunSahu
SaubhagyaSinghRathore,TarunSahu
PradeepSatya,TarunSahu
manideepattanti,TarunSahu
DeepakKumar,TarunSahu
UpasanaHembram,TarunSahu
GautamSumu,TarunSahu
DineshKuruba,TarunSahu
sampathvoleti,TarunSahu
SaketTiwari,TarunSahu
NeelShah,TarunSahu
VaibhavTolia,TarunSahu
SaurabhSuman,TarunSahu
PriyankChhipa,TarunSahu
SriharshaGajarla,TarunSahu
RaviTejGunisetty,TarunSahu
JoseAnitt,TarunSahu
AnirudhDonthireddy,TarunSahu
bhaskaryadav,TarunSahu
TejasChaudhari,TarunSahu
AnilT,TarunSahu
RajasekharPotharaju,TarunSahu
RakeshRohit,TarunSahu
MadimiSamuel,TarunSahu
JoeSparks,TarunSahu
VineelRamanadula,TarunSahu
PrasanthKP1,TarunSahu
PriyankaBehera,TarunSahu
AamerKhan5,NiharGoli
SujithSam,NiharGoli
BennyMoses,NiharGoli
SrinivasNuti,NiharGoli
ShankarBhukya,NiharGoli
GunthakantiShivaReddy,NiharGoli
LeelaYanamaddi,NiharGoli
SaiRam,NiharGoli
PrithviDheeraj,NiharGoli
JayanthKumar,NiharGoli
GrKumar,NiharGoli
SriharshaGajarla,NiharGoli
SandeepChikkala,NiharGoli
HarshendarReddy,NiharGoli
KrishnasaiGudavalli,NiharGoli
AbhinavSardana,NiharGoli
KartikeyaSarma,NiharGoli
VivekChetty,NiharGoli
SahithGundeti,NiharGoli
VarunManikanta,NiharGoli
AbhijeetChimurkar,NiharGoli
RohitMinni,NiharGoli
RajeevKumar142,NiharGoli
SaiKrishna,NiharGoli
SuryaTheja,NiharGoli
RiteshSaluja,NiharGoli
vamshikrishna,NiharGoli
SantoshMsk,NiharGoli
SyedAmberIqbal,NiharGoli
DineshCh,NiharGoli
ReddyRuthvik,NiharGoli
KarthikKarwa,NiharGoli
SaiIndraneel,NiharGoli
VivekRedE,NiharGoli
KrishSai,NiharGoli
RanjanRahul,NiharGoli
SravanSai,NiharGoli
PawanGoyal1,NiharGoli
PoojaJanga,NiharGoli
GaneshSamdani,DheemanthKatnapelly
VelpuriBhargava,DheemanthKatnapelly
kiranmaibhamidi,DheemanthKatnapelly
RupeshSiddartha,DheemanthKatnapelly
SriharshaGajarla,DheemanthKatnapelly
MoodMohanChauhan,DheemanthKatnapelly
NavithaKoppula,DheemanthKatnapelly
NirvikSen,DheemanthKatnapelly
KarthikReddy45,DheemanthKatnapelly
PhaniMylavarapu,DheemanthKatnapelly
KarkaSwetha,DheemanthKatnapelly
MohitaVadrevu,DheemanthKatnapelly
BhuvanBoddepalli,DheemanthKatnapelly
SeshuSuravaram,DheemanthKatnapelly
TabithaChekuri,DheemanthKatnapelly
AndeChennaiah,DheemanthKatnapelly
GreeshmaDannana,DheemanthKatnapelly
ShashankMsk,DheemanthKatnapelly
DivyaMula,DheemanthKatnapelly
NaveenMahenderkar,DheemanthKatnapelly
SravyaRaaga,DheemanthKatnapelly
UpendraPunnana,DheemanthKatnapelly
RamsRamReddy,DheemanthKatnapelly
RanjithCh,DheemanthKatnapelly
RajaRao,DheemanthKatnapelly
ChandraShekharBesta,DheemanthKatnapelly
ArakondaAbhilash,DheemanthKatnapelly
anjaliregamdla,DheemanthKatnapelly
RashmithaPerambuduri,DheemanthKatnapelly
MeghanaGuduri,DheemanthKatnapelly
PremSamala,DheemanthKatnapelly
RavinderSamudrala,DheemanthKatnapelly
IbrahimYakubuSambo,DheemanthKatnapelly
HariTiwari,DheemanthKatnapelly
RahulShetty4,DheemanthKatnapelly
VIPULSINGH,TarakaSatishKumar
rashmichaudhary,TarakaSatishKumar
NehaInnanje,TarakaSatishKumar
NiyatiJhamaria,TarakaSatishKumar
SivaChaitanya,TarakaSatishKumar
RachitAggarwal,TarakaSatishKumar
RahulShinde1,TarakaSatishKumar
PrashantChandra,TarakaSatishKumar
SampathSatti,TarakaSatishKumar
PrafulPatil,TarakaSatishKumar
manideepattanti,TarakaSatishKumar
DeepakKumar,TarakaSatishKumar
SudarshanPrasanna,TarakaSatishKumar
PraveenPendyala,TarakaSatishKumar
SoheilaBostanshirin,TarakaSatishKumar
AbhishekKumar,TarakaSatishKumar
BharadwajRallabandi,TarakaSatishKumar
ManojMunna,TarakaSatishKumar
PrudhviMohan,TarakaSatishKumar
SriharshaGajarla,TarakaSatishKumar
ShaileshVedula,TarakaSatishKumar
SunilKhayur,TarakaSatishKumar
SrikarBodla,TarakaSatishKumar
SaketGuddeti,TarakaSatishKumar
ChandraKanth,TarakaSatishKumar
VinodReddy15,TarakaSatishKumar
YeshwanthReddy,TarakaSatishKumar
TejasChaudhari,TarakaSatishKumar
KalyanSri,TarakaSatishKumar
SantoshReddy4,TarakaSatishKumar
ShashankTiwari1,TarakaSatishKumar
DivzzTdivya,TarakaSatishKumar
ReddySreekar,TarakaSatishKumar
deepakpathak,TarakaSatishKumar
SaiKrishna,GnanaVikas
RatanRahul,GnanaVikas
PurneshSairam,GnanaVikas
rajaajay37,GnanaVikas
GunjeshSingh,GnanaVikas
SaiKrishnaKanthHari,GnanaVikas
ReddyAvinash,GnanaVikas
DineshGoundla,GnanaVikas
SriharshaGajarla,GnanaVikas
KashyapMurthy,GnanaVikas
KranthiKumar,GnanaVikas
VISHALGJ,GnanaVikas
SaiKrishna65,GnanaVikas
RamuYoganand,GnanaVikas
KaushikKandukuri,GnanaVikas
phanichandraBarla,GnanaVikas
VaranasiOmkar,GnanaVikas
SureshSai,GnanaVikas
SaiRam54,GnanaVikas
UmaGude,GnanaVikas
SandeepGujjeti,GnanaVikas
PrashanthBhargav,GnanaVikas
YashwanthDevireddy,GnanaVikas
ManognaSindhusha,GnanaVikas
anirudhbhanuteja,GnanaVikas
PrashanthKodhumuri,GnanaVikas
AkhileshKumar,GnanaVikas
PashaDilshad,GnanaVikas
NikhilKashyap3,GnanaVikas
SureshKumar729,GnanaVikas
SaiSuryaIndraganti,GnanaVikas
SrinandanSarma,GnanaVikas
HarshaReddy28,GnanaVikas
VIPULSINGH,SachinShady
AkvilSakhare,SachinShady
SaranshSingh,SachinShady
RahulShinde1,SachinShady
AbhinavChikhalkar,SachinShady
ShibaniSanturkar,SachinShady
RaunakKudesia,SachinShady
NivedanRathi,SachinShady
PrashantChandra,SachinShady
VibhuGupta,SachinShady
SampathSatti,SachinShady
ShashwatGandhi,SachinShady
FebinKoyan,SachinShady
SmrutiMirani,SachinShady
MaheshTikone,SachinShady
SiddharthGupta2,SachinShady
UmangMathur,SachinShady
DurgaPrasad,SachinShady
ShaunakDas,SachinShady
PriyadarshanSinghChauhan,SachinShady
HusainManasawala,SachinShady
AnkitThakur,SachinShady
SaurabhSuman,SachinShady
SriharshaGajarla,SachinShady
JoseAnitt,SachinShady
SumitBhagat,SachinShady
NSingh,SachinShady
GopalGupta4,SachinShady
VikasHaritwal,SachinShady
AkbarTorkashvand,SachinShady
,SachinShady
RanjanMP,NTIJJOURNAL
LolitaNikolova,NTIJJOURNAL
AMaeir,NTIJJOURNAL
PankajSekhsaria,NTIJJOURNAL
GianPietroBasello,NTIJJOURNAL
shivanipandya,NTIJJOURNAL
FedericoGiusfredi,NTIJJOURNAL
PEFSCEA,NTIJJOURNAL
MohabattulZamanBukhari,NTIJJOURNAL
AsihMelati,NTIJJOURNAL
PaulIsaacHagouel,NTIJJOURNAL
OmidAkbarzadeh,NTIJJOURNAL
JuliaBest,NTIJJOURNAL
CarlosLobo,NTIJJOURNAL
FaiqotulChoiroh,NTIJJOURNAL
SantySan,NTIJJOURNAL
Sureshkumar,NTIJJOURNAL
LesterRodriguez,NTIJJOURNAL
RUlHaq,NTIJJOURNAL
RuggeredRamSaithan,NTIJJOURNAL
SouvikGhosh,NTIJJOURNAL
InternationalJournalofAdvancesinMaterialsScienceandEngineeringIJAMSE,NTIJJOURNAL
AlaaAbouElhamd,NTIJJOURNAL
mahmoudhafiz,NTIJJOURNAL
ReshmiDey,NTIJJOURNAL
KaremELsayed,NTIJJOURNAL
ShantilalMehetre,NTIJJOURNAL
AtiqueKhan,NTIJJOURNAL
ViniciusNascimento,NTIJJOURNAL
AartiChinky,NTIJJOURNAL
gopalram4,NTIJJOURNAL
AbdulRaufIbrahim1,NTIJJOURNAL
OMPRAKASHYADAV,NTIJJOURNAL
JournalANTJ,NTIJJOURNAL
PoornaChandra,PiyushLakhmani
AnuragSharma,PiyushLakhmani
NehaInnanje,PiyushLakhmani
NiyatiJhamaria,PiyushLakhmani
RahulShinde1,PiyushLakhmani
AmanShah,PiyushLakhmani
SmrutiMirani,PiyushLakhmani
SiddharthGupta2,PiyushLakhmani
UmangMathur,PiyushLakhmani
DigvijayWadekar,PiyushLakhmani
RhythimaShinde,PiyushLakhmani
RohitJha,PiyushLakhmani
VallariGore,PiyushLakhmani
ShovenMehta,PiyushLakhmani
UtkarshChanchlani,PiyushLakhmani
SriharshaGajarla,PiyushLakhmani
JayantPatil,PiyushLakhmani
ShivamGarg2,PiyushLakhmani
AnishGupta,PiyushLakhmani
PrasannaRawke,PiyushLakhmani
AkashRanjan,PiyushLakhmani
PoojaKaushik,PiyushLakhmani
SouravMandal2,PiyushLakhmani
AdityaKumarPraharaj,PiyushLakhmani
SreenathDama,PiyushLakhmani
VinayJuvekar,PiyushLakhmani
AbhishekMeena2,PiyushLakhmani
SudarshanKumar2,PiyushLakhmani
AananditaSingh,PiyushLakhmani
VindhyaDevalla,MadhuriNanduri
SriharshaGajarla,MadhuriNanduri
KusumaBuddhiraju,MadhuriNanduri
NandhithaSridhran,MadhuriNanduri
DivyaYerram,MadhuriNanduri
AnireddyVamshi,MadhuriNanduri
SaraswathiGangineni,MadhuriNanduri
SravanthiRao1,MadhuriNanduri
SharanyaVR,MadhuriNanduri
ARJUNM,MadhuriNanduri
VaranasiOmkar,MadhuriNanduri
AnushaVarma,MadhuriNanduri
SaiRahul,MadhuriNanduri
VamsikrishnaKvnr,MadhuriNanduri
NehaReddy7,MadhuriNanduri
BaluPatwari,MadhuriNanduri
GunaTeja,MadhuriNanduri
OmkarYadav2,MadhuriNanduri
KrishnaVaddepally,MadhuriNanduri
LalithyaVaranasi,MadhuriNanduri
LavanyaPadarthi,MadhuriNanduri
IshrainHussain,MadhuriNanduri
AnveshReddy,MadhuriNanduri
UdayPrince,MadhuriNanduri
DivyaRajasri,MadhuriNanduri
HimajaDevalla,MadhuriNanduri
SwapnaDhanwada,MadhuriNanduri
PurneshSairam,ManasaVoruganti
SriharshaGajarla,ManasaVoruganti
ViswanathKambhampaty,ManasaVoruganti
SowmyaKatragadda,ManasaVoruganti
MohikaSingh,ManasaVoruganti
AnushaVarma,ManasaVoruganti
RevanthReddy4,ManasaVoruganti
HabiburRahman,ManasaVoruganti
BaluPatwari,ManasaVoruganti
JyothirmaiNandibhatla,ManasaVoruganti
OmkarYadav2,ManasaVoruganti
RamReddy24,ManasaVoruganti
MehnazHussain,ManasaVoruganti
SVijay,ManasaVoruganti
RajaAshok,ManasaVoruganti
AbhishekKothakonda,ManasaVoruganti
PavanKumar156,ManasaVoruganti
RoshniChandana,ManasaVoruganti
RedZerin,ManasaVoruganti
BhargavaNaidu,ManasaVoruganti
VikasMudhigonda,ManasaVoruganti
YBura,ManasaVoruganti
SaiRapol,ManasaVoruganti
HyndaviPolisetti,ManasaVoruganti
KrishiTej,ManasaVoruganti
MakarandTembekar,ManasaVoruganti
MajedB,ManasaVoruganti
ChaitanyaKorra,YashwanthDevireddy
SomanaSarath,YashwanthDevireddy
KarthikReddy48,YashwanthDevireddy
RavitejaRavs,YashwanthDevireddy
SriharshaGajarla,YashwanthDevireddy
FawaadKhan,YashwanthDevireddy
SowmyaKatragadda,YashwanthDevireddy
RevathKireeti,YashwanthDevireddy
GnanaVikas,YashwanthDevireddy
nikilreddy2,YashwanthDevireddy
AjayRao6,YashwanthDevireddy
MohanManoj2,YashwanthDevireddy
SonuShashi,YashwanthDevireddy
VineethKumar8,YashwanthDevireddy
RanjithReddy,YashwanthDevireddy
JaganMohan,YashwanthDevireddy
RakeshReddy18,YashwanthDevireddy
GoudSathish,YashwanthDevireddy
BaluDarapaneni,YashwanthDevireddy
RajeshReddyNareddy,YashwanthDevireddy
RajeshSantha,YashwanthDevireddy
HarshithReddy,YashwanthDevireddy
SandeepTadakamalla,YashwanthDevireddy
VamshiReddy4,YashwanthDevireddy
SuneelKumar,YashwanthDevireddy
DeepitPurkayastha,panchagnularamadevi
SumitMohanty,panchagnularamadevi
KaustubhKashyap,panchagnularamadevi
MaheshKS,panchagnularamadevi
AparajitaNath,panchagnularamadevi
KhushbooYadav,panchagnularamadevi
PrasanthAkki,panchagnularamadevi
,panchagnularamadevi
MallipeddiHardhik,panchagnularamadevi
SuvinaySeth,panchagnularamadevi
PurneshSairam,panchagnularamadevi
AnshulGoyal,panchagnularamadevi
VasudevaraoAllu,panchagnularamadevi
SharvaniChandu,panchagnularamadevi
VirinchiChilukuri,panchagnularamadevi
SrinivasGeddam,panchagnularamadevi
PranavKumar,panchagnularamadevi
SriharshaGajarla,panchagnularamadevi
VadhriBharadwaj,panchagnularamadevi
MaheshAkhil,panchagnularamadevi
SohamMane,panchagnularamadevi
VarunGanesh,panchagnularamadevi
YgSreevanshu,panchagnularamadevi
TJoshi,panchagnularamadevi
KumareshSardar,panchagnularamadevi
HarshaDonepudi,panchagnularamadevi
PoornaChandra,SushilGarud
AAgarwal,SushilGarud
suryapratapbabar,SushilGarud
BhanuVikas,SushilGarud
SahilVaidya,SushilGarud
RanjeetGakhare,SushilGarud
FaizanMohd,SushilGarud
HarshawardhanBurute,SushilGarud
SriharshaGajarla,SushilGarud
SarikaRawat,SushilGarud
SushilAchamwad,SushilGarud
HrshRatde,SushilGarud
NilayShah,SushilGarud
NishantKumar48,SushilGarud
VikasMogadpalli,SushilGarud
SohamPhade,SushilGarud
VineethKrishnan,SushilGarud
anujamundada,SushilGarud
JaiprakashKamble,SushilGarud
BipinGaikwad,SushilGarud
HarenParmar,SushilGarud
PankajJejurkar,SushilGarud
ManiIitb,SushilGarud
shreyaspawar,SushilGarud
SudarshanPawar1,SushilGarud
AshwinGangaraju,RajAddela
SriharshaGajarla,RajAddela
VivekDutt,RajAddela
AnkithReddy,RajAddela
NitinTyagi6,RajAddela
ShanthanReddy,RajAddela
ShreshtaAdavelli,RajAddela
NavyaGara,RajAddela
SharathGooduguntla,RajAddela
ShashiKumarK1,RajAddela
ArunKashyap4,RajAddela
KiranKumar45,RajAddela
SaseenPunyala,RajAddela
SreenivasK,RajAddela
AnuraagKrishh,RajAddela
PuneethGowda3,RajAddela
AnuyaMerwade,RajAddela
dheerendrapasupuleti,RajAddela
DeepthiNagesh,RajAddela
ShaileshMarampalli,RajAddela
SadaqKhan,RajAddela
VenkatReddy87,RajAddela
SumanthChowdary,RajAddela
mamchannet,RajAddela
shwethaharish,RajAddela
SabareeshNikhilC,PadmajaPriyanka
RajeshwarSingh,PadmajaPriyanka
rajaajay37,PadmajaPriyanka
NiharikaChatla,PadmajaPriyanka
SriharshaGajarla,PadmajaPriyanka
SowmyaKatragadda,PadmajaPriyanka
SrdhrSri,PadmajaPriyanka
BadaRohit,PadmajaPriyanka
IshanNagar,PadmajaPriyanka
HavishaKalwad,PadmajaPriyanka
BharathramsReddy,PadmajaPriyanka
ShruthiReddy,PadmajaPriyanka
CharanAkshay,PadmajaPriyanka
AvinashKumar122,PadmajaPriyanka
AamaniLakkaraju,PadmajaPriyanka
SomeshGarje,PadmajaPriyanka
AbhishekRayapureddy,PadmajaPriyanka
KumarReddyPraveen,PadmajaPriyanka
NikhileshwarMadgula,PadmajaPriyanka
DeepaKaliyaperumal,PadmajaPriyanka
RameshKolakaluri,PadmajaPriyanka
GayathriSarma,PadmajaPriyanka
shruthikaruturi,PadmajaPriyanka
MarkMighell,SVijay
AnindyaAparajita,SVijay
PurneshSairam,SVijay
Arunjp,SVijay
SaiKrishnaKanthHari,SVijay
KolliparaRithwik,SVijay
PriyankaWycliffe,SVijay
SriharshaGajarla,SVijay
JashwanthReddy,SVijay
KapilBharadwaj,SVijay
RaminderSingh,SVijay
VaranasiOmkar,SVijay
IshitaNandola,SVijay
PrasannaKumar27,SVijay
AayushShrestha,SVijay
BhushanGosavi,SVijay
SurajBansal,SVijay
ManasaVoruganti,SVijay
dheerajk,SVijay
MebilBabuji,SVijay
SudhakarGiri,SVijay
SandeepMurthy,SVijay
MobinAlam,SVijay
ParthasarathiPanda,AchintyaDas
GouriSaha,AchintyaDas
SArosh,AchintyaDas
KrishnamoorthyIyer,AchintyaDas
BijonLahiri,AchintyaDas
ShreyasShyamsunder,AchintyaDas
SandeepSaseendran,AchintyaDas
TarkeshwarPatil,AchintyaDas
RahulDe,AchintyaDas
SandiptaRoy,AchintyaDas
OayesMidda,AchintyaDas
TirthankarMitra,AchintyaDas
NabaneetaMukhopadhyay,AchintyaDas
SubrataTewary,AchintyaDas
CijyMathai,AchintyaDas
SouravMandal2,AchintyaDas
ArifIbrahim,AchintyaDas
ArabindaHaldar,AchintyaDas
PrakashTamboli,AchintyaDas
KunalPhalak,AchintyaDas
RameshR,AchintyaDas
FerozAli,AchintyaDas
AMaeir,eeiejjournal
AliBaykal,eeiejjournal
AustralianJournalofBasicandAppliedSciences,eeiejjournal
ShDabour,eeiejjournal
NurulHuda,eeiejjournal
JosephSalmons,eeiejjournal
RalEspejoRodarte,eeiejjournal
GionataBarbieri,eeiejjournal
alaanoha,eeiejjournal
KonradBurnik,eeiejjournal
MDDELWARHOSSAINCHOWDHURY,eeiejjournal
zulqadarhassan,eeiejjournal
giampaolocampana,eeiejjournal
VenkateshKumar23,eeiejjournal
IJGCAJOURNAL,eeiejjournal
ijccsajournal,eeiejjournal
OBermdez,eeiejjournal
KamalT,eeiejjournal
camilapeavergara,eeiejjournal
gosaalemu,eeiejjournal
PeterCarlson2,eeiejjournal
krishnangopal,eeiejjournal
KalpeshPatil20,eeiejjournal
armannajafizadeh,eeiejjournal
LohithMenchu,SandeepAkula
RupeshSiddartha,SandeepAkula
JoyDaniel,SandeepAkula
SriharshaGajarla,SandeepAkula
SanthoshGuduguntla,SandeepAkula
AbhinavMotheram,SandeepAkula
SistaAsura,SandeepAkula
PradeepKorivi,SandeepAkula
ShivaTejaKandagatla,SandeepAkula
VarunKumar93,SandeepAkula
MaruthiVenkatNallapati,SandeepAkula
MonicaChoppala,SandeepAkula
rohithkumarreddyLakkireddy,SandeepAkula
DussaNaveenKumar,SandeepAkula
AyyavalaChandra,SandeepAkula
PranayPanjala,SandeepAkula
NikhilReddyAddiwar,SandeepAkula
RajeshRout,SandeepAkula
AbhiShek4,SandeepAkula
MuhammadAhmed44,SandeepAkula
SriManikBukkaKamarapu,SandeepAkula
RalphNasara,tariqMehmood
MubashirHussain13,tariqMehmood
KiranDasari,tariqMehmood
BiswajitMaity,tariqMehmood
GilmaraLinhares,tariqMehmood
MuhammadUsman,tariqMehmood
raminghaznavi,tariqMehmood
EhtehshaamSabir,tariqMehmood
InnocentOkidi,tariqMehmood
GeorgeGrigore,IJDPSJournal
AnibalAzevedo,IJDPSJournal
RBoustan,IJDPSJournal
AMaeir,IJDPSJournal
MarcellaFrangipane,IJDPSJournal
GlocalismJournalofCulturePoliticsandInnovation,IJDPSJournal
JamesMDorsey,IJDPSJournal
JuanFelipeMartinezFlorez,IJDPSJournal
GiaKvashilava,IJDPSJournal
SelimAdal,IJDPSJournal
KjetilHaugen,IJDPSJournal
GunesDuru,IJDPSJournal
MakmurSaini,IJDPSJournal
PEDROMARFIL,IJDPSJournal
Networkscommunication,IJDPSJournal
JudithThomalsky,IJDPSJournal
KimberlyVoss,IJDPSJournal
PEFSCEA,IJDPSJournal
IjscJournal,IJDPSJournal
WirelessMobileNetworks,IJDPSJournal
IjseaJournal,IJDPSJournal
BartekSzmoniewski,IJDPSJournal
wahyupramartha,IJDPSJournal
StefanJakob,IJDPSJournal
JeanJacquesGlassner,IJDPSJournal
NaturalLanguageProcessing,IJDPSJournal
FredrickIshengoma,IJDPSJournal
AnnLaffey,IJDPSJournal
RezaBarati,IJDPSJournal
CaijJournal,IJDPSJournal
AnangSularsa,IJDPSJournal
MauricioObregon,IJDPSJournal
LuciaGalasso,IJDPSJournal
journalijwest,IJDPSJournal
ThomasPLeppard,IJDPSJournal
WilliamSchaffer,IJDPSJournal
IjcseitJournal,IJDPSJournal
PeertopeerJournal,IJDPSJournal
IjmnctJournal,IJDPSJournal
IJCAxJournal,IJDPSJournal
SabamSimanjuntak1,IJDPSJournal
CiprianPungila,IJDPSJournal
AciiJournal,IJDPSJournal
Sureshkumar,IJDPSJournal
MeradiSamir,IJDPSJournal
JournalIJCSA,IJDPSJournal
IjcseaJournal,IJDPSJournal
CarlosZacur,IJDPSJournal
movaghar,IJDPSJournal
JOURNALIJCGA,IJDPSJournal
IjeJournal,IJDPSJournal
AvcJournal,IJDPSJournal
MarcoMachado,IJDPSJournal
JournalIJCSIT,IJDPSJournal
AlperGlba,IJDPSJournal
IJFCSTJournal,IJDPSJournal
journalijcsity,IJDPSJournal
HaiderAlSabbagh,IJDPSJournal
AleksandarMastilovic,IJDPSJournal
ijcacsjournal,IJDPSJournal
BharathVeeravalli,siddharthram
ErRamNiteshArya,siddharthram
RVarma,siddharthram
ArujArora,siddharthram
DeshpandeS,siddharthram
LeelaYanamaddi,siddharthram
GurpriyaSingh,siddharthram
KetanShahade,siddharthram
ManojBobba,siddharthram
TarunGidwani,siddharthram
RajeevKalyan,siddharthram
SaitejaMalyala,siddharthram
VarunChappidi,siddharthram
AnuragSam,siddharthram
SrikarMutnuri,siddharthram
MaheshAkhil,siddharthram
PrekshaBhandari,siddharthram
SrujanaKalluru,siddharthram
ShariqSa,siddharthram
SunielPasupuleti,siddharthram
SudhaBala,siddharthram
sandeepvarma,siddharthram
KumarPradeep,siddharthram
BaluZapps,siddharthram
ShyamTenali,siddharthram
SaiBharadwaj,siddharthram
BSNMUrthy,siddharthram
VishwanathSai,siddharthram
AbhishekRaghunath,siddharthram
MalleshwaraPrasad,siddharthram
NamrathaBharadwaj,siddharthram
KavyaKarumudi,siddharthram
AnirudhSwaminathan,siddharthram
SandeepParupudi,siddharthram
SaiTumma,siddharthram
ThrivikramLycan,siddharthram
ShyamSundhar,siddharthram
RajPraneethKnvm,siddharthram
SharatPrakash,siddharthram
ARJUNM,siddharthram
UmeshTalasila,siddharthram
PsRohith,siddharthram
DonYuvraj,siddharthram
SindhurMalineni,siddharthram
NishanthChowdary,siddharthram
SaiBhargavKanagala,siddharthram
AnkitDutta,siddharthram
SiddharthKukrety,siddharthram
SivankhMarada,siddharthram
RajaSai,siddharthram
SharukhKhan15,siddharthram
ManmohanPrakash,siddharthram
ShafiShax,siddharthram
MishraSonali,siddharthram
dedeepyapillala,siddharthram
DasaradhCherukuri,siddharthram
TataChaitanya,siddharthram
SateeshKumar6,siddharthram
AJha,siddharthram
KameshwarChembrolu,siddharthram
radhakrishnaabhishek,AkhileshGodi
ReshmiSuresh,AkhileshGodi
ArunothiaMarappan,AkhileshGodi
SamvitaKalyan,AkhileshGodi
DeepakMohan,AkhileshGodi
AhallyaJaladeep,AkhileshGodi
HamsiniSuresh,AkhileshGodi
NamitChaudhary,AkhileshGodi
AravindNagulu,AkhileshGodi
SaiSrivatsan,AkhileshGodi
SaiTejoKiran,AkhileshGodi
DheerajChowdary,AkhileshGodi
BharaniVlsvss,AkhileshGodi
SujataKhandare,AkhileshGodi
AmitKumar905,AkhileshGodi
SubhashreeSundaravadivelu,AkhileshGodi
ManuPoulose,AkhileshGodi
SaitejaDommeti,AkhileshGodi
ArjunBhagoji,AkhileshGodi
SathwikAkula,AkhileshGodi
AbhinavSurya,AkhileshGodi
DevarajuNaresh,AkhileshGodi
VarunChappidi,AkhileshGodi
NinadShahane,AkhileshGodi
VigneshKrishnakumar,AkhileshGodi
MadhuMitha15,AkhileshGodi
AnilParsi,AkhileshGodi
KeertanaChidambaram,AkhileshGodi
AvisekBarla,AkhileshGodi
PriyaPrakash,AkhileshGodi
VSalady,AkhileshGodi
TantiyaIkshudaaMasih,AkhileshGodi
PankajKumar37,AkhileshGodi
NirupamaJayaraman,AkhileshGodi
AravindSrinivas2,AkhileshGodi
AshishJha,AkhileshGodi
VishvajeetNagargoje,AkhileshGodi
KushalGanesh,AkhileshGodi
GiridhurSriraman,AkhileshGodi
AshwinRamesh,AkhileshGodi
ChiragGarg1,AkhileshGodi
JunaidBabu,AkhileshGodi
VamshiVelmajala,AkhileshGodi
BharathveerPanduga,AkhileshGodi
HarshitArora,AkhileshGodi
AdityaGudipudi,AkhileshGodi
SuryaTejaA,AkhileshGodi
ManasaThalapalli,AkhileshGodi
SaiSirilReddy,AkhileshGodi
SiddharthGupta31,AkhileshGodi
ArunRaghupathy,AkhileshGodi
RaviTeja,AkhileshGodi
DheerajMPai,AkhileshGodi
SurajkumarHarikumar,AkhileshGodi
GoutamRajiv,AkhileshGodi
SdKalphana,AkhileshGodi
PrithviTipirneni,AkhileshGodi
SashankVandrangi,AkhileshGodi
anoopviswa,AkhileshGodi
BharatKumarBingi,AkhileshGodi
AnasuyaMandal,SavyasacheeJha
ShravyaLahari,SavyasacheeJha
KarlPatrickMendoza,SavyasacheeJha
SamarthBansal,SavyasacheeJha
SrikanthSuresh,SavyasacheeJha
VasanArunachalam,SavyasacheeJha
SwetabhKumar,SavyasacheeJha
ananthkotti,SavyasacheeJha
ShantanuKallakuri,SavyasacheeJha
SrikantBharadwaj,SavyasacheeJha
AkshayShreedhar,SavyasacheeJha
DeepthiMeduri,SavyasacheeJha
MihirHaryal,SavyasacheeJha
SahilBhandari,SavyasacheeJha
VaibhavKumar44,SavyasacheeJha
AjachiChakrabarti,SavyasacheeJha
SanchitMishra,SavyasacheeJha
FortuneNwaiwu,SavyasacheeJha
Puneet,SavyasacheeJha
saileshkondraganti,SavyasacheeJha
SarthakGhosh,SavyasacheeJha
NamanBafna,SavyasacheeJha
ParveerSinghGhuman,SavyasacheeJha
LuAmanda,SavyasacheeJha
SriHarsha,SavyasacheeJha
SharathJ,SavyasacheeJha
TejeshwarSingh,SavyasacheeJha
VarunChappidi,SavyasacheeJha
VenkataSriramaKrishnaTejaKonduri,SavyasacheeJha
AmanGupta,SavyasacheeJha
SoumyaGanguly,SavyasacheeJha
VibhorJindal,SavyasacheeJha
KsAditya,SavyasacheeJha
SankalpGupta1,SavyasacheeJha
JialongWu,SavyasacheeJha
GaryWu,SavyasacheeJha
MalikaKukreja,SavyasacheeJha
SahilBansal,SavyasacheeJha
AkashKaura,SavyasacheeJha
ABhishekSharma193,SavyasacheeJha
SnehaSingh10,SavyasacheeJha
KaranGupta4,SavyasacheeJha
AshitSharma,SavyasacheeJha
IChunDoong,SavyasacheeJha
AdityaSubramanyam,SavyasacheeJha
NikhilAyyagari,SavyasacheeJha
AdityaTibrewal,SavyasacheeJha
ParthKalyani,SavyasacheeJha
vijitsingh,SavyasacheeJha
VanshKhurana,SavyasacheeJha
JoshiSurabhi,SavyasacheeJha
RupinBal,SavyasacheeJha
DhruvSharma9,SavyasacheeJha
ShubhamShukla3,SavyasacheeJha
AmitojDutt,SavyasacheeJha
GursheelSingh,SavyasacheeJha
ArmaanBansal,SavyasacheeJha
KachanarBharadwaj,SavyasacheeJha
AmitSihag,SavyasacheeJha
mehariabraha,SavyasacheeJha
EshwarVikas,DeviPrasadGorrepati
BhanuGaddam,DeviPrasadGorrepati
VickyBala,DeviPrasadGorrepati
SoumyavaDas,DeviPrasadGorrepati
SriramSambasivam,DeviPrasadGorrepati
braminiLoganathan,DeviPrasadGorrepati
divakarravi,DeviPrasadGorrepati
VarunChappidi,DeviPrasadGorrepati
GopiChand,DeviPrasadGorrepati
TejaswiSoori,DeviPrasadGorrepati
ChaithanyaMamidoju,DeviPrasadGorrepati
RaghavaReddy,DeviPrasadGorrepati
AishwaryaMuralidhar,DeviPrasadGorrepati
SreeBeeram,DeviPrasadGorrepati
NehaShigrekar,DeviPrasadGorrepati
NikitaThakur3,DeviPrasadGorrepati
NikitaMahto,DeviPrasadGorrepati
SakethRamPeri,DeviPrasadGorrepati
BBalaVenkataGanesh,DeviPrasadGorrepati
DivyeSingh,DeviPrasadGorrepati
AnshuRajput,DeviPrasadGorrepati
AmalShaji,DeviPrasadGorrepati
BarmanSubhamitra,DeviPrasadGorrepati
ShravanPapanaidu,DeviPrasadGorrepati
DhruvDeshpande,DeviPrasadGorrepati
PrajwalSanket,DeviPrasadGorrepati
NagarikantiSumitha,DeviPrasadGorrepati
AnnangiAbhinav,DeviPrasadGorrepati
JohnMelchizedek,DeviPrasadGorrepati
SumanReddy4,DeviPrasadGorrepati
DineshKajjam,DeviPrasadGorrepati
WarrenFreitas,DeviPrasadGorrepati
MonishaMohan,DeviPrasadGorrepati
AravindKumar8,DeviPrasadGorrepati
SuryaKondabhathini,DeviPrasadGorrepati
GopalanNanda,DeviPrasadGorrepati
MudirajSridherReddaboina,DeviPrasadGorrepati
UpaGupta,DeviPrasadGorrepati
JaiSomanath,DeviPrasadGorrepati
NitinRana1,DeviPrasadGorrepati
DuvvuriSriharsha,DeviPrasadGorrepati
RohitKatti,DeviPrasadGorrepati
manugowda,DeviPrasadGorrepati
AkhileshGodi,KushalGanesh
VarunChappidi,KushalGanesh
RahulKasanagottu,KushalGanesh
DavidsonDaniel,KushalGanesh
TantiyaIkshudaaMasih,KushalGanesh
DivyaYerram,KushalGanesh
NagPadala,KushalGanesh
AsadHoosain,KushalGanesh
SrikanthNagelli,KushalGanesh
AbhijitMuduganti,KushalGanesh
ManasaThalapalli,KushalGanesh
AnuraagPulumati,KushalGanesh
PragyaSharma,KushalGanesh
AnirudhKasisomayajula,KushalGanesh
SLSrikanth,KushalGanesh
AkulaVishal,KushalGanesh
AbhinavSingamsetty,KushalGanesh
RheaMelissa,KushalGanesh
SravaniVadlamani,KushalGanesh
VishalJain41,KushalGanesh
RajaRam,KushalGanesh
VenkatKandula,KushalGanesh
WHarry,KushalGanesh
VishnuTeja,KushalGanesh
RamaRaoTinnavelli,KushalGanesh
RavipallyReddy,KushalGanesh
AkhilAlur,KushalGanesh
BharadwajRamraj,KushalGanesh
SaiSrinath,KushalGanesh
TulsiKumar,KushalGanesh
AkshitPalkamsetti,KushalGanesh
SantoshDanda,KushalGanesh
SravanthiCherukuri,KushalGanesh
LakshmiReddy,KushalGanesh
AvinashOllam,KushalGanesh
ShruthiEndrala,KushalGanesh
SwethaAmgoth,KushalGanesh
kranthikumar,KushalGanesh
ramamohanrao,KushalGanesh
itoroisaac,KushalGanesh
momenbadr,KushalGanesh
MazumdarS,SaiTumma
CharudattChaudhari,SaiTumma
AkhilSaiAnumolu,SaiTumma
siddharthram,SaiTumma
SivaBanda,SaiTumma
SaurabhKataria,SaiTumma
AmanKumar,SaiTumma
SudheerMarisetty,SaiTumma
MohinishJoshi,SaiTumma
VamsiKrishnaNagabhiru,SaiTumma
NaveenBejugam,SaiTumma
AdityaSaripally,SaiTumma
ManojV,SaiTumma
SiddharthMohan,SaiTumma
VarunChappidi,SaiTumma
AnudeepNaidu,SaiTumma
KsvmKoundinya,SaiTumma
RupalGupta,SaiTumma
MuditChauhan,SaiTumma
SainathYalakurthi,SaiTumma
VishalAggarwal,SaiTumma
RGalla,SaiTumma
SantoshGuruju,SaiTumma
SummitNayak,SaiTumma
ChandraHarsha,SaiTumma
Sampath369,SaiTumma
SahukariDinesh,SaiTumma
SiddarthRamesh,SaiTumma
AayushJain3,SaiTumma
AkulaVishal,SaiTumma
ChandraKanth4,SaiTumma
SimhamRao,SaiTumma
VenkatRameswarapu,SaiTumma
VenkatKrishna2,SaiTumma
AnupBhimineni,SaiTumma
VamshiKonkati,SaiTumma
AhmedShaik,SaiTumma
srikanthreddymalipatel,SaiTumma
praneethreddy8,SaiTumma
EswaraSai,DspRahul
SrikanthSuresh,DspRahul
ThiruvikramanKandhadai,DspRahul
RaiHimanshu,DspRahul
SrikantBharadwaj,DspRahul
SaiPadmanabhuni,DspRahul
SanchitMishra,DspRahul
AbhilashMirji,DspRahul
PratishBala,DspRahul
RahulDubey22,DspRahul
SidharthSai,DspRahul
VinodhReddyChennu,DspRahul
PrudhviReddy3,DspRahul
anilmaddu,DspRahul
NitinMythreya,DspRahul
SuryaPrathap,DspRahul
VenkateshMundada,DspRahul
akashraj,DspRahul
AkshithAnand,DspRahul
VarunChappidi,DspRahul
LakshmiNarayanaG,DspRahul
SriramKrishnaswamy,DspRahul
ImrulKhan,DspRahul
KinneraPaladugu,DspRahul
ArunKoppala,DspRahul
RudrakshSyal,DspRahul
TirumalaParchuri,DspRahul
KodaliKamalakar,DspRahul
RaviTeja,DspRahul
HarishSetti,DspRahul
MohithDevathi,DspRahul
madhugopalSirivella,DspRahul
KannigantiAbhishek,DspRahul
VasuDeva1,DspRahul
AbhinavPrasad2,DspRahul
trinadhchowdary20,DspRahul
Ponnaganti,DspRahul
RavindrababuDamineni,DspRahul
ssn92,DspRahul
ChahatAhuja,SrikanthNagelli
ShivamNegi,SrikanthNagelli
YogeshAirala,SrikanthNagelli
KrishnaSravanth,SrikanthNagelli
PranjalJain1,SrikanthNagelli
SrikarGoud,SrikanthNagelli
NithinReddy,SrikanthNagelli
PrateekSharma35,SrikanthNagelli
SrikanthReddy70,SrikanthNagelli
ReddyIndu,SrikanthNagelli
ChiragJain7,SrikanthNagelli
SivaRevanth,SrikanthNagelli
AnirudhTiwari,SrikanthNagelli
OmkarReddy2,SrikanthNagelli
SiddharthYadav2,SrikanthNagelli
ManMohith,SrikanthNagelli
RohitChand,SrikanthNagelli
VarunChappidi,SrikanthNagelli
VarunMetlapalli,SrikanthNagelli
RavitejaDupuguntla,SrikanthNagelli
niketjain,SrikanthNagelli
SDatla,SrikanthNagelli
ManishaChowdary,SrikanthNagelli
KushalGanesh,SrikanthNagelli
ShahulMohammed,SrikanthNagelli
ChowdaryNikitha,SrikanthNagelli
DinakarDeeti,SrikanthNagelli
AnushBonam,SrikanthNagelli
BalajiPrasad,SrikanthNagelli
NagaBharatChitturi,SrikanthNagelli
ManojKrishna6,SrikanthNagelli
LakshmanDhinakar,SrikanthNagelli
ChavaliJoyDavidson,SrikanthNagelli
RakeshRao,SrikanthNagelli
NarendraBellamkonda,SrikanthNagelli
KarthikGoud,SrikanthNagelli
jacMammen,SrikanthNagelli
QuantitativeAptitude,ManasaThalapalli
AkhileshGodi,ManasaThalapalli
LavanyaChimbili,ManasaThalapalli
Gitamecea,ManasaThalapalli
VarunChappidi,ManasaThalapalli
PavaniChaudhary,ManasaThalapalli
NandhithaSridhran,ManasaThalapalli
RithwikGunnuthula,ManasaThalapalli
MohithPaul,ManasaThalapalli
TantiyaIkshudaaMasih,ManasaThalapalli
TADAVARTYSRIKRISHNAKANTH,ManasaThalapalli
KushalGanesh,ManasaThalapalli
PoojaKandukuri,ManasaThalapalli
NishyReddy,ManasaThalapalli
AkshayMurali,ManasaThalapalli
ChaitanyaAditya,ManasaThalapalli
GayatriMayukha,ManasaThalapalli
AsishChinnari,ManasaThalapalli
MeghanaRayaprolu,ManasaThalapalli
PeddireddyReddy,ManasaThalapalli
saiharshavaranasi,ManasaThalapalli
MeelaSrujani,ManasaThalapalli
AnnaLam,ManasaThalapalli
AnuAnusha8,ManasaThalapalli
JayKalapatapu,ManasaThalapalli
VishalJain41,ManasaThalapalli
SriSantosh,ManasaThalapalli
ReddyAksHatha,ManasaThalapalli
VamshiKrishnaK,ManasaThalapalli
ShirishaGoudampally,ManasaThalapalli
HithKumar,ManasaThalapalli
PvyJayasree,ManasaThalapalli
ChinmayaPatnayak,VenkateshBirada
DeepakBharadwaz,VenkateshBirada
VasanArunachalam,VenkateshBirada
KalyanPingali,VenkateshBirada
PrasanthAkki,VenkateshBirada
SrikantBharadwaj,VenkateshBirada
SwethaNimmagadda,VenkateshBirada
SarthakGhosh,VenkateshBirada
krishnakarthick,VenkateshBirada
ShankarVenkatraman,VenkateshBirada
AbhiramChavali,VenkateshBirada
CsijJournal,VenkateshBirada
RakeshSaripalli,VenkateshBirada
bhargavaramkanda,VenkateshBirada
ShivaReisende,VenkateshBirada
ChandraVikas,VenkateshBirada
JournalIJEL,VenkateshBirada
VarunChappidi,VenkateshBirada
AbhitejReddy,VenkateshBirada
NikithaBollipalli,VenkateshBirada
SaiReddy39,VenkateshBirada
RajendranKrithika,VenkateshBirada
VinayKumarYarramsetti,VenkateshBirada
NarasimhaSaiSangapu,VenkateshBirada
ShyamPv,VenkateshBirada
AdityaSuripeddi,VenkateshBirada
PranithB,VenkateshBirada
ReddySrikara,VenkateshBirada
harishathuru,VenkateshBirada
BhargavKiran,VenkateshBirada
PrasadPonnuru,VenkateshBirada
RajivNaidu,VenkateshBirada
ChinmayaPatnayak,DipankarTripathy
SwetabhKumar,DipankarTripathy
SrikantBharadwaj,DipankarTripathy
SarthakGhosh,DipankarTripathy
PoojaMishra5,DipankarTripathy
AbhijeetDash,DipankarTripathy
ShyamaPrasadMohanty,DipankarTripathy
PiyushRath,DipankarTripathy
VarunChappidi,DipankarTripathy
BibhubhusanBehura,DipankarTripathy
RavitejaBhagi,DipankarTripathy
RajeshMahapatra,DipankarTripathy
SriramIyer,DipankarTripathy
AshutoshSarda,DipankarTripathy
VarunSoni,DipankarTripathy
SandeepKumarSahoo,DipankarTripathy
PrasantKumar2,DipankarTripathy
SandeepSahoo,DipankarTripathy
KritiChandra,DipankarTripathy
AbinashSabat,DipankarTripathy
NeebeshBehera,DipankarTripathy
MishraSibasish,DipankarTripathy
KashyapCh,DipankarTripathy
AnkitaSahu,DipankarTripathy
ArchanaDash,DipankarTripathy
SunilK,DipankarTripathy
DishantRath,DipankarTripathy
AkashSahu,DipankarTripathy
TanmayBinaykiya,DipankarTripathy
MallikarjunKarra,RArora
KushagraNigam,RArora
AnirudhWodeyar,RArora
HarshavardhanPandit,RArora
SwethaNimmagadda,RArora
ShashankBassi,RArora
AlokPacholi,RArora
MritunjaySrivastava,RArora
SubodhKolhe,RArora
BhaskarTetarbe,RArora
ShyamaPrasadMohanty,RArora
VarunChappidi,RArora
PulkitSaraf,RArora
SinghalKaran,RArora
SushantKumar,RArora
VikramPradhan,RArora
Rajawat,RArora
AtulAgrawal,RArora
SushilYadav,RArora
JacobDas,RArora
SauravRaj,RArora
AkshayKrChoudhary,RArora
KomalArora9,RArora
BalajiKonar,RArora
SakshamKumar2,RArora
BhaveshPethani,RArora
BitsianGupta,RArora
AnuBansal,RArora
GarvMalik,SreeNihitM
ChinmayaPatnayak,SreeNihitM
PrateekVijayavargia,SreeNihitM
BhanuSrivatsav,SreeNihitM
MukherjeeAbhinav,SreeNihitM
PrasanthAkki,SreeNihitM
GaneshAshwin,SreeNihitM
VinayakVR,SreeNihitM
KushankSindhu,SreeNihitM
SiddharthDash1,SreeNihitM
PranavRamarao,SreeNihitM
AbhiramChavali,SreeNihitM
RameshAdithya,SreeNihitM
VarunChappidi,SreeNihitM
PrasannaKarmarkar,SreeNihitM
RohanNaidu,SreeNihitM
NaikPushkar,SreeNihitM
MrudulNekkanti,SreeNihitM
SitaVakkalanka,SreeNihitM
SwethaMandava,SreeNihitM
ShashankTripathi16,SreeNihitM
ManishaMadapathi,SreeNihitM
AshritaReddy,SreeNihitM
BhargavKiran,SreeNihitM
SaiRahul,SreeNihitM
ChandraSusheel,SreeNihitM
siddharthram,AkulaVishal
VarunChappidi,AkulaVishal
abhimanyupavuluri,AkulaVishal
HarshavardhanUtharavalli,AkulaVishal
KushalGanesh,AkulaVishal
AnudeepGupta,AkulaVishal
SaiTumma,AkulaVishal
CharlesVictor1,AkulaVishal
SusmithaPakalapati,AkulaVishal
SuryaVamsy,AkulaVishal
GaneshSsy,AkulaVishal
KumarKing1,AkulaVishal
SudhirKuttumu,AkulaVishal
RavipallyReddy,AkulaVishal
ShashikanthVishwakarma,AkulaVishal
NittuNaresh,AkulaVishal
DilipKumar191,AkulaVishal
SriLakshmi,AkulaVishal
RaviTejaVangipuram,AkulaVishal
ChoudharyDev,AkulaVishal
NareddyRohith,AkulaVishal
VikramGarsa,AkulaVishal
IsaacRoyal,AkulaVishal
SudhaJagan,AkulaVishal
VinodDurgam,AkulaVishal
PraneetaValluri,RheaMelissa
AkhileshGodi,RheaMelissa
DeviLakshmi,RheaMelissa
VarunChappidi,RheaMelissa
NandhithaSridhran,RheaMelissa
MohithPaul,RheaMelissa
DavidsonDaniel,RheaMelissa
TantiyaIkshudaaMasih,RheaMelissa
AlekhyaRaviSankar,RheaMelissa
KushalGanesh,RheaMelissa
MurtuzaMohammedRehanSoofi,RheaMelissa
RaunakEbenezer,RheaMelissa
AnnaLam,RheaMelissa
VishalJain41,RheaMelissa
WHarry,RheaMelissa
AjMarpadi,RheaMelissa
RavipallyReddy,RheaMelissa
DivyaKandanool,RheaMelissa
NehaSharma255,RheaMelissa
DivyaVadlamani,RheaMelissa
AneeshVankamamidi,RheaMelissa
GauravAnand6,RheaMelissa
AlricCardoza,RheaMelissa
ApoorvJain,DilipKumar
MallikarjunKarra,DilipKumar
NeeleshTanwar,DilipKumar
AnkitaVerma19,DilipKumar
AbhishekKapoor,DilipKumar
VireshKumar,DilipKumar
DebdootSheet,DilipKumar
MerchantNeil,DilipKumar
RajarshiSom,DilipKumar
ShashantShekhar,DilipKumar
PrateekAgarwal12,DilipKumar
AkankshaKumari8,DilipKumar
VarunChappidi,DilipKumar
ArunabhBiyani,DilipKumar
SushmaKambagowni,DilipKumar
SaurabhChoudhary,DilipKumar
SaketChourasiya,DilipKumar
YaswanthYadlapalli,DilipKumar
SagnikGhosh5,DilipKumar
VishalKahate,DilipKumar
AkshayPrasath,DilipKumar
TejasDP,DilipKumar
EswaraSai,ReddySrikara
ChinmayaPatnayak,ReddySrikara
BhanuSrivatsav,ReddySrikara
MukherjeeAbhinav,ReddySrikara
KalyanPingali,ReddySrikara
PrasanthAkki,ReddySrikara
AurghoBhattacharjee,ReddySrikara
NelakuduruVineeth,ReddySrikara
SiddharthDash1,ReddySrikara
ReddyAvinash,ReddySrikara
SuryaPrathap,ReddySrikara
SaumyaVerma4,ReddySrikara
akashraj,ReddySrikara
AbhiramChavali,ReddySrikara
VamsiMohan3,ReddySrikara
VarunChappidi,ReddySrikara
RohithMulugu,ReddySrikara
karunbhogadula,ReddySrikara
AniketGarg,ReddySrikara
RanjithNori,ReddySrikara
VenkateshBirada,ReddySrikara
AnuragReddy9,ReddySrikara
AkhileshGodi,WHarry
VarunChappidi,WHarry
MohithPaul,WHarry
TarunBittu,WHarry
KushalGanesh,WHarry
AsadHoosain,WHarry
RohitThumma,WHarry
SameerSonu,WHarry
RaunakEbenezer,WHarry
RheaMelissa,WHarry
dheerajk,WHarry
VishalJain41,WHarry
ArunReddy18,WHarry
KurapatiShailendra,WHarry
MatthewSamuel2,WHarry
BharathSingareddy,WHarry
JohnStephen,WHarry
ParameshwarNp,WHarry
VikranthFrancis,WHarry
BalavariMoody,WHarry
ShravyaLahari,VivekVenugopal2
SwetabhKumar,VivekVenugopal2
SudheerVazrapu,VivekVenugopal2
ShantanuKallakuri,VivekVenugopal2
SarthakGhosh,VivekVenugopal2
SiddarthYerram,VivekVenugopal2
ApoorvaMusunuri,VivekVenugopal2
ShankarVenkatraman,VivekVenugopal2
ArshKS,VivekVenugopal2
RameshAdithya,VivekVenugopal2
VarunChappidi,VivekVenugopal2
AbhinavBagri,VivekVenugopal2
VijayNarayan,VivekVenugopal2
AdityaUs,VivekVenugopal2
PreetishRath,VivekVenugopal2
AdityaVikram2,VivekVenugopal2
AbhinavDasari,VivekVenugopal2
NadirSumiran,VivekVenugopal2
BonitaKitt,VivekVenugopal2
GirishReddy7,RavipallyReddy
AnishReddy,RavipallyReddy
FawaadKhan,RavipallyReddy
VarunChappidi,RavipallyReddy
KarushJaggi,RavipallyReddy
NandhithaSridhran,RavipallyReddy
KushalGanesh,RavipallyReddy
BharathveerPanduga,RavipallyReddy
RevanthReddy4,RavipallyReddy
PoojaKandukuri,RavipallyReddy
NikeshPamu,RavipallyReddy
AkulaVishal,RavipallyReddy
DSethuraman,RavipallyReddy
RheaMelissa,RavipallyReddy
VishalJain41,RavipallyReddy
PuneethReddy1,RavipallyReddy
VaishnaviReddy4,RavipallyReddy
FedericoBucchi,AkshayMinocha
SakshiGupta,AkshayMinocha
RaviAgarwal,AkshayMinocha
DavidOrregoCarmona,AkshayMinocha
NikhilKhaitan,AkshayMinocha
KaushikIska,AkshayMinocha
AbhijatSharma,AkshayMinocha
GDrushtiApoorva,AkshayMinocha
ShamikRay,AkshayMinocha
RajeshChaturvedi,AkshayMinocha
PriyaBansal,AkshayMinocha
AnirbedMondal,AkshayMinocha
HimanshuZade,AkshayMinocha
BodduluriPhani,AkshayMinocha
SoumikMaji,AkshayMinocha
AbhinavAppidi,AkshayMinocha
VibhavSrivastava,AkshayMinocha
DevanshShah,AkshayMinocha
JagveerGandhi,AkshayMinocha
KshitijAgrawal,AkshayMinocha
NitinAgarwal,AkshayMinocha
AnujKatiyal,AkshayMinocha
VarunAggarwal,AkshayMinocha
KarthikAnnam,AkshayMinocha
ArpitMerchant,AkshayMinocha
PravinPatil,AkshayMinocha
ParthMuchhala,AkshayMinocha
NAgrawal,AkshayMinocha
PiyushPoddar,AkshayMinocha
VipulRaheja,AkshayMinocha
DyutiChakravarty,AkshayMinocha
BipulSaha,AkshayMinocha
SudarshRathi,AkshayMinocha
VasanthSai,AkshayMinocha
aniruddhatammewar,AkshayMinocha
JhonKevin,AkshayMinocha
BharatMunshi,AkshayMinocha
GarimaAgrawal1,AkshayMinocha
KumarRishabhAh,AkshayMinocha
DeepanGupta,AkshayMinocha
AnoopKumar,AkshayMinocha
LalitKundu,AkshayMinocha
KaranAggarwal2,AkshayMinocha
ShashankSharma,AkshayMinocha
NanCy3,AkshayMinocha
RaulGoswami,AkshayMinocha
RaveeshMotlani,AkshayMinocha
KaranSingla,AkshayMinocha
ZiniaBhattacharya,AkshayMinocha
VrushankVyas,AkshayMinocha
KMishra,AkshayMinocha
PrateekMehta,AkshayMinocha
akshita,AkshayMinocha
SabujChattopadhyay,AkshayMinocha
ManasTewari,AkshayMinocha
AhmedAlduais,AkshayMinocha
NehaTaneja,AkshayMinocha
ChetanGupta,AkshayMinocha
TarangGoyal,AkshayMinocha
SiddhantPrakash,AkshayMinocha
SakshiGupta,BodduluriPhani
RaviAgarwal,BodduluriPhani
AkshayMinocha,BodduluriPhani
JairajBhattacharya,BodduluriPhani
vivekprakash,BodduluriPhani
KaushikIska,BodduluriPhani
AbhijatSharma,BodduluriPhani
SainathGupta,BodduluriPhani
RajeshChaturvedi,BodduluriPhani
PriyaBansal,BodduluriPhani
HimanshuZade,BodduluriPhani
SugandhRakha,BodduluriPhani
ShashankMujumdar,BodduluriPhani
shivanipoddar,BodduluriPhani
AbhinavAppidi,BodduluriPhani
VibhavSrivastava,BodduluriPhani
KshitijAgrawal,BodduluriPhani
VennelaMiryala,BodduluriPhani
AmitashOjha,BodduluriPhani
KondaM,BodduluriPhani
VarunAggarwal,BodduluriPhani
HarshaMukherjee,BodduluriPhani
AnujKatiyal,BodduluriPhani
ArpitMerchant,BodduluriPhani
NAgrawal,BodduluriPhani
VipulRaheja,BodduluriPhani
KotloSharan,BodduluriPhani
RonakKogta,BodduluriPhani
SudarshRathi,BodduluriPhani
VasanthSai,BodduluriPhani
SharvaniChandu,BodduluriPhani
aniruddhatammewar,BodduluriPhani
NurendraChoudhary,BodduluriPhani
PiyushBansal,BodduluriPhani
VineetYadav,BodduluriPhani
NavyaSahithi,BodduluriPhani
MadhulikaJain,BodduluriPhani
VinayGarg,BodduluriPhani
DeepanGupta,BodduluriPhani
KumarRishabhAh,BodduluriPhani
GarimaAgrawal1,BodduluriPhani
SathyaThati,BodduluriPhani
UdyanKhurana,BodduluriPhani
AkhilAgrawal,BodduluriPhani
AnoopKumar,BodduluriPhani
KaranAggarwal2,BodduluriPhani
LalitKundu,BodduluriPhani
RaveeshMotlani,BodduluriPhani
KaranSingla,BodduluriPhani
SheetalReddy,BodduluriPhani
SrishtiSrivastava,BodduluriPhani
SrutiRallapalli,BodduluriPhani
KMishra,BodduluriPhani
AshGopalani,BodduluriPhani
ASaxena,BodduluriPhani
SiddharthChoudhary,BodduluriPhani
VamsiKrishnaNagabhiru,BodduluriPhani
ChetanGupta,BodduluriPhani
TarangGoyal,BodduluriPhani
AvineshPolisetty,BodduluriPhani
saajanvaranasi,JithinKairamkonda
ShijoJose,JithinKairamkonda
TapanChakravarty,JithinKairamkonda
ShobithaJacob,JithinKairamkonda
KunalGaidhankar,JithinKairamkonda
SarathBabuMG,JithinKairamkonda
PreetiSrinivasan,JithinKairamkonda
BeeravelliChetan,JithinKairamkonda
AshimChakrabarty,JithinKairamkonda
SiddharthaRauniar,JithinKairamkonda
RidhimaMehrotra,JithinKairamkonda
AnamKhan,JithinKairamkonda
AnkitaMandal,JithinKairamkonda
DivyaSingh,JithinKairamkonda
EjazFysel,JithinKairamkonda
MalvikaMehta,JithinKairamkonda
MinakshiMohanta,JithinKairamkonda
RamaKrishnaRachakonda,JithinKairamkonda
ShankhadeepChaudhuri,JithinKairamkonda
SyamGompa,JithinKairamkonda
KaranPrasad,JithinKairamkonda
AkankshaChauhan,JithinKairamkonda
RevinaSoni,JithinKairamkonda
AnujMittal,JithinKairamkonda
SurbhiKamboj,JithinKairamkonda
VaniSood,JithinKairamkonda
RamakiranMareedu,JithinKairamkonda
KushagraKeshav,JithinKairamkonda
HarshParmar5,JithinKairamkonda
RohanPatankar,JithinKairamkonda
murarikumarraja,JithinKairamkonda
RojanJoseph,JithinKairamkonda
MalvikaRautela,JithinKairamkonda
NikitDeshlahra,JithinKairamkonda
PratyushaHalder,JithinKairamkonda
AnupamaSaha,JithinKairamkonda
HarsiddhSonara,JithinKairamkonda
ShamitaChaudhry,JithinKairamkonda
SrivastavaMohit,JithinKairamkonda
dishareddy,JithinKairamkonda
SuriSiddharth,JithinKairamkonda
AnjithAugustine,JithinKairamkonda
ThatikondaNandini,JithinKairamkonda
AKumar,JithinKairamkonda
MitaliJoshi,JithinKairamkonda
KaushikBhattacharjee,JithinKairamkonda
AmanpreetDuggal,JithinKairamkonda
RajeshKuppili,JithinKairamkonda
DaminiRathi,JithinKairamkonda
SuprimaJoshi,JithinKairamkonda
ThangmeiyoRamror,JithinKairamkonda
VatsalyaSharma,JithinKairamkonda
MonikuntalaDas,JithinKairamkonda
priyanshishukla,JithinKairamkonda
RadhikaRavindran,JithinKairamkonda
TejaYadav,JithinKairamkonda
SukanyaSharma,JithinKairamkonda
PhaniNidamanuri,JithinKairamkonda
NarothamMedi,JithinKairamkonda
shrutijalodia,JithinKairamkonda
SakshiGupta,AbhinavAppidi
YogeshMaheshwari,AbhinavAppidi
AkshayMinocha,AbhinavAppidi
KaushikIska,AbhinavAppidi
AbhijatSharma,AbhinavAppidi
GDrushtiApoorva,AbhinavAppidi
RajeshChaturvedi,AbhinavAppidi
HimanshuZade,AbhinavAppidi
BodduluriPhani,AbhinavAppidi
shivanipoddar,AbhinavAppidi
DeepthiMeduri,AbhinavAppidi
DevanshShah,AbhinavAppidi
AmrishaVohra,AbhinavAppidi
VennelaMiryala,AbhinavAppidi
KondaM,AbhinavAppidi
ArpitMerchant,AbhinavAppidi
NAgrawal,AbhinavAppidi
IndranilChakrabarty,AbhinavAppidi
KandarpaPaduru,AbhinavAppidi
KotloSharan,AbhinavAppidi
RonakKogta,AbhinavAppidi
SudarshRathi,AbhinavAppidi
SharvaniChandu,AbhinavAppidi
NurendraChoudhary,AbhinavAppidi
DharmaTeja,AbhinavAppidi
PiyushBansal,AbhinavAppidi
ArushiDogra,AbhinavAppidi
KumarRishabhAh,AbhinavAppidi
DeepanGupta,AbhinavAppidi
GarimaAgrawal1,AbhinavAppidi
UdyanKhurana,AbhinavAppidi
KaranAggarwal2,AbhinavAppidi
LalitKundu,AbhinavAppidi
NanCy3,AbhinavAppidi
ShrutiGullapuram,AbhinavAppidi
SarthakAgarwal,AbhinavAppidi
RaveeshMotlani,AbhinavAppidi
KaranSingla,AbhinavAppidi
SheetalReddy,AbhinavAppidi
KMishra,AbhinavAppidi
KopalNihar,AbhinavAppidi
PrateekMehta,AbhinavAppidi
RaviRajaGanta,AbhinavAppidi
ChetanGupta,AbhinavAppidi
TarangGoyal,AbhinavAppidi
SiddhantPrakash,AbhinavAppidi
AbhinavMoudgil,AbhinavAppidi
JhaJyoti,AbhinavAppidi
ApoorvReddy,AbhinavAppidi
DikshaYadav,AbhinavAppidi
AkhilReddy8,AbhinavAppidi
AdityaJindal,AbhinavAppidi
DhritiGoyal,AbhinavAppidi
SriKailashGandebathula,AbhinavAppidi
JashwanthReddy,AbhinavAppidi
ThakurAkash,AbhinavAppidi
AmanArora,AbhinavAppidi
SriharshBhyravajjula,AbhinavAppidi
ArjitSrivastava,AbhinavAppidi
AbhineetAgarwal,AbhinavAppidi
AyushUpadhyay,KshitijAgrawal
SakshiGupta,KshitijAgrawal
RaviAgarwal,KshitijAgrawal
AkshayMinocha,KshitijAgrawal
NikhilKhaitan,KshitijAgrawal
JairajBhattacharya,KshitijAgrawal
RahulSinghThakur,KshitijAgrawal
KaushikIska,KshitijAgrawal
AbhijatSharma,KshitijAgrawal
RajeshChaturvedi,KshitijAgrawal
SainathGupta,KshitijAgrawal
AnirbedMondal,KshitijAgrawal
HimanshuZade,KshitijAgrawal
BodduluriPhani,KshitijAgrawal
ShashankMujumdar,KshitijAgrawal
shivanipoddar,KshitijAgrawal
TarunGupta4,KshitijAgrawal
VibhavSrivastava,KshitijAgrawal
JagveerGandhi,KshitijAgrawal
AmrishaVohra,KshitijAgrawal
UrmiGhosh,KshitijAgrawal
NitinAgarwal,KshitijAgrawal
AnujKatiyal,KshitijAgrawal
VarunAggarwal,KshitijAgrawal
PravinPatil,KshitijAgrawal
ParthMuchhala,KshitijAgrawal
PiyushPoddar,KshitijAgrawal
VipulRaheja,KshitijAgrawal
RishabhBardia,KshitijAgrawal
RonakKogta,KshitijAgrawal
SudarshRathi,KshitijAgrawal
VasanthSai,KshitijAgrawal
aniruddhatammewar,KshitijAgrawal
GarimaAgrawal1,KshitijAgrawal
VinayGarg,KshitijAgrawal
DeepanGupta,KshitijAgrawal
AnoopKumar,KshitijAgrawal
AkhilAgrawal,KshitijAgrawal
LalitKundu,KshitijAgrawal
ShashankSharma,KshitijAgrawal
RaveeshMotlani,KshitijAgrawal
KaranSingla,KshitijAgrawal
piyushgupta,KshitijAgrawal
KMishra,KshitijAgrawal
ChetanGupta,KshitijAgrawal
TarangGoyal,KshitijAgrawal
AvniVerma,KshitijAgrawal
RohanSablay,KshitijAgrawal
AshwaniGaur,KshitijAgrawal
kapildontula,KshitijAgrawal
SoorajRamachandran,KshitijAgrawal
HarishMudimela,KshitijAgrawal
AtmakuriVenkataTrinath,KshitijAgrawal
pratikzambani,KshitijAgrawal
ApoorvReddy,KshitijAgrawal
DhrubajyotiDutta,KshitijAgrawal
ChiranjeevSharma,KshitijAgrawal
GuptaAnant,KshitijAgrawal
SGupta,KshitijAgrawal
DivyaMokkapati,KshitijAgrawal
vivekprakash,AmrishaVohra
NupurAgrawal1,AmrishaVohra
GDrushtiApoorva,AmrishaVohra
shivanipoddar,AmrishaVohra
JashojitMukherjee,AmrishaVohra
AbhinavAppidi,AmrishaVohra
KshitijAgrawal,AmrishaVohra
VennelaMiryala,AmrishaVohra
KondaM,AmrishaVohra
BhuwanKathuria,AmrishaVohra
NancyAggarwal,AmrishaVohra
SudarshRathi,AmrishaVohra
SharvaniChandu,AmrishaVohra
DarpanKhurana,AmrishaVohra
GauravAgrawal,AmrishaVohra
TejaswineeKelkar,AmrishaVohra
MadhulikaJain,AmrishaVohra
VinayGarg,AmrishaVohra
UdyanKhurana,AmrishaVohra
LalitKundu,AmrishaVohra
KaranAggarwal2,AmrishaVohra
NanCy3,AmrishaVohra
HimanshuSharma116,AmrishaVohra
JoannaSundharam,AmrishaVohra
SheetalReddy,AmrishaVohra
KaranSingla,AmrishaVohra
prathyushkumarkasyapsambaturu,AmrishaVohra
AjinkyaKale,AmrishaVohra
TarangGoyal,AmrishaVohra
SiddhantPrakash,AmrishaVohra
AbhinavMoudgil,AmrishaVohra
AdityaJoshi,AmrishaVohra
HimaniUpadhyay,AmrishaVohra
RavichandraPothamsetty,AmrishaVohra
PrachiDoshi,AmrishaVohra
PulkitSinghal,AmrishaVohra
RohanGupta,AmrishaVohra
Krishna,AmrishaVohra
AakankshaMehta,AmrishaVohra
PrateekJain21,AmrishaVohra
RiteshKhodaskar,AmrishaVohra
rdasgupta,AmrishaVohra
PallaviGupta,AmrishaVohra
ThakurAkash,AmrishaVohra
JashwanthReddy,AmrishaVohra
HimanshuGupta33,AmrishaVohra
DevaDath,AmrishaVohra
ShashankAgarwal,AmrishaVohra
rahulsihag,AmrishaVohra
ArjitSrivastava,AmrishaVohra
KoustavMullick,AmrishaVohra
ParijatRay,AmrishaVohra
DeveshGupta,AmrishaVohra
SandhyaRai,AmrishaVohra
RAJATAGGARWAL,AmrishaVohra
AyushiDalmia,AmrishaVohra
VaibhavThakur,AmrishaVohra
HarishYenala,AmrishaVohra
RvKaur,AmrishaVohra
MilindTalati,AmrishaVohra
SabareeshNikhilC,VennelaMiryala
SakshiGupta,VennelaMiryala
RaviAgarwal,VennelaMiryala
vivekprakash,VennelaMiryala
KaushikIska,VennelaMiryala
AbhijatSharma,VennelaMiryala
GDrushtiApoorva,VennelaMiryala
PriyaBansal,VennelaMiryala
BodduluriPhani,VennelaMiryala
shivanipoddar,VennelaMiryala
AbhinavAppidi,VennelaMiryala
VibhavSrivastava,VennelaMiryala
AmrishaVohra,VennelaMiryala
ChennaRajaram,VennelaMiryala
UrmiGhosh,VennelaMiryala
KondaM,VennelaMiryala
VarunAggarwal,VennelaMiryala
KotloSharan,VennelaMiryala
SudarshRathi,VennelaMiryala
SharvaniChandu,VennelaMiryala
aniruddhatammewar,VennelaMiryala
NurendraChoudhary,VennelaMiryala
DharmaTeja,VennelaMiryala
PiyushBansal,VennelaMiryala
ArushiDogra,VennelaMiryala
VirinchiChilukuri,VennelaMiryala
MadhulikaJain,VennelaMiryala
AnoopKumar,VennelaMiryala
NanCy3,VennelaMiryala
ShrutiGullapuram,VennelaMiryala
SarthakAgarwal,VennelaMiryala
RaveeshMotlani,VennelaMiryala
SheetalReddy,VennelaMiryala
KopalNihar,VennelaMiryala
RaviRajaGanta,VennelaMiryala
AbhinavMoudgil,VennelaMiryala
AvniVerma,VennelaMiryala
akashraj,VennelaMiryala
MSAi,VennelaMiryala
AtmakuriVenkataTrinath,VennelaMiryala
AmeyaPrabhu,VennelaMiryala
PraveenaPechetti,VennelaMiryala
DikshaYadav,VennelaMiryala
SriKailashGandebathula,VennelaMiryala
KhushbooJha,VennelaMiryala
paraggupta,VennelaMiryala
JashwanthReddy,VennelaMiryala
NikithaReddy,VennelaMiryala
SriharshBhyravajjula,VennelaMiryala
BhagyeshVarvdekar,VennelaMiryala
ShubhamKumar56,VennelaMiryala
AdityaEaturu,VennelaMiryala
RAJATAGGARWAL,VennelaMiryala
MushtaqGohar,VennelaMiryala
AbhayjeetSingh,VennelaMiryala
RashmiTonge,VennelaMiryala
RvKaur,VennelaMiryala
PrathyushaKuncham,VennelaMiryala
ChanduBasetti,VennelaMiryala
RomdhoniDoni,VennelaMiryala
SakshiGupta,UrmiGhosh
RaviAgarwal,UrmiGhosh
AkshayMinocha,UrmiGhosh
SaranshSingh,UrmiGhosh
vivekprakash,UrmiGhosh
KaushikIska,UrmiGhosh
AbhijatSharma,UrmiGhosh
RajeshChaturvedi,UrmiGhosh
PriyaBansal,UrmiGhosh
HimanshuZade,UrmiGhosh
SatarupaSengupta,UrmiGhosh
ShashankMujumdar,UrmiGhosh
shivanipoddar,UrmiGhosh
VibhavSrivastava,UrmiGhosh
KshitijAgrawal,UrmiGhosh
VennelaMiryala,UrmiGhosh
NitinAgarwal,UrmiGhosh
AmitashOjha,UrmiGhosh
VarunAggarwal,UrmiGhosh
PravinPatil,UrmiGhosh
NAgrawal,UrmiGhosh
PoojaKaul,UrmiGhosh
RishabhSrivastava,UrmiGhosh
RinuSuresh,UrmiGhosh
akrishtasahay,UrmiGhosh
SudarshRathi,UrmiGhosh
VasanthSai,UrmiGhosh
aniruddhatammewar,UrmiGhosh
PiyushBansal,UrmiGhosh
GarimaAgrawal1,UrmiGhosh
DeepanGupta,UrmiGhosh
AnoopKumar,UrmiGhosh
AkhilAgrawal,UrmiGhosh
SathyaThati,UrmiGhosh
NanCy3,UrmiGhosh
RaveeshMotlani,UrmiGhosh
KaranSingla,UrmiGhosh
AnkitTopno,UrmiGhosh
KMishra,UrmiGhosh
SabujChattopadhyay,UrmiGhosh
abhilekhkr,UrmiGhosh
TarangGoyal,UrmiGhosh
AvniVerma,UrmiGhosh
kapildontula,UrmiGhosh
AdityaJoshi,UrmiGhosh
AtmakuriVenkataTrinath,UrmiGhosh
JhaJyoti,UrmiGhosh
pratikzambani,UrmiGhosh
DhrubajyotiDutta,UrmiGhosh
ChiranjeevSharma,UrmiGhosh
PulkitSinghal,UrmiGhosh
SGupta,UrmiGhosh
YashGirdhar,UrmiGhosh
ArijitDutta,UrmiGhosh
DikshaYadav,UrmiGhosh
DivyaMokkapati,UrmiGhosh
AbhilashInumella,UrmiGhosh
PratikAnand,UrmiGhosh
AnujGadhave,UrmiGhosh
DevaDath,UrmiGhosh
MartinBerka,ChennaRajaram
AshishLoya,ChennaRajaram
hadijarahi,ChennaRajaram
GDrushtiApoorva,ChennaRajaram
TejaswiMukkala,ChennaRajaram
VennelaMiryala,ChennaRajaram
KotloSharan,ChennaRajaram
SharvaniChandu,ChennaRajaram
ArushiDogra,ChennaRajaram
AnoopKumar,ChennaRajaram
LalitKundu,ChennaRajaram
NanCy3,ChennaRajaram
SrutiRallapalli,ChennaRajaram
KopalNihar,ChennaRajaram
SabujChattopadhyay,ChennaRajaram
DeeptiG,ChennaRajaram
SaeidehNZ,ChennaRajaram
PrachiDoshi,ChennaRajaram
AkhilReddy8,ChennaRajaram
MuralidharAvvari,ChennaRajaram
SiempuRahulChowdary,ChennaRajaram
BharathiThadigotla,ChennaRajaram
AJAYKUMARSREERAMA,ChennaRajaram
SriKailashGandebathula,ChennaRajaram
JashwanthReddy,ChennaRajaram
SatyaChaitanya,ChennaRajaram
AbhignaBhatt,ChennaRajaram
RajeshChenna,ChennaRajaram
OtraSpandana,ChennaRajaram
AkhilaManne,ChennaRajaram
KashyapMurthy,ChennaRajaram
MadhuKotika,ChennaRajaram
AbhilashReddy7,ChennaRajaram
ShourieReddy,ChennaRajaram
PavanPatchigolla,ChennaRajaram
nikhil,ChennaRajaram
KarthikReddy35,ChennaRajaram
NarenderBodige,ChennaRajaram
DivyaKodali,ChennaRajaram
ShashankSiripragada,ChennaRajaram
YogeshBhattarai,ChennaRajaram
Ankitgoyal,ChennaRajaram
AndrBelejo,ChennaRajaram
RuiMaio,ChennaRajaram
MaharshiAekkati,ChennaRajaram
ShivaKumar31,ChennaRajaram
PreetiCoduri,ChennaRajaram
DivyaVani,ChennaRajaram
HannanSyed,ChennaRajaram
ShruthiYaski,ChennaRajaram
SindhuMadhavi,ChennaRajaram
ManeeshaPapireddygari,ChennaRajaram
RajWadhwani,ChennaRajaram
LakshmiKanthB,ChennaRajaram
SreenivasuluDandagala,ChennaRajaram
AniketBhalkikar,ChennaRajaram
AAmerSYed,ChennaRajaram
SaiJahnaviGamalapati,ChennaRajaram
VenuMadhavKattagoni,ChennaRajaram
AshwiniTeegala,ChennaRajaram
SakshiGupta,KondaM
YogeshMaheshwari,KondaM
KaushikIska,KondaM
HarshaAechuri,KondaM
GDrushtiApoorva,KondaM
PriyaBansal,KondaM
BodduluriPhani,KondaM
shivanipoddar,KondaM
AbhinavAppidi,KondaM
DevanshShah,KondaM
AmrishaVohra,KondaM
VennelaMiryala,KondaM
ArpitMerchant,KondaM
KotloSharan,KondaM
SudarshRathi,KondaM
SharvaniChandu,KondaM
NurendraChoudhary,KondaM
DharmaTeja,KondaM
PiyushBansal,KondaM
ArushiDogra,KondaM
RevanthKorrapati,KondaM
GarimaAgrawal1,KondaM
UdyanKhurana,KondaM
KaranAggarwal2,KondaM
LalitKundu,KondaM
NanCy3,KondaM
SarthakAgarwal,KondaM
RaveeshMotlani,KondaM
KaranSingla,KondaM
ChanakyaVishwanathReddy,KondaM
RaviRajaGanta,KondaM
SabujChattopadhyay,KondaM
ManasTewari,KondaM
TarangGoyal,KondaM
SiddhantPrakash,KondaM
HarishMudimela,KondaM
AtmakuriVenkataTrinath,KondaM
YashGirdhar,KondaM
PrateekJain21,KondaM
AkhilReddy8,KondaM
AbhilashInumella,KondaM
AdityaJindal,KondaM
DhritiGoyal,KondaM
SriKailashGandebathula,KondaM
JashwanthReddy,KondaM
paraggupta,KondaM
ThakurAkash,KondaM
RahulSharma98,KondaM
AmanArora,KondaM
SuryaDeep,KondaM
AnkitaKumari10,KondaM
ArjitSrivastava,KondaM
OtraSpandana,KondaM
KashyapMurthy,KondaM
RAJATAGGARWAL,KondaM
PrudhviDeep,KondaM
MadhuKotika,KondaM
ChandrakanthGujju,KondaM
SamyuktaMogili,KondaM
AbhilashReddy7,KondaM
YogeshMaheshwari,PravinPatil
RaviAgarwal,PravinPatil
AkshayMinocha,PravinPatil
KaushikIska,PravinPatil
AbhijatSharma,PravinPatil
GDrushtiApoorva,PravinPatil
RajeshChaturvedi,PravinPatil
PriyaBansal,PravinPatil
HimanshuZade,PravinPatil
ShashankMujumdar,PravinPatil
VibhavSrivastava,PravinPatil
DevanshShah,PravinPatil
KshitijAgrawal,PravinPatil
NitinAgarwal,PravinPatil
AnujKatiyal,PravinPatil
VarunAggarwal,PravinPatil
ArpitMerchant,PravinPatil
PiyushPoddar,PravinPatil
VipulRaheja,PravinPatil
SudarshRathi,PravinPatil
VasanthSai,PravinPatil
aniruddhatammewar,PravinPatil
BharatMunshi,PravinPatil
PiyushBansal,PravinPatil
MadhulikaJain,PravinPatil
GarimaAgrawal1,PravinPatil
KumarRishabhAh,PravinPatil
DeepanGupta,PravinPatil
VinayGarg,PravinPatil
AnoopKumar,PravinPatil
SathyaThati,PravinPatil
ShashankSharma,PravinPatil
RaveeshMotlani,PravinPatil
KaranSingla,PravinPatil
KMishra,PravinPatil
VrushankVyas,PravinPatil
SabujChattopadhyay,PravinPatil
ChetanGupta,PravinPatil
TarangGoyal,PravinPatil
SiddhantPrakash,PravinPatil
AvniVerma,PravinPatil
HarishMudimela,PravinPatil
JhaJyoti,PravinPatil
pratikzambani,PravinPatil
ApoorvReddy,PravinPatil
AmeyaPrabhu,PravinPatil
DhrubajyotiDutta,PravinPatil
ChiranjeevSharma,PravinPatil
AdityaPratapSingh,PravinPatil
YashGirdhar,PravinPatil
ArjunSNath,PravinPatil
AkhilReddy8,PravinPatil
AdityaJindal,PravinPatil
ThakurAkash,PravinPatil
IchchitAgrawal,PravinPatil
JashwanthReddy,PravinPatil
paraggupta,PravinPatil
RahulSharma98,PravinPatil
AmanArora,PravinPatil
SaurabhJain,PravinPatil
DalelBenbabaali,IndranilChakrabarty
ProbalDasgupta,IndranilChakrabarty
MalayRoychoudhury,IndranilChakrabarty
DhyanBindu,IndranilChakrabarty
BodhisatwaDas,IndranilChakrabarty
AbhijatSharma,IndranilChakrabarty
IpsitaPal,IndranilChakrabarty
KrishnayanHaldar,IndranilChakrabarty
AbhinavAppidi,IndranilChakrabarty
,IndranilChakrabarty
ShivPoojanPatel,IndranilChakrabarty
AritraKundu,IndranilChakrabarty
ArushiDogra,IndranilChakrabarty
Sharmisthakar,IndranilChakrabarty
DiptarkaGupta,IndranilChakrabarty
DDas,IndranilChakrabarty
VrushankVyas,IndranilChakrabarty
RajivVelicheti,IndranilChakrabarty
SabujChattopadhyay,IndranilChakrabarty
PrashantSrivastava3,IndranilChakrabarty
ManjiraSinha,IndranilChakrabarty
DEVYANIBHARADWAJ,IndranilChakrabarty
RangeetMitra,IndranilChakrabarty
AbhishekBanerjee,IndranilChakrabarty
BandyopadhyaySaikat,IndranilChakrabarty
LalitShukla,IndranilChakrabarty
TavvaRajesh,IndranilChakrabarty
AkhilReddy8,IndranilChakrabarty
RatriSengupta,IndranilChakrabarty
SayanChakrabarti,IndranilChakrabarty
PranabKundu,IndranilChakrabarty
AnsumanDey,IndranilChakrabarty
JashwanthReddy,IndranilChakrabarty
SwastyaneekNikshanan,IndranilChakrabarty
DrDebaldevJana,IndranilChakrabarty
EbongFushmontor,IndranilChakrabarty
GerardoAdesso,IndranilChakrabarty
SarkarPinaki,IndranilChakrabarty
ArjitSrivastava,IndranilChakrabarty
BiswajitPradhan,IndranilChakrabarty
ParijatRay,IndranilChakrabarty
AnuragSahay,IndranilChakrabarty
SandhyaRai,IndranilChakrabarty
ShankhadeepChakrabortty,IndranilChakrabarty
BrotoChakrabarty,IndranilChakrabarty
BhaskarRoyBardhan,IndranilChakrabarty
MondalDebasis,IndranilChakrabarty
AbhijitMitra,IndranilChakrabarty
ParthaPratimChowdhury,IndranilChakrabarty
SiddharthaMoulik,IndranilChakrabarty
MaharshiRay,IndranilChakrabarty
dipsankar,IndranilChakrabarty
PratikSarangi,IndranilChakrabarty
JayendraNBandyopadhyay,IndranilChakrabarty
PkAdithya,IndranilChakrabarty
ShiladityaMal,IndranilChakrabarty
PujaChauhan,IndranilChakrabarty
SourabhLahiri,IndranilChakrabarty
PankajMishra23,IndranilChakrabarty
Lohar,IndranilChakrabarty
SakshiGupta,SharvaniChandu
RaviAgarwal,SharvaniChandu
IjbbJournal,SharvaniChandu
GDrushtiApoorva,SharvaniChandu
PriyaBansal,SharvaniChandu
ananthkotti,SharvaniChandu
BodduluriPhani,SharvaniChandu
shivanipoddar,SharvaniChandu
AbhinavAppidi,SharvaniChandu
DevanshShah,SharvaniChandu
AmrishaVohra,SharvaniChandu
VennelaMiryala,SharvaniChandu
ChennaRajaram,SharvaniChandu
KondaM,SharvaniChandu
NAgrawal,SharvaniChandu
DharmaTeja,SharvaniChandu
DheerajRao2,SharvaniChandu
ArushiDogra,SharvaniChandu
GarimaAgrawal1,SharvaniChandu
UdyanKhurana,SharvaniChandu
KaranAggarwal2,SharvaniChandu
LalitKundu,SharvaniChandu
NanCy3,SharvaniChandu
SarthakAgarwal,SharvaniChandu
SandeepVempati,SharvaniChandu
KaranSingla,SharvaniChandu
SheetalReddy,SharvaniChandu
prathyushkumarkasyapsambaturu,SharvaniChandu
TarangGoyal,SharvaniChandu
SiddhantPrakash,SharvaniChandu
KsKeerthiReddy,SharvaniChandu
ijcacsjournal,SharvaniChandu
HarishMudimela,SharvaniChandu
DineshGoundla,SharvaniChandu
HimaniUpadhyay,SharvaniChandu
DhrubajyotiDutta,SharvaniChandu
TavvaRajesh,SharvaniChandu
DikshaYadav,SharvaniChandu
AkhilReddy8,SharvaniChandu
rdasgupta,SharvaniChandu
DhritiGoyal,SharvaniChandu
paraggupta,SharvaniChandu
ThakurAkash,SharvaniChandu
JashwanthReddy,SharvaniChandu
VadhriBharadwaj,SharvaniChandu
AnkitaKumari10,SharvaniChandu
JsnReddy,SharvaniChandu
ArjitSrivastava,SharvaniChandu
HimilSheth,SharvaniChandu
KoustavMullick,SharvaniChandu
OtraSpandana,SharvaniChandu
MahakGambhir,SharvaniChandu
KashyapMurthy,SharvaniChandu
RAJATAGGARWAL,SharvaniChandu
MadhuKotika,SharvaniChandu
nehaummareddy,SharvaniChandu
AbhayjeetSingh,SharvaniChandu
RashmiTonge,SharvaniChandu
CharitanyaReddy,SharvaniChandu
PrathyushaKuncham,SharvaniChandu
AnimeshChoudhary,aniruddhatammewar
SakshiGupta,aniruddhatammewar
AkshayMinocha,aniruddhatammewar
KaushikIska,aniruddhatammewar
AbhijatSharma,aniruddhatammewar
GDrushtiApoorva,aniruddhatammewar
MukherjeeAbhinav,aniruddhatammewar
RajeshChaturvedi,aniruddhatammewar
PrayagSinha,aniruddhatammewar
HimanshuZade,aniruddhatammewar
AkshayChalikwar,aniruddhatammewar
BodduluriPhani,aniruddhatammewar
ShashankMujumdar,aniruddhatammewar
VibhavSrivastava,aniruddhatammewar
KshitijAgrawal,aniruddhatammewar
VennelaMiryala,aniruddhatammewar
LPAULHAOKIPNESTHARHAOKIP,aniruddhatammewar
AnujKatiyal,aniruddhatammewar
VarunAggarwal,aniruddhatammewar
ArpitMerchant,aniruddhatammewar
PravinPatil,aniruddhatammewar
VipulRaheja,aniruddhatammewar
NamitChaudhary,aniruddhatammewar
AkshatKharaya,aniruddhatammewar
RishabhSrivastava,aniruddhatammewar
KotloSharan,aniruddhatammewar
ninadbhagwat,aniruddhatammewar
SudarshRathi,aniruddhatammewar
NurendraChoudhary,aniruddhatammewar
MadhulikaJain,aniruddhatammewar
GarimaAgrawal1,aniruddhatammewar
KumarRishabhAh,aniruddhatammewar
AnoopKumar,aniruddhatammewar
LalitKundu,aniruddhatammewar
RaveeshMotlani,aniruddhatammewar
KaranSingla,aniruddhatammewar
SrutiRallapalli,aniruddhatammewar
KalpitSarda,aniruddhatammewar
ChetanGupta,aniruddhatammewar
SiddhantPrakash,aniruddhatammewar
AvniVerma,aniruddhatammewar
RivinduPerera,aniruddhatammewar
HimanshuBansal,aniruddhatammewar
divyagoyal,aniruddhatammewar
pratikzambani,aniruddhatammewar
AmeyaPrabhu,aniruddhatammewar
YashGirdhar,aniruddhatammewar
ArjunSNath,aniruddhatammewar
AkhilReddy8,aniruddhatammewar
AdityaJindal,aniruddhatammewar
TanmaySharma,aniruddhatammewar
DhritiGoyal,aniruddhatammewar
KhushbooJha,aniruddhatammewar
JashwanthReddy,aniruddhatammewar
paraggupta,aniruddhatammewar
RahulSharma98,aniruddhatammewar
AnkitaKumari10,aniruddhatammewar
SriharshBhyravajjula,aniruddhatammewar
AbhineetAgarwal,aniruddhatammewar
OtraSpandana,aniruddhatammewar
SakshiGupta,DharmaTeja
YogeshMaheshwari,DharmaTeja
KaushikIska,DharmaTeja
AbhijatSharma,DharmaTeja
GDrushtiApoorva,DharmaTeja
PriyaBansal,DharmaTeja
NavadeepPodapati,DharmaTeja
AshokDibbada,DharmaTeja
shivanipoddar,DharmaTeja
AbhinavAppidi,DharmaTeja
SatyaMandava,DharmaTeja
VennelaMiryala,DharmaTeja
KondaM,DharmaTeja
NAgrawal,DharmaTeja
KotloSharan,DharmaTeja
RonakKogta,DharmaTeja
SharvaniChandu,DharmaTeja
NurendraChoudhary,DharmaTeja
PiyushBansal,DharmaTeja
ArushiDogra,DharmaTeja
KumarRishabhAh,DharmaTeja
KaranAggarwal2,DharmaTeja
LalitKundu,DharmaTeja
ShrutiGullapuram,DharmaTeja
SheetalReddy,DharmaTeja
AravindGopalS,DharmaTeja
RaviRajaGanta,DharmaTeja
ManasTewari,DharmaTeja
AshokVardhan,DharmaTeja
AkhilReddy8,DharmaTeja
DhritiGoyal,DharmaTeja
SriKailashGandebathula,DharmaTeja
ThakurAkash,DharmaTeja
JashwanthReddy,DharmaTeja
RahulSharma98,DharmaTeja
AmanArora,DharmaTeja
KrishnaKanchoju,DharmaTeja
ShubhamKumar56,DharmaTeja
OtraSpandana,DharmaTeja
HimilSheth,DharmaTeja
SivaKaruturi,DharmaTeja
PrudhviDeep,DharmaTeja
PrathyushaKuncham,DharmaTeja
SouravSarangi,DharmaTeja
SamyuktaMogili,DharmaTeja
AquibJamal,DharmaTeja
AbhilashReddy7,DharmaTeja
ARayala,DharmaTeja
ShourieReddy,DharmaTeja
RajatSingla4,DharmaTeja
AmitJha12,DharmaTeja
VaishnaviJakkireddy,DharmaTeja
KarthikReddy35,DharmaTeja
MehtabKhan9,DharmaTeja
SiddharthaVasireddy,DharmaTeja
SonaliGoyal,DharmaTeja
ShashankSiripragada,DharmaTeja
HariRonanki,DharmaTeja
RemyaIyer,DharmaTeja
SriharshaDumpala,DharmaTeja
KasunRangaWijeweera,MadhulikaJain
GauravBansal,MadhulikaJain
SakshiGupta,MadhulikaJain
JairajBhattacharya,MadhulikaJain
vivekprakash,MadhulikaJain
KaushikIska,MadhulikaJain
AbhijatSharma,MadhulikaJain
SainathGupta,MadhulikaJain
PriyaBansal,MadhulikaJain
HimanshuZade,MadhulikaJain
BodduluriPhani,MadhulikaJain
ShashankMujumdar,MadhulikaJain
AmrishaVohra,MadhulikaJain
VennelaMiryala,MadhulikaJain
NitinAgarwal,MadhulikaJain
VarunAggarwal,MadhulikaJain
PravinPatil,MadhulikaJain
VipulRaheja,MadhulikaJain
RonakKogta,MadhulikaJain
VasanthSai,MadhulikaJain
aniruddhatammewar,MadhulikaJain
bodhayan,MadhulikaJain
ArushiDogra,MadhulikaJain
KumarRishabhAh,MadhulikaJain
DeepanGupta,MadhulikaJain
AnoopKumar,MadhulikaJain
ShashankSharma,MadhulikaJain
KMishra,MadhulikaJain
AlankarRastogi,MadhulikaJain
AmitBarjatya,MadhulikaJain
TarangGoyal,MadhulikaJain
AvniVerma,MadhulikaJain
MahakSinghal,MadhulikaJain
kapildontula,MadhulikaJain
JhaJyoti,MadhulikaJain
pratikzambani,MadhulikaJain
DhrubajyotiDutta,MadhulikaJain
ajournal,MadhulikaJain
SGupta,MadhulikaJain
ArjunSNath,MadhulikaJain
DivyaMokkapati,MadhulikaJain
AnujGadhave,MadhulikaJain
JashwanthReddy,MadhulikaJain
paraggupta,MadhulikaJain
RahulSharma98,MadhulikaJain
rahulsihag,MadhulikaJain
ArjitSrivastava,MadhulikaJain
BhagyeshVarvdekar,MadhulikaJain
MukundRamakrishna,MadhulikaJain
AbhineetAgarwal,MadhulikaJain
HimilSheth,MadhulikaJain
OtraSpandana,MadhulikaJain
SameerchandPudaruth,MadhulikaJain
ChandrashekarV,MadhulikaJain
NiteshSurtani,MadhulikaJain
STripathi,MadhulikaJain
nehaummareddy,MadhulikaJain
RashmiTonge,MadhulikaJain
PrathyushaKuncham,MadhulikaJain
ErUJJWAL,MadhulikaJain
SakshiGupta,SathyaThati
JairajBhattacharya,SathyaThati
vivekprakash,SathyaThati
KaushikIska,SathyaThati
AbhijatSharma,SathyaThati
SainathGupta,SathyaThati
SugandhRakha,SathyaThati
HimanshuZade,SathyaThati
BodduluriPhani,SathyaThati
ShashankMujumdar,SathyaThati
NitinAgarwal,SathyaThati
VarunAggarwal,SathyaThati
HarshaMukherjee,SathyaThati
AnujKatiyal,SathyaThati
PravinPatil,SathyaThati
VipulRaheja,SathyaThati
RonakKogta,SathyaThati
VasanthSai,SathyaThati
AnkitaKothari,SathyaThati
VinayGarg,SathyaThati
AnoopKumar,SathyaThati
AkhilAgrawal,SathyaThati
DivyaGanti,SathyaThati
ShashankSharma,SathyaThati
SheetalReddy,SathyaThati
SrutiRallapalli,SathyaThati
MadhavaRaoNasini,SathyaThati
kapildontula,SathyaThati
HarishMudimela,SathyaThati
HimaniUpadhyay,SathyaThati
ApoorvReddy,SathyaThati
DhrubajyotiDutta,SathyaThati
PulkitSinghal,SathyaThati
ManojChandrasekaran,SathyaThati
AdityaPratapSingh,SathyaThati
VishwaVikas,SathyaThati
DivyaMokkapati,SathyaThati
KrishnapalSingh,SathyaThati
JoyDaniel,SathyaThati
JashwanthReddy,SathyaThati
SrikanthVaddepally,SathyaThati
ShantanuShrivastava,SathyaThati
piyushahuja,SathyaThati
GoutamTulsiyan,SathyaThati
RaghvendraMall,SathyaThati
OtraSpandana,SathyaThati
madhukesav,SathyaThati
ChandrashekarV,SathyaThati
YogeshAngal,SathyaThati
KashyapMurthy,SathyaThati
PujithaGade,SathyaThati
nehaummareddy,SathyaThati
VaibhavKedia,SathyaThati
nikhil,SathyaThati
ReddyRahul,SathyaThati
VenkataAnusha,SathyaThati
SumitKumar43,SathyaThati
GurjotSingh9,SathyaThati
SriharshaDumpala,SathyaThati
GautamMalu,SathyaThati
NehaInnanje,AnoopKumar
SakshiGupta,AnoopKumar
RaviAgarwal,AnoopKumar
AkshayMinocha,AnoopKumar
KaushikIska,AnoopKumar
AbhijatSharma,AnoopKumar
RajeshChaturvedi,AnoopKumar
SainathGupta,AnoopKumar
PriyaBansal,AnoopKumar
HimanshuZade,AnoopKumar
BodduluriPhani,AnoopKumar
ShashankMujumdar,AnoopKumar
shivanipoddar,AnoopKumar
KshitijAgrawal,AnoopKumar
VennelaMiryala,AnoopKumar
ChennaRajaram,AnoopKumar
AmitashOjha,AnoopKumar
UrmiGhosh,AnoopKumar
VarunAggarwal,AnoopKumar
AnujKatiyal,AnoopKumar
ArpitMerchant,AnoopKumar
PravinPatil,AnoopKumar
VipulRaheja,AnoopKumar
KotloSharan,AnoopKumar
RonakKogta,AnoopKumar
SudarshRathi,AnoopKumar
VasanthSai,AnoopKumar
aniruddhatammewar,AnoopKumar
MadhulikaJain,AnoopKumar
GarimaAgrawal1,AnoopKumar
KumarRishabhAh,AnoopKumar
SathyaThati,AnoopKumar
LalitKundu,AnoopKumar
RaveeshMotlani,AnoopKumar
KaranSingla,AnoopKumar
SheetalReddy,AnoopKumar
SrutiRallapalli,AnoopKumar
ChetanGupta,AnoopKumar
AvniVerma,AnoopKumar
kapildontula,AnoopKumar
HarishMudimela,AnoopKumar
AtmakuriVenkataTrinath,AnoopKumar
pratikzambani,AnoopKumar
ApoorvReddy,AnoopKumar
ChiranjeevSharma,AnoopKumar
PulkitSinghal,AnoopKumar
ArjunSNath,AnoopKumar
TavvaRajesh,AnoopKumar
DivyaMokkapati,AnoopKumar
AkhilReddy8,AnoopKumar
JashwanthReddy,AnoopKumar
PareshVerma,AnoopKumar
SrijanMagapu,AnoopKumar
RahulSharma98,AnoopKumar
piyushahuja,AnoopKumar
SuryaprakashReddy,AnoopKumar
GoutamTulsiyan,AnoopKumar
AbhineetAgarwal,AnoopKumar
varunreddy,AnoopKumar
ShikharRaje,AnoopKumar
SakshiGupta,KMishra
RaviAgarwal,KMishra
AshokSengupta,KMishra
CaijJournal,KMishra
AkshayMinocha,KMishra
JairajBhattacharya,KMishra
vivekprakash,KMishra
KaushikIska,KMishra
AbhijatSharma,KMishra
RajeshChaturvedi,KMishra
HimanshuZade,KMishra
SugandhRakha,KMishra
BodduluriPhani,KMishra
ShashankMujumdar,KMishra
AbhinavAppidi,KMishra
VibhavSrivastava,KMishra
KshitijAgrawal,KMishra
AmitashOjha,KMishra
UrmiGhosh,KMishra
VarunAggarwal,KMishra
AnuragVerma1,KMishra
PravinPatil,KMishra
MallipeddiHardhik,KMishra
VipulRaheja,KMishra
RonakKogta,KMishra
SudarshRathi,KMishra
pratanubanerjeeipampd,KMishra
MadhulikaJain,KMishra
DeepanGupta,KMishra
VinayGarg,KMishra
AkhilAgrawal,KMishra
MohitBansal2,KMishra
AmitBarjatya,KMishra
AvniVerma,KMishra
AvineshPolisetty,KMishra
kapildontula,KMishra
AtmakuriVenkataTrinath,KMishra
pratikzambani,KMishra
ApoorvReddy,KMishra
AmeyaPrabhu,KMishra
ChiranjeevSharma,KMishra
PulkitSinghal,KMishra
SGupta,KMishra
AnupSingh29,KMishra
SiddhantYadav,KMishra
DivyaMokkapati,KMishra
IJPLAJournal,KMishra
AnujGadhave,KMishra
KhushbooJha,KMishra
JashwanthReddy,KMishra
PareshVerma,KMishra
rahulsihag,KMishra
SaurabhJain,KMishra
piyushahuja,KMishra
SuryaprakashReddy,KMishra
GoutamTulsiyan,KMishra
AbhijeetGupta,KMishra
NiteshSurtani,KMishra
ChandrashekarV,KMishra
STripathi,KMishra
KasunRangaWijeweera,ChetanGupta
RaviAgarwal,ChetanGupta
AkshayMinocha,ChetanGupta
vivekprakash,ChetanGupta
KaushikIska,ChetanGupta
AbhijatSharma,ChetanGupta
eterbira,ChetanGupta
RajeshChaturvedi,ChetanGupta
HimanshuZade,ChetanGupta
BodduluriPhani,ChetanGupta
ShashankMujumdar,ChetanGupta
MrugankBhatt,ChetanGupta
AbhinavAppidi,ChetanGupta
VibhavSrivastava,ChetanGupta
KshitijAgrawal,ChetanGupta
NitinAgarwal,ChetanGupta
AnujKatiyal,ChetanGupta
PravinPatil,ChetanGupta
VipulRaheja,ChetanGupta
aniruddhatammewar,ChetanGupta
BharatMunshi,ChetanGupta
DeepanGupta,ChetanGupta
AnoopKumar,ChetanGupta
ShashankSharma,ChetanGupta
SheetalReddy,ChetanGupta
MadhavaRaoNasini,ChetanGupta
TarangGoyal,ChetanGupta
AvniVerma,ChetanGupta
pratikzambani,ChetanGupta
techaddict,ChetanGupta
AmitSaharana,ChetanGupta
ShaliniSah,ChetanGupta
SGupta,ChetanGupta
AdityaPratapSingh,ChetanGupta
ArjunSNath,ChetanGupta
DivyaMokkapati,ChetanGupta
KushanGajjar,ChetanGupta
IJPLAJournal,ChetanGupta
AnudhyanBoral,ChetanGupta
JashwanthReddy,ChetanGupta
paraggupta,ChetanGupta
piyushahuja,ChetanGupta
BhagyeshVarvdekar,ChetanGupta
RiturajYadav,ChetanGupta
MukundRamakrishna,ChetanGupta
AbhineetAgarwal,ChetanGupta
ShikharRaje,ChetanGupta
DeepikaPathania,ChetanGupta
ChandrashekarV,ChetanGupta
RashmiTonge,ChetanGupta
PrathyushaKuncham,ChetanGupta
PalashSashittal,ChetanGupta
ShoaibKhan39,ChetanGupta
InayatHira,ChetanGupta
MaharshiRay,ChetanGupta
NJain,ChetanGupta
KarthikReddy35,ChetanGupta
RajaAgarwal,ChetanGupta
SriramGudimella,ChetanGupta
DeepakKumar435,ChetanGupta
KasunRangaWijeweera,TarangGoyal
SakshiGupta,TarangGoyal
RaviAgarwal,TarangGoyal
AkshayMinocha,TarangGoyal
vivekprakash,TarangGoyal
KaushikIska,TarangGoyal
GarimaAgrawal8,TarangGoyal
SameerSaxena,TarangGoyal
AbhijatSharma,TarangGoyal
RajeshChaturvedi,TarangGoyal
PriyaBansal,TarangGoyal
HimanshuZade,TarangGoyal
BodduluriPhani,TarangGoyal
EklavyaMahajan,TarangGoyal
shivanipoddar,TarangGoyal
AbhinavAppidi,TarangGoyal
VibhavSrivastava,TarangGoyal
KshitijAgrawal,TarangGoyal
AmrishaVohra,TarangGoyal
UrmiGhosh,TarangGoyal
ArihantSethia,TarangGoyal
NitinAgarwal,TarangGoyal
KondaM,TarangGoyal
AnujKatiyal,TarangGoyal
VarunAggarwal,TarangGoyal
PravinPatil,TarangGoyal
MallipeddiHardhik,TarangGoyal
SudarshRathi,TarangGoyal
SharvaniChandu,TarangGoyal
NurendraChoudhary,TarangGoyal
PiyushBansal,TarangGoyal
ArushiDogra,TarangGoyal
MadhulikaJain,TarangGoyal
DeepanGupta,TarangGoyal
ShashankSharma,TarangGoyal
NanCy3,TarangGoyal
rajatsaxena,TarangGoyal
GauravSingh,TarangGoyal
RaveeshMotlani,TarangGoyal
ChetanGupta,TarangGoyal
JhaJyoti,TarangGoyal
pratikzambani,TarangGoyal
ApoorvReddy,TarangGoyal
ArjunSNath,TarangGoyal
PayalPriyadarshini,TarangGoyal
DikshaYadav,TarangGoyal
IJPLAJournal,TarangGoyal
JashwanthReddy,TarangGoyal
paraggupta,TarangGoyal
BhagyeshVarvdekar,TarangGoyal
AnchalJaiswal,TarangGoyal
AbhineetAgarwal,TarangGoyal
RaviGupta11,TarangGoyal
nehaummareddy,TarangGoyal
RashmiTonge,TarangGoyal
AbhayjeetSingh,TarangGoyal
ReddyNavya,TarangGoyal
SriramGudimella,TarangGoyal
SiddharthSinha,TarangGoyal
SaujanyaReddy,TarangGoyal
RaviAgarwal,kapildontula
AkshayMinocha,kapildontula
KaushikIska,kapildontula
AbhijatSharma,kapildontula
HimanshuZade,kapildontula
BodduluriPhani,kapildontula
KshitijAgrawal,kapildontula
UrmiGhosh,kapildontula
NitinAgarwal,kapildontula
HarshaMukherjee,kapildontula
VarunAggarwal,kapildontula
saikrishnadhondi,kapildontula
MadhulikaJain,kapildontula
DeepanGupta,kapildontula
VinayGarg,kapildontula
AnoopKumar,kapildontula
SathyaThati,kapildontula
ShashankSharma,kapildontula
KMishra,kapildontula
SrutiRallapalli,kapildontula
AvniVerma,kapildontula
AshwaniGaur,kapildontula
SiddharthVodnala,kapildontula
ChandrashekharSirimala,kapildontula
ChiranjeevSharma,kapildontula
SGupta,kapildontula
AdityaPratapSingh,kapildontula
DivyaMokkapati,kapildontula
areddy,kapildontula
AnujGadhave,kapildontula
PareshVerma,kapildontula
JashwanthReddy,kapildontula
ShantanuShrivastava,kapildontula
rahulsihag,kapildontula
SaurabhJain,kapildontula
piyushahuja,kapildontula
SuryaprakashReddy,kapildontula
RiturajYadav,kapildontula
PranayKumar,kapildontula
DeepikaPathania,kapildontula
ShashankPaliwal,kapildontula
NiteshSurtani,kapildontula
aneroodbhargavp,kapildontula
HimanshuJain1,kapildontula
SRavindraRao,kapildontula
RashmiTonge,kapildontula
SriParimal,kapildontula
PrathyushaKuncham,kapildontula
AnnamaneniNarendra,kapildontula
NJain,kapildontula
UtsavJain,kapildontula
VeerendraGupta,kapildontula
SriramGudimella,kapildontula
HarshitAgrawal,kapildontula
DRajpurohit,kapildontula
KuldeepPorwal,kapildontula
KotnanaSiddhartha,kapildontula
shivakomaravelli,kapildontula
VishwakTadisina,kapildontula
ARUNREDDY,kapildontula
SakshiGupta,AtmakuriVenkataTrinath
LohithMenchu,AtmakuriVenkataTrinath
SriramKarnati,AtmakuriVenkataTrinath
RajeshChaturvedi,AtmakuriVenkataTrinath
HimanshuZade,AtmakuriVenkataTrinath
BodduluriPhani,AtmakuriVenkataTrinath
SaiNadimpalli,AtmakuriVenkataTrinath
AJayaKiranReddy,AtmakuriVenkataTrinath
KshitijAgrawal,AtmakuriVenkataTrinath
VennelaMiryala,AtmakuriVenkataTrinath
UrmiGhosh,AtmakuriVenkataTrinath
KondaM,AtmakuriVenkataTrinath
HarshaMukherjee,AtmakuriVenkataTrinath
AnujKatiyal,AtmakuriVenkataTrinath
BrianOrtese,AtmakuriVenkataTrinath
AnoopKumar,AtmakuriVenkataTrinath
SheetalReddy,AtmakuriVenkataTrinath
KMishra,AtmakuriVenkataTrinath
RajeshPothamsetty,AtmakuriVenkataTrinath
AbhinavMoudgil,AtmakuriVenkataTrinath
AvniVerma,AtmakuriVenkataTrinath
SriramReddyKalluri,AtmakuriVenkataTrinath
PrasanthAlapati,AtmakuriVenkataTrinath
ChiranjeevSharma,AtmakuriVenkataTrinath
DivyaMokkapati,AtmakuriVenkataTrinath
MohankrishnaManchala,AtmakuriVenkataTrinath
SriKailashGandebathula,AtmakuriVenkataTrinath
JashwanthReddy,AtmakuriVenkataTrinath
SaurabhJain,AtmakuriVenkataTrinath
RaviVooda,AtmakuriVenkataTrinath
SuryaprakashReddy,AtmakuriVenkataTrinath
RiturajYadav,AtmakuriVenkataTrinath
RaghvendraMall,AtmakuriVenkataTrinath
AbhineetAgarwal,AtmakuriVenkataTrinath
PrudhviDeep,AtmakuriVenkataTrinath
HimanshuJain1,AtmakuriVenkataTrinath
MannavaSpandan,AtmakuriVenkataTrinath
SrikarBodla,AtmakuriVenkataTrinath
PrathyushaKuncham,AtmakuriVenkataTrinath
AbhilashReddy7,AtmakuriVenkataTrinath
AnnamaneniNarendra,AtmakuriVenkataTrinath
MahatheyPavan,AtmakuriVenkataTrinath
ReddyNavya,AtmakuriVenkataTrinath
KarthikReddy35,AtmakuriVenkataTrinath
VeerendraGupta,AtmakuriVenkataTrinath
SriramGudimella,AtmakuriVenkataTrinath
ShashankSiripragada,AtmakuriVenkataTrinath
RameshKottamasu,AtmakuriVenkataTrinath
PradeepReddy,AtmakuriVenkataTrinath
RajendraKrishna1,AtmakuriVenkataTrinath
RachaAvinash,AtmakuriVenkataTrinath
PavitraMohapatra,AtmakuriVenkataTrinath
YashaswiReddy,AtmakuriVenkataTrinath
NagaSandeepRamachandruni,AtmakuriVenkataTrinath
RaghuRaghavendra,AtmakuriVenkataTrinath
HariPalempati,AtmakuriVenkataTrinath
DeepakAbburi,AtmakuriVenkataTrinath
AbhimanyuJayakanth,AtmakuriVenkataTrinath
AnuraMohania,AtmakuriVenkataTrinath
ArnavSharma,AtmakuriVenkataTrinath
SakshiGupta,pratikzambani
AbhijeetMukhekar,pratikzambani
RaviAgarwal,pratikzambani
AkshayMinocha,pratikzambani
vivekprakash,pratikzambani
KaushikIska,pratikzambani
AbhijatSharma,pratikzambani
GDrushtiApoorva,pratikzambani
RajeshChaturvedi,pratikzambani
HimanshuZade,pratikzambani
BodduluriPhani,pratikzambani
PrashantSahu,pratikzambani
VibhavSrivastava,pratikzambani
KshitijAgrawal,pratikzambani
UrmiGhosh,pratikzambani
NitinAgarwal,pratikzambani
VarunAggarwal,pratikzambani
PravinPatil,pratikzambani
VipulRaheja,pratikzambani
SudarshRathi,pratikzambani
aniruddhatammewar,pratikzambani
MadhulikaJain,pratikzambani
DeepanGupta,pratikzambani
AnoopKumar,pratikzambani
ShashankSharma,pratikzambani
RaveeshMotlani,pratikzambani
ShashankC,pratikzambani
KMishra,pratikzambani
ChetanGupta,pratikzambani
TarangGoyal,pratikzambani
ApoorvReddy,pratikzambani
ArjunSNath,pratikzambani
AkashGadekar,pratikzambani
HarshitKhandelwal,pratikzambani
JashwanthReddy,pratikzambani
paraggupta,pratikzambani
SinghArpit,pratikzambani
SaurabhJain,pratikzambani
AbhineetAgarwal,pratikzambani
ShikharRaje,pratikzambani
SourabhGoyal,pratikzambani
RAJATAGGARWAL,pratikzambani
GayathriSrinivasan,pratikzambani
RashmiTonge,pratikzambani
PrathyushaKuncham,pratikzambani
ShoaibKhan39,pratikzambani
MaharshiRay,pratikzambani
RahulGupta,pratikzambani
SonaliGoyal,pratikzambani
SriramGudimella,pratikzambani
DeveshKushwah,pratikzambani
SarojJadhav,pratikzambani
SumitWagh,pratikzambani
SwapnilJain13,pratikzambani
SAURABHDESAI,pratikzambani
AnubhavShrivastava,pratikzambani
masrinaturnip,pratikzambani
MayankMalaviya,pratikzambani
RakeshBaddam,pratikzambani
HrushikeshSable,pratikzambani
GauravBansal,ApoorvReddy
SakshiGupta,ApoorvReddy
AkshayMinocha,ApoorvReddy
JairajBhattacharya,ApoorvReddy
vivekprakash,ApoorvReddy
AbhijatSharma,ApoorvReddy
SainathGupta,ApoorvReddy
PriyaBansal,ApoorvReddy
HimanshuZade,ApoorvReddy
BodduluriPhani,ApoorvReddy
AbhinavAppidi,ApoorvReddy
KshitijAgrawal,ApoorvReddy
NitinAgarwal,ApoorvReddy
PravinPatil,ApoorvReddy
VipulRaheja,ApoorvReddy
DheerajReddy,ApoorvReddy
VasanthSai,ApoorvReddy
KumarRishabhAh,ApoorvReddy
VinayGarg,ApoorvReddy
AnoopKumar,ApoorvReddy
AkhilAgrawal,ApoorvReddy
SathyaThati,ApoorvReddy
RaveeshMotlani,ApoorvReddy
KaranSingla,ApoorvReddy
SheetalReddy,ApoorvReddy
PrageetSharma,ApoorvReddy
VivekSivathanu,ApoorvReddy
KMishra,ApoorvReddy
shilpichaudhry,ApoorvReddy
TarangGoyal,ApoorvReddy
SiddhantPrakash,ApoorvReddy
pratikzambani,ApoorvReddy
DhrubajyotiDutta,ApoorvReddy
PulkitSinghal,ApoorvReddy
SGupta,ApoorvReddy
AdityaPratapSingh,ApoorvReddy
DivyaMokkapati,ApoorvReddy
KrishnapalSingh,ApoorvReddy
AdityaJindal,ApoorvReddy
paraggupta,ApoorvReddy
JashwanthReddy,ApoorvReddy
RahulSharma98,ApoorvReddy
SrikanthVaddepally,ApoorvReddy
rahulsihag,ApoorvReddy
piyushahuja,ApoorvReddy
SinghSaurabh,ApoorvReddy
RiturajYadav,ApoorvReddy
GoutamTulsiyan,ApoorvReddy
ShikharRaje,ApoorvReddy
NiteshSurtani,ApoorvReddy
ChandrashekarV,ApoorvReddy
VaibhavKedia,ApoorvReddy
nikhil,ApoorvReddy
PrithaSarkar,ApoorvReddy
ReddyRahul,ApoorvReddy
RahulGupta,ApoorvReddy
SumitKumar43,ApoorvReddy
HarshitAgrawal,ApoorvReddy
SriharshaDumpala,ApoorvReddy
AvniJain6,ApoorvReddy
AritraSarkar,OmsaiAyyappa
MeghanaReddy,OmsaiAyyappa
RajeshJosephAbraham,OmsaiAyyappa
SaitejaJakkula,OmsaiAyyappa
PurneshSairam,OmsaiAyyappa
VislaKrishna,OmsaiAyyappa
HarishvarmaPakalapati,OmsaiAyyappa
NishitBaburaj,OmsaiAyyappa
DheerajRao2,OmsaiAyyappa
AbhishekPatil1,OmsaiAyyappa
,OmsaiAyyappa
RanaSumit,OmsaiAyyappa
PraveenPendyala,OmsaiAyyappa
KarthikReddy,OmsaiAyyappa
MadhuHarsha,OmsaiAyyappa
RaviTeja143,OmsaiAyyappa
SaiSrinivas,OmsaiAyyappa
RaviTeja179,OmsaiAyyappa
TulasiChowdary,OmsaiAyyappa
DineshGoundla,OmsaiAyyappa
ChanakshaGorentla,OmsaiAyyappa
SatyaTejaswi,OmsaiAyyappa
RaviTejGunisetty,OmsaiAyyappa
JashwanthReddy,OmsaiAyyappa
VadhriBharadwaj,OmsaiAyyappa
AnanduJayan,OmsaiAyyappa
ChintuMalli,OmsaiAyyappa
VamshiKrishna,OmsaiAyyappa
VivekChetty,OmsaiAyyappa
PotlaRohit,OmsaiAyyappa
KashyapMurthy,OmsaiAyyappa
PruthviKumar,OmsaiAyyappa
PrithviVelicheti,OmsaiAyyappa
DileepKumar,OmsaiAyyappa
LaxmaReddy,OmsaiAyyappa
ChaituRebel,OmsaiAyyappa
RohitSingh142,OmsaiAyyappa
VamsiKrishnaPotluri,OmsaiAyyappa
YashWanth,OmsaiAyyappa
ShivaSantosh,OmsaiAyyappa
TuhinPaul,OmsaiAyyappa
ArunPrabhath,OmsaiAyyappa
GaneshMahidhar,OmsaiAyyappa
tharunsreekakulam,OmsaiAyyappa
RahulTanwar,OmsaiAyyappa
VinayYadav13,OmsaiAyyappa
ShivamArora,OmsaiAyyappa
saikrishna,OmsaiAyyappa
PrudhviGl,OmsaiAyyappa
AbhijitRoy,OmsaiAyyappa
SrinijaReddy,OmsaiAyyappa
BabuNaik,OmsaiAyyappa
IshikaGhara,OmsaiAyyappa
LoverajJestha,OmsaiAyyappa
aruneshshrivastava,OmsaiAyyappa
SaurabhPatle,OmsaiAyyappa
NiteshChowdhary,OmsaiAyyappa
ManishVerma38,OmsaiAyyappa
SathvikRao,OmsaiAyyappa
SudheerNagaraju,OmsaiAyyappa
SakshiGupta,SGupta
RaviAgarwal,SGupta
JairajBhattacharya,SGupta
KaushikIska,SGupta
AbhijatSharma,SGupta
RajeshChaturvedi,SGupta
PriyaBansal,SGupta
SugandhRakha,SGupta
HimanshuZade,SGupta
BodduluriPhani,SGupta
ShashankMujumdar,SGupta
KshitijAgrawal,SGupta
UrmiGhosh,SGupta
MayankAgrawal,SGupta
NitinAgarwal,SGupta
HarshaMukherjee,SGupta
AnujKatiyal,SGupta
VarunAggarwal,SGupta
VipulRaheja,SGupta
RonakKogta,SGupta
MadhulikaJain,SGupta
DeepanGupta,SGupta
VinayGarg,SGupta
AkhilAgrawal,SGupta
ShashankSharma,SGupta
KMishra,SGupta
SrutiRallapalli,SGupta
ronakbajaj,SGupta
ShriPrakash,SGupta
MadhavaRaoNasini,SGupta
SiddharthChoudhary,SGupta
ChetanGupta,SGupta
AvniVerma,SGupta
kapildontula,SGupta
ApoorvReddy,SGupta
KalyaniVartak,SGupta
ChiranjeevSharma,SGupta
AdityaPratapSingh,SGupta
SaiTeja,SGupta
AnujGadhave,SGupta
PareshVerma,SGupta
JashwanthReddy,SGupta
ShantanuShrivastava,SGupta
rahulsihag,SGupta
SaurabhJain,SGupta
piyushahuja,SGupta
ArjunVarma,SGupta
RiturajYadav,SGupta
RaghvendraMall,SGupta
MukundRamakrishna,SGupta
DeepikaPathania,SGupta
ShashankPaliwal,SGupta
PrudhviDeep,SGupta
HimanshuJain1,SGupta
SatyendraSinghJadaun,SGupta
AnnamaneniNarendra,SGupta
VeerendraGupta,SGupta
SriramGudimella,SGupta
KuldeepPorwal,SGupta
GautamMalu,SGupta
AkshayMinocha,TavvaRajesh
JairajBhattacharya,TavvaRajesh
vivekprakash,TavvaRajesh
AbhijatSharma,TavvaRajesh
SainathGupta,TavvaRajesh
SugandhRakha,TavvaRajesh
BodduluriPhani,TavvaRajesh
shivanipoddar,TavvaRajesh
VibhavSrivastava,TavvaRajesh
ArpitMerchant,TavvaRajesh
PravinPatil,TavvaRajesh
IndranilChakrabarty,TavvaRajesh
PoojaKaul,TavvaRajesh
NagarjunaPavanKumarG,TavvaRajesh
SharvaniChandu,TavvaRajesh
BharatMunshi,TavvaRajesh
AnoopKumar,TavvaRajesh
AbhishekSainani,TavvaRajesh
KaranSingla,TavvaRajesh
VrushankVyas,TavvaRajesh
KuberaSamrat,TavvaRajesh
AvineshPolisetty,TavvaRajesh
HarishMudimela,TavvaRajesh
DeeptiG,TavvaRajesh
JhaJyoti,TavvaRajesh
ChiranjeevSharma,TavvaRajesh
GopalaKrishnaKoduri,TavvaRajesh
DevaDath,TavvaRajesh
JashwanthReddy,TavvaRajesh
SrikanthVaddepally,TavvaRajesh
rahulsihag,TavvaRajesh
KavithaRajan,TavvaRajesh
AbhijeetGupta,TavvaRajesh
OtraSpandana,TavvaRajesh
ShikharRaje,TavvaRajesh
HalleyKalyan,TavvaRajesh
KashyapMurthy,TavvaRajesh
nehaummareddy,TavvaRajesh
KranthiReddy,TavvaRajesh
MiguelLen,TavvaRajesh
ShourieReddy,TavvaRajesh
AnnamaneniNarendra,TavvaRajesh
raghuramrayapureddi,TavvaRajesh
NJain,TavvaRajesh
DivyaKodali,TavvaRajesh
SudheerKovelamudi,TavvaRajesh
SriramGudimella,TavvaRajesh
Lohar,TavvaRajesh
JayamanikyaShastri,TavvaRajesh
KiranKumar,TavvaRajesh
SubashChandra,TavvaRajesh
LalithKumarVemali,TavvaRajesh
SriHarsha,TavvaRajesh
PujithaAppanKandala,TavvaRajesh
AbrarAhmed,TavvaRajesh
RohitGupta13,TavvaRajesh
SandeepKumarBypina,TavvaRajesh
VenuMadhavKattagoni,TavvaRajesh
rey,TavvaRajesh
srikanth235,TavvaRajesh
SakshiGupta,ArjunSNath
AkshayMinocha,ArjunSNath
AbhijatSharma,ArjunSNath
RajeshChaturvedi,ArjunSNath
NitinAgarwal,ArjunSNath
PravinPatil,ArjunSNath
RinuSuresh,ArjunSNath
aniruddhatammewar,ArjunSNath
MadhulikaJain,ArjunSNath
KumarRishabhAh,ArjunSNath
PrabhakaranAnoop,ArjunSNath
AnoopKumar,ArjunSNath
RishabhPatel,ArjunSNath
SheetalReddy,ArjunSNath
ChetanGupta,ArjunSNath
TarangGoyal,ArjunSNath
AvniVerma,ArjunSNath
pratikzambani,ArjunSNath
YashGirdhar,ArjunSNath
AkhilReddy8,ArjunSNath
DevaDath,ArjunSNath
JashwanthReddy,ArjunSNath
paraggupta,ArjunSNath
RahulSharma98,ArjunSNath
KavithaRajan,ArjunSNath
GoutamTulsiyan,ArjunSNath
AbhineetAgarwal,ArjunSNath
OtraSpandana,ArjunSNath
ShikharRaje,ArjunSNath
GayathriMenon,ArjunSNath
KashyapMurthy,ArjunSNath
SreekumarV,ArjunSNath
AbhishekVarghese,ArjunSNath
PrathyushaKuncham,ArjunSNath
ShoaibKhan39,ArjunSNath
AquibJamal,ArjunSNath
ShourieReddy,ArjunSNath
MaharshiRay,ArjunSNath
NJain,ArjunSNath
RahulGupta,ArjunSNath
AbinGhosh,ArjunSNath
VidyaPrasad2,ArjunSNath
AarshviGajjar,ArjunSNath
VigneshKrishnan1,ArjunSNath
HarshitAgrawal,ArjunSNath
ABaburaj,ArjunSNath
HariKrishnan,ArjunSNath
AshwiniMenon,ArjunSNath
SharathHariN,ArjunSNath
RakeshBaddam,ArjunSNath
LintaJohn,ArjunSNath
SubinKattuparambil,ArjunSNath
AmalJoseph,ArjunSNath
VenuMadhavKattagoni,ArjunSNath
AcharyaPrajwal,ArjunSNath
AshishKumar,ArjunSNath
SaiHari4,ArjunSNath
PrashantChandramouli,ArjunSNath
AbhijithVk,ArjunSNath
AryaMurali,ArjunSNath
ALIFARMANI,SaiTeja
ritabratadasgupta,SaiTeja
MajidShaik,SaiTeja
RavitejaTelugunta,SaiTeja
Paramahans,SaiTeja
adib10mist,SaiTeja
JaiNiranjan,SaiTeja
ManishNarani,SaiTeja
JashwanthReddy,SaiTeja
NehaArsid,SaiTeja
ShankarBhavani,SaiTeja
AbhishekVarghese,SaiTeja
ErUJJWAL,SaiTeja
RaviTeja133,SaiTeja
ShuvraSaha,SaiTeja
NareshVemisetti,SaiTeja
rharshad,SaiTeja
RajeshGudupally,SaiTeja
AhsanAli,SaiTeja
LakshmanBhyrapaneni,SaiTeja
AlokKanyadani,SaiTeja
SanjeevSingh9,SaiTeja
AntyakulaRamesh,SaiTeja
AbhiramKrishna,SaiTeja
GanapathyAarthi,SaiTeja
BhargavRam11,SaiTeja
ParvezIqbal,SaiTeja
MukulKumarJha,SaiTeja
VenuMadhav,SaiTeja
SantoshChhotray,SaiTeja
PallaviMatani,SaiTeja
GubbaGubba,SaiTeja
SOURAVKARMAKAR,SaiTeja
KiranS,SaiTeja
SivanandAchanta,SaiTeja
SindhushaYalamati,SaiTeja
RohitJv,SaiTeja
HariBabu4,SaiTeja
RavitejaPatha,SaiTeja
SandeepKumar40,SaiTeja
VenkataCherukuri,SaiTeja
SivaKuraku,SaiTeja
chetankalyani,SaiTeja
YmrReddy,SaiTeja
ruchinjain,SaiTeja
KamleshRoy,SaiTeja
SaiNallagangula,SaiTeja
BalogunMaroofdeenOwolabi,SaiTeja
PradeepReddyK,SaiTeja
HarshaRamini,SaiTeja
PavanVankireddy,SaiTeja
PraveenMadduri,SaiTeja
ArifeenShaz,SaiTeja
ANagasamudra,SaiTeja
harmeetgill,SaiTeja
SandeepJayyarapu,SaiTeja
VISHWANIDONTHINENI,SaiTeja
gobinathp,SaiTeja
SreeramaMuppalla,SaiTeja
MahiReddy,SaiTeja
AkshayMinocha,SriKailashGandebathula
KaushikIska,SriKailashGandebathula
PriyaBansal,SriKailashGandebathula
AbhinavAppidi,SriKailashGandebathula
DevanshShah,SriKailashGandebathula
VennelaMiryala,SriKailashGandebathula
ChennaRajaram,SriKailashGandebathula
KondaM,SriKailashGandebathula
NAgrawal,SriKailashGandebathula
KotloSharan,SriKailashGandebathula
NurendraChoudhary,SriKailashGandebathula
DharmaTeja,SriKailashGandebathula
AnilTalari,SriKailashGandebathula
UdyanKhurana,SriKailashGandebathula
LalitKundu,SriKailashGandebathula
ShrutiGullapuram,SriKailashGandebathula
RaveeshMotlani,SriKailashGandebathula
RaviRajaGanta,SriKailashGandebathula
AbhinavMoudgil,SriKailashGandebathula
AtmakuriVenkataTrinath,SriKailashGandebathula
AkhilReddy8,SriKailashGandebathula
DhritiGoyal,SriKailashGandebathula
GauthamNekkanti,SriKailashGandebathula
ThakurAkash,SriKailashGandebathula
JashwanthReddy,SriKailashGandebathula
AmanArora,SriKailashGandebathula
SandeepKumarSiram,SriKailashGandebathula
ArjitSrivastava,SriKailashGandebathula
ShubhamKumar56,SriKailashGandebathula
HimilSheth,SriKailashGandebathula
PrudhviDeep,SriKailashGandebathula
RAJATAGGARWAL,SriKailashGandebathula
SouravSarangi,SriKailashGandebathula
SamyuktaMogili,SriKailashGandebathula
AbhilashReddy7,SriKailashGandebathula
ARayala,SriKailashGandebathula
ShourieReddy,SriKailashGandebathula
RajatSingla4,SriKailashGandebathula
ReddyRahul,SriKailashGandebathula
KarthikReddy35,SriKailashGandebathula
ShashankSiripragada,SriKailashGandebathula
AnubhavSrivastava,SriKailashGandebathula
UditSharma5,SriKailashGandebathula
SaujanyaReddy,SriKailashGandebathula
UhithLagisetti,SriKailashGandebathula
AdityaSreekar,SriKailashGandebathula
ManeeshaPapireddygari,SriKailashGandebathula
KartikDutta,SriKailashGandebathula
SaumyaGurtu,SriKailashGandebathula
MachavarapuHitheshChowdary,SriKailashGandebathula
AdityaSmart,SriKailashGandebathula
PulkitAgarwal,SriKailashGandebathula
DheerajGattupalli,SriKailashGandebathula
ChanakyaMalireddy,SriKailashGandebathula
DeepJahanGrewal,SriKailashGandebathula
SJain,SriKailashGandebathula
SpurthiTallam,SriKailashGandebathula
SriHarshaAmar,SriKailashGandebathula
PrathyushNaga,SriKailashGandebathula
SnehGupta,SriKailashGandebathula
SakshiGupta,paraggupta
RaviAgarwal,paraggupta
AkshayMinocha,paraggupta
vivekprakash,paraggupta
KaushikIska,paraggupta
AbhijatSharma,paraggupta
SainathGupta,paraggupta
PriyaBansal,paraggupta
HimanshuZade,paraggupta
ShashankMujumdar,paraggupta
shivanipoddar,paraggupta
VibhavSrivastava,paraggupta
KshitijAgrawal,paraggupta
VennelaMiryala,paraggupta
UrmiGhosh,paraggupta
NitinAgarwal,paraggupta
KondaM,paraggupta
VarunAggarwal,paraggupta
PravinPatil,paraggupta
MallipeddiHardhik,paraggupta
VipulRaheja,paraggupta
KotloSharan,paraggupta
SudarshRathi,paraggupta
SharvaniChandu,paraggupta
aniruddhatammewar,paraggupta
ArushiDogra,paraggupta
MadhulikaJain,paraggupta
DeepanGupta,paraggupta
ChetanGupta,paraggupta
TarangGoyal,paraggupta
AbhinavMoudgil,paraggupta
JhaJyoti,paraggupta
pratikzambani,paraggupta
ApoorvReddy,paraggupta
ShaliniSah,paraggupta
ArjunSNath,paraggupta
DikshaYadav,paraggupta
AnujGadhave,paraggupta
DevaDath,paraggupta
JashwanthReddy,paraggupta
SaurabhJain,paraggupta
piyushahuja,paraggupta
ArjitSrivastava,paraggupta
GoutamTulsiyan,paraggupta
AbhineetAgarwal,paraggupta
ChandrashekarV,paraggupta
BhumikaAggarwal,paraggupta
AbhayjeetSingh,paraggupta
MaharshiRay,paraggupta
NJain,paraggupta
HarshitAgrawal,paraggupta
NarendraSingh19,paraggupta
PujithaAppanKandala,paraggupta
AbrarAhmed,paraggupta
AbhinavSharma27,paraggupta
SindhuKiranmaiErnala,paraggupta
DurgeshLabana,paraggupta
XavierFrancis,paraggupta
AbdulKadar1,paraggupta
SoniNishit,paraggupta
RaviAgarwal,SuryaprakashReddy
KaushikIska,SuryaprakashReddy
AbhijatSharma,SuryaprakashReddy
RajeshChaturvedi,SuryaprakashReddy
BodduluriPhani,SuryaprakashReddy
KshitijAgrawal,SuryaprakashReddy
UrmiGhosh,SuryaprakashReddy
VarunAggarwal,SuryaprakashReddy
chaitanyacsv,SuryaprakashReddy
VasanthSai,SuryaprakashReddy
SaivivekBheemanathini,SuryaprakashReddy
DeepanGupta,SuryaprakashReddy
AnoopKumar,SuryaprakashReddy
KMishra,SuryaprakashReddy
bharathreddy,SuryaprakashReddy
AvniVerma,SuryaprakashReddy
kapildontula,SuryaprakashReddy
AtmakuriVenkataTrinath,SuryaprakashReddy
pavankumarreddy7,SuryaprakashReddy
JhaJyoti,SuryaprakashReddy
DhrubajyotiDutta,SuryaprakashReddy
ChiranjeevSharma,SuryaprakashReddy
DivyaMokkapati,SuryaprakashReddy
PareshVerma,SuryaprakashReddy
JashwanthReddy,SuryaprakashReddy
SrimaanGuntoju,SuryaprakashReddy
rahulsihag,SuryaprakashReddy
RiturajYadav,SuryaprakashReddy
DeepikaPathania,SuryaprakashReddy
SatishReddy,SuryaprakashReddy
satyadevalapati,SuryaprakashReddy
nehaummareddy,SuryaprakashReddy
VikramReddyRam,SuryaprakashReddy
KartheekPitta,SuryaprakashReddy
KvsPavan,SuryaprakashReddy
AnnamaneniNarendra,SuryaprakashReddy
GowtamChilamakuri,SuryaprakashReddy
ReddyNavya,SuryaprakashReddy
VeerendraGupta,SuryaprakashReddy
ArunKumar,SuryaprakashReddy
OmReddy,SuryaprakashReddy
KuldeepPorwal,SuryaprakashReddy
RakeshBaddam,SuryaprakashReddy
YashaswiReddy,SuryaprakashReddy
sivakarthikmustikovela,SuryaprakashReddy
RajkumarAdimulam,SuryaprakashReddy
SindhushaYalamati,SuryaprakashReddy
SantoshKosgi,SuryaprakashReddy
SubashHorty,SuryaprakashReddy
TVKReddy,SuryaprakashReddy
AnushaMedarametla,SuryaprakashReddy
RahulGupta123,SuryaprakashReddy
madhukumar,SuryaprakashReddy
KiranThota,SuryaprakashReddy
santoshpatil17,SuryaprakashReddy
VinayNeekhra,SuryaprakashReddy
RajaManikantaMamidi,SuryaprakashReddy
keerthipriya2,SuryaprakashReddy
HarshaAechuri,AnuroopKakkirala
AnkitSaraswat,AnuroopKakkirala
VivekSharma,AnuroopKakkirala
RakshitVinnakota,AnuroopKakkirala
ShivanshChaudhary,AnuroopKakkirala
AnkitAgarwal,AnuroopKakkirala
JaswantVirat,AnuroopKakkirala
NishchayKala,AnuroopKakkirala
PalSinghSurendra,AnuroopKakkirala
ArjunRKrishna,AnuroopKakkirala
AbhashKumarSingh,AnuroopKakkirala
KishoreBahadursha,AnuroopKakkirala
RajRohit,AnuroopKakkirala
KandarpaPaduru,AnuroopKakkirala
PavanIyengar,AnuroopKakkirala
SomanaSarath,AnuroopKakkirala
CrMeena,AnuroopKakkirala
AshokBanjara,AnuroopKakkirala
AdityaBudaraj,AnuroopKakkirala
PratikKumar3,AnuroopKakkirala
SauravBhagat,AnuroopKakkirala
AkashDeep,AnuroopKakkirala
PallaviBhattacharyya,AnuroopKakkirala
JashwanthReddy,AnuroopKakkirala
SukeshPerla,AnuroopKakkirala
VINAYKUMAR,AnuroopKakkirala
RajReddy3,AnuroopKakkirala
ramanjana,AnuroopKakkirala
MayankAgrawal12,AnuroopKakkirala
KalpnathRao,AnuroopKakkirala
AnkitAggarwal19,AnuroopKakkirala
mayanksinghkushwaha,AnuroopKakkirala
VishalKeshiya,AnuroopKakkirala
HarshKarmveer,AnuroopKakkirala
MeenaDilkhush,AnuroopKakkirala
DevendraKumarJangid,AnuroopKakkirala
MayankMittal,AnuroopKakkirala
RavindraSharma1,AnuroopKakkirala
HrishabhGupta,AnuroopKakkirala
SantoshKumarSiddharth,AnuroopKakkirala
vamshikanuganti,AnuroopKakkirala
AvinashNayak,AnuroopKakkirala
AbhilashReddy,AnuroopKakkirala
RaviHeroek,AnuroopKakkirala
VaraPrasad48,AnuroopKakkirala
ShashankChintamani,AnuroopKakkirala
RamyaReddy8,AnuroopKakkirala
ShashiVuppala,AnuroopKakkirala
RaviParella,AnuroopKakkirala
AkihitoIshizaki,AnuroopKakkirala
JoanaFayole,AnuroopKakkirala
ChandranSweet,AnuroopKakkirala
JyotiAk,AnuroopKakkirala
MoulikaVelugoori,AnuroopKakkirala
ArvindSaini,AnuroopKakkirala
SakshiGupta,AbhayjeetSingh
GDrushtiApoorva,AbhayjeetSingh
RajeshChaturvedi,AbhayjeetSingh
PriyaBansal,AbhayjeetSingh
HimanshuZade,AbhayjeetSingh
BodduluriPhani,AbhayjeetSingh
TanveetSaluja,AbhayjeetSingh
AbhinavAppidi,AbhayjeetSingh
VibhavSrivastava,AbhayjeetSingh
KshitijAgrawal,AbhayjeetSingh
FrdricAdam,AbhayjeetSingh
VennelaMiryala,AbhayjeetSingh
DhruvNehru,AbhayjeetSingh
UrmiGhosh,AbhayjeetSingh
NitinAgarwal,AbhayjeetSingh
SudarshRathi,AbhayjeetSingh
SharvaniChandu,AbhayjeetSingh
VinayGarg,AbhayjeetSingh
AnoopKumar,AbhayjeetSingh
ShashankSharma,AbhayjeetSingh
KMishra,AbhayjeetSingh
TarangGoyal,AbhayjeetSingh
AvniVerma,AbhayjeetSingh
JhaJyoti,AbhayjeetSingh
ChiranjeevSharma,AbhayjeetSingh
DivyaMokkapati,AbhayjeetSingh
RishabhGupta1,AbhayjeetSingh
JashwanthReddy,AbhayjeetSingh
paraggupta,AbhayjeetSingh
rahulsihag,AbhayjeetSingh
SaurabhJain,AbhayjeetSingh
ArjitSrivastava,AbhayjeetSingh
RiturajYadav,AbhayjeetSingh
AbhineetAgarwal,AbhayjeetSingh
PrudhviDeep,AbhayjeetSingh
RAJATAGGARWAL,AbhayjeetSingh
HimanshuJain1,AbhayjeetSingh
RvKaur,AbhayjeetSingh
PrathyushaKuncham,AbhayjeetSingh
AngadSingh,AbhayjeetSingh
RahulGupta,AbhayjeetSingh
VeerendraGupta,AbhayjeetSingh
MehtabKhan9,AbhayjeetSingh
SriramGudimella,AbhayjeetSingh
UditSharma5,AbhayjeetSingh
UhithLagisetti,AbhayjeetSingh
ManeeshaPapireddygari,AbhayjeetSingh
RohitSukhwal,AbhayjeetSingh
SaumyaGurtu,AbhayjeetSingh
PranenduMaiti,AbhayjeetSingh
SakshiGupta,PrathyushaKuncham
AkshayMinocha,PrathyushaKuncham
GDrushtiApoorva,PrathyushaKuncham
PriyaBansal,PrathyushaKuncham
BodduluriPhani,PrathyushaKuncham
ShashankMujumdar,PrathyushaKuncham
AbhinavAppidi,PrathyushaKuncham
DevanshShah,PrathyushaKuncham
VennelaMiryala,PrathyushaKuncham
UrmiGhosh,PrathyushaKuncham
PravinPatil,PrathyushaKuncham
SharvaniChandu,PrathyushaKuncham
aniruddhatammewar,PrathyushaKuncham
DharmaTeja,PrathyushaKuncham
CvSankar,PrathyushaKuncham
MadhulikaJain,PrathyushaKuncham
AnoopKumar,PrathyushaKuncham
ChetanGupta,PrathyushaKuncham
AvniVerma,PrathyushaKuncham
kapildontula,PrathyushaKuncham
AtmakuriVenkataTrinath,PrathyushaKuncham
pratikzambani,PrathyushaKuncham
HimaniUpadhyay,PrathyushaKuncham
ArjunSNath,PrathyushaKuncham
DikshaYadav,PrathyushaKuncham
DivyaMokkapati,PrathyushaKuncham
KhushbooJha,PrathyushaKuncham
JashwanthReddy,PrathyushaKuncham
AbhineetAgarwal,PrathyushaKuncham
ShikharRaje,PrathyushaKuncham
AbhayjeetSingh,PrathyushaKuncham
RashmiTonge,PrathyushaKuncham
GaneshKatrapati,PrathyushaKuncham
MaharshiRay,PrathyushaKuncham
ReddyRahul,PrathyushaKuncham
AnuragVisagakoti,PrathyushaKuncham
HarikaJayam,PrathyushaKuncham
PujithaAppanKandala,PrathyushaKuncham
PallaviMatani,PrathyushaKuncham
SaiJahnaviGamalapati,PrathyushaKuncham
YeshChowdary,PrathyushaKuncham
PrakaniCherukuru,PrathyushaKuncham
DanZeman,PrathyushaKuncham
GupthaYechuri,PrathyushaKuncham
AthivarapuHaritha,PrathyushaKuncham
SujataBhujang,PrathyushaKuncham
SuryaKanthi,PrathyushaKuncham
SnehaNallani,PrathyushaKuncham
RaviAgarwal,ShoaibKhan39
AkshayMinocha,ShoaibKhan39
KaushikIska,ShoaibKhan39
SugandhRakha,ShoaibKhan39
KshitijAgrawal,ShoaibKhan39
AnujKatiyal,ShoaibKhan39
PravinPatil,ShoaibKhan39
VipulRaheja,ShoaibKhan39
aniruddhatammewar,ShoaibKhan39
DeepanGupta,ShoaibKhan39
KumarRishabhAh,ShoaibKhan39
GarimaAgrawal1,ShoaibKhan39
AnoopKumar,ShoaibKhan39
KaranAggarwal2,ShoaibKhan39
KaranSingla,ShoaibKhan39
ChetanGupta,ShoaibKhan39
pratikzambani,ShoaibKhan39
YashGirdhar,ShoaibKhan39
ArjunSNath,ShoaibKhan39
AdityaJindal,ShoaibKhan39
JashwanthReddy,ShoaibKhan39
RahulSharma98,ShoaibKhan39
AbhineetAgarwal,ShoaibKhan39
ShikharRaje,ShoaibKhan39
NiteshSurtani,ShoaibKhan39
KashyapMurthy,ShoaibKhan39
AnirudhBeria,ShoaibKhan39
AquibJamal,ShoaibKhan39
MaharshiRay,ShoaibKhan39
AnnamaneniNarendra,ShoaibKhan39
ReddyRahul,ShoaibKhan39
MehtabKhan9,ShoaibKhan39
HarshitAgrawal,ShoaibKhan39
samiulhuda,ShoaibKhan39
GurjotSingh9,ShoaibKhan39
KuldeepPorwal,ShoaibKhan39
AvniJain6,ShoaibKhan39
ArpitKothari,ShoaibKhan39
HannanSyed,ShoaibKhan39
ParvezIqbal,ShoaibKhan39
ChristianTaladtad,ShoaibKhan39
AameerRafiqWani,ShoaibKhan39
ChandanYaduvanshi,ShoaibKhan39
MohammedS1,ShoaibKhan39
nasserhussien,ShoaibKhan39
,ShoaibKhan39
prasadk12,ShoaibKhan39
SakshiGupta,MaharshiRay
InternationalJournalofChaosControlModellingandSimulationIJCCMSISSN23195398Online23198990Print,MaharshiRay
SrinjoyGanguly,MaharshiRay
AkshayMinocha,MaharshiRay
AbhijatSharma,MaharshiRay
BodduluriPhani,MaharshiRay
AbhinavAppidi,MaharshiRay
NitinAgarwal,MaharshiRay
PravinPatil,MaharshiRay
IndranilChakrabarty,MaharshiRay
aniruddhatammewar,MaharshiRay
AnoopKumar,MaharshiRay
KaranSingla,MaharshiRay
ChetanGupta,MaharshiRay
pratikzambani,MaharshiRay
AmeyaPrabhu,MaharshiRay
ArchismanMukherjee,MaharshiRay
ArjunSNath,MaharshiRay
AnudhyanBoral,MaharshiRay
JashwanthReddy,MaharshiRay
paraggupta,MaharshiRay
BhagyeshVarvdekar,MaharshiRay
RonitGhosh,MaharshiRay
AbhineetAgarwal,MaharshiRay
ShikharRaje,MaharshiRay
PrathyushaKuncham,MaharshiRay
KartheekPitta,MaharshiRay
ShoaibKhan39,MaharshiRay
RajatSingla4,MaharshiRay
NJain,MaharshiRay
samiulhuda,MaharshiRay
KNawade,MaharshiRay
ArjunChaudhuri,MaharshiRay
RakeshBaddam,MaharshiRay
AbhishekGhosh,MaharshiRay
AbhishekBanerjee,MaharshiRay
KantKrishna,MaharshiRay
MPurty,MaharshiRay
BhaktiPriyaShridhar,MaharshiRay
PANKAJJAISWAL,MaharshiRay
sandipanhaldar,MaharshiRay
HazraSandip,MaharshiRay
SaiCharan,MaharshiRay
RohitGupta64,MaharshiRay
TapasBose,MaharshiRay
GouthamValeti,MaharshiRay
SakshiGupta,ReddyRahul
RaviAgarwal,ReddyRahul
GDrushtiApoorva,ReddyRahul
RajeshChaturvedi,ReddyRahul
HimanshuZade,ReddyRahul
BodduluriPhani,ReddyRahul
VennelaMiryala,ReddyRahul
UrmiGhosh,ReddyRahul
NitinAgarwal,ReddyRahul
KondaM,ReddyRahul
mkchaitanya,ReddyRahul
DeepanGupta,ReddyRahul
AnoopKumar,ReddyRahul
SathyaThati,ReddyRahul
ShashankSharma,ReddyRahul
SheetalReddy,ReddyRahul
KMishra,ReddyRahul
SrutiRallapalli,ReddyRahul
MadhuHarsha,ReddyRahul
AvniVerma,ReddyRahul
ApoorvReddy,ReddyRahul
ChiranjeevSharma,ReddyRahul
AdityaPratapSingh,ReddyRahul
KodakandlaAvinash,ReddyRahul
SriKailashGandebathula,ReddyRahul
JashwanthReddy,ReddyRahul
SrikanthVaddepally,ReddyRahul
RiturajYadav,ReddyRahul
DeepikaPathania,ReddyRahul
HimanshuJain1,ReddyRahul
PrathyushaKuncham,ReddyRahul
ShoaibKhan39,ReddyRahul
AnnamaneniNarendra,ReddyRahul
RahulGupta,ReddyRahul
PrasadMokide,ReddyRahul
YashaswiReddy,ReddyRahul
RajagopalBojanapalli,ReddyRahul
CharanReddy7,ReddyRahul
AnilEragani,ReddyRahul
AnjanSaiKumar,ReddyRahul
JyothirmaiAnuboyina,ReddyRahul
GowthamRaghunathKurri,ReddyRahul
RambabuBanoth,ReddyRahul
SrinivasArrabolu,ReddyRahul
JayantGupta,ReddyRahul
SakshiGupta,RahulGupta
RaviAgarwal,RahulGupta
AkshayMinocha,RahulGupta
vivekprakash,RahulGupta
RajeshChaturvedi,RahulGupta
PriyaBansal,RahulGupta
HimanshuZade,RahulGupta
BodduluriPhani,RahulGupta
ShashankMujumdar,RahulGupta
VibhavSrivastava,RahulGupta
KshitijAgrawal,RahulGupta
VarunAggarwal,RahulGupta
AnujKatiyal,RahulGupta
PravinPatil,RahulGupta
VipulRaheja,RahulGupta
aniruddhatammewar,RahulGupta
adeanaade,RahulGupta
ArushiDogra,RahulGupta
MadhulikaJain,RahulGupta
DeepanGupta,RahulGupta
KumarRishabhAh,RahulGupta
AkhilAgrawal,RahulGupta
AnoopKumar,RahulGupta
AvniVerma,RahulGupta
pratikzambani,RahulGupta
ApoorvReddy,RahulGupta
DhrubajyotiDutta,RahulGupta
ArjunSNath,RahulGupta
AbhilashInumella,RahulGupta
JashwanthReddy,RahulGupta
RahulSharma98,RahulGupta
GoutamTulsiyan,RahulGupta
AbhineetAgarwal,RahulGupta
ShikharRaje,RahulGupta
DeepikaPathania,RahulGupta
AbhayjeetSingh,RahulGupta
ReddyRahul,RahulGupta
MehtabKhan9,RahulGupta
SumitKumar43,RahulGupta
PreetiCoduri,RahulGupta
ShekharKumarSharma,RahulGupta
AkashSharma,RahulGupta
AnkitVerma30,RahulGupta
GunjanSen,RahulGupta
AashitVerma,RahulGupta
RadhaMadhuri,RajanPandey3
SejalChauhanChauhan,RajanPandey3
VaibhavSrivastava,RajanPandey3
JanardhanGunapati,RajanPandey3
AnkurPatel25,RajanPandey3
ChaitanyaPonnapalli,RajanPandey3
adityaundru,RajanPandey3
JashwanthReddy,RajanPandey3
LalitMohan2,RajanPandey3
AnantKumar,RajanPandey3
BarlaManideep,RajanPandey3
rohittiwari,RajanPandey3
NageshRamavath,RajanPandey3
HarishReddy,RajanPandey3
RohanAgrawal8,RajanPandey3
PratyushSingh,RajanPandey3
NikhilAourpally,RajanPandey3
SayanDutta,RajanPandey3
KapoorAjay,RajanPandey3
PraveenVoruganti,RajanPandey3
NaveenCh,RajanPandey3
saigoutham,RajanPandey3
AnubhavSingh,RajanPandey3
RavindraSariya,RajanPandey3
HamsaVijay,RajanPandey3
RaviTeja2,RajanPandey3
PraNeethReddy10,RajanPandey3
NarlagiriSrikanth,RajanPandey3
KanaklataPathak,RajanPandey3
SachinAdepu,RajanPandey3
AnujGupta25,RajanPandey3
AyushiAgrawal18,RajanPandey3
RajeshSuwalka,RajanPandey3
AdithyaReddy4,RajanPandey3
AdityaVerman,RajanPandey3
AlekhyaSai,RajanPandey3
SameerSam4,RajanPandey3
SandeepMishra1,RajanPandey3
KumarE,RajanPandey3
SaurabhMishra,RajanPandey3
KaushikIska,UhithLagisetti
GDrushtiApoorva,UhithLagisetti
PriyaBansal,UhithLagisetti
BodduluriPhani,UhithLagisetti
shivanipoddar,UhithLagisetti
AbhinavAppidi,UhithLagisetti
VibhavSrivastava,UhithLagisetti
DevanshShah,UhithLagisetti
VennelaMiryala,UhithLagisetti
KondaM,UhithLagisetti
EliasuMumuni,UhithLagisetti
PravinPatil,UhithLagisetti
MohitBhardwaj7,UhithLagisetti
KishoreBahadursha,UhithLagisetti
KotloSharan,UhithLagisetti
SharvaniChandu,UhithLagisetti
VasanthSai,UhithLagisetti
NurendraChoudhary,UhithLagisetti
DharmaTeja,UhithLagisetti
MadhulikaJain,UhithLagisetti
GarimaAgrawal1,UhithLagisetti
PrannoyPilligundla,UhithLagisetti
NanCy3,UhithLagisetti
RaviRajaGanta,UhithLagisetti
KsKeerthiReddy,UhithLagisetti
AvniVerma,UhithLagisetti
HarishMudimela,UhithLagisetti
AnweshAkula,UhithLagisetti
NagaTeja,UhithLagisetti
SriKailashGandebathula,UhithLagisetti
JashwanthReddy,UhithLagisetti
AbhayjeetSingh,UhithLagisetti
ARayala,UhithLagisetti
AmitJha12,UhithLagisetti
SaiVenkataManeesh,UhithLagisetti
SarathChaitanya,UhithLagisetti
RajeevReddy,UhithLagisetti
SameerKumar,AbhiramKrishna
VarunAggarwal,AbhiramKrishna
RonakKogta,AbhiramKrishna
AkhilAgrawal,AbhiramKrishna
AjinkyaKale,AbhiramKrishna
HarishMudimela,AbhiramKrishna
RavitejaTelugunta,AbhiramKrishna
DhrubajyotiDutta,AbhiramKrishna
SGupta,AbhiramKrishna
senthil22yrold,AbhiramKrishna
SaiTeja,AbhiramKrishna
JashwanthReddy,AbhiramKrishna
RahulSharma98,AbhiramKrishna
ShankarBhavani,AbhiramKrishna
AbhishekVarghese,AbhiramKrishna
ShuvraSaha,AbhiramKrishna
SumitKumar43,AbhiramKrishna
SriKrishna19,AbhiramKrishna
SriharshaDumpala,AbhiramKrishna
LakshmanBhyrapaneni,AbhiramKrishna
NiteshYalavarthi,AbhiramKrishna
AntyakulaRamesh,AbhiramKrishna
RahulGuptaKorada,AbhiramKrishna
PriyaranjanKumar,AbhiramKrishna
KesavaReddy8,AbhiramKrishna
ParvezIqbal,AbhiramKrishna
SagarEetha,AbhiramKrishna
AkkidasVikranth,AbhiramKrishna
KiranS,AbhiramKrishna
SriRam13,AbhiramKrishna
AbhiMangipudi,AbhiramKrishna
SoujanyaRajamanuri,AbhiramKrishna
DeviKiran,AbhiramKrishna
PradyumnaAchyuthuni,AbhiramKrishna
SakshiGupta,AbrarAhmed
AkshayMinocha,AbrarAhmed
GDrushtiApoorva,AbrarAhmed
PriyaBansal,AbrarAhmed
BodduluriPhani,AbrarAhmed
shivanipoddar,AbrarAhmed
JithinKairamkonda,AbrarAhmed
VibhavSrivastava,AbrarAhmed
DevanshShah,AbrarAhmed
VennelaMiryala,AbrarAhmed
KondaM,AbrarAhmed
KotloSharan,AbrarAhmed
SudarshRathi,AbrarAhmed
NurendraChoudhary,AbrarAhmed
VarshaRV,AbrarAhmed
BhanuVikas,AbrarAhmed
VrushankVyas,AbrarAhmed
AmeyaPrabhu,AbrarAhmed
GarimaDhanania,AbrarAhmed
YashGirdhar,AbrarAhmed
TavvaRajesh,AbrarAhmed
paraggupta,AbrarAhmed
JashwanthReddy,AbrarAhmed
ShikharRaje,AbrarAhmed
SaujanyaReddy,AbrarAhmed
SaiVenkataManeesh,AbrarAhmed
AshishKumar,AbrarAhmed
SindhuKiranmaiErnala,AbrarAhmed
ManuGupta18,AbrarAhmed
SudiptoBhattacharjee,AbhishekTripathi
JitendraVirmani,AbhishekTripathi
KundanKumar,AbhishekTripathi
VeepinKumar,AbhishekTripathi
ArnabPal,AbhishekTripathi
VikrantKarale,AbhishekTripathi
JashwanthReddy,AbhishekTripathi
AritraChaudhuri,AbhishekTripathi
KumarVijay,AbhishekTripathi
PuneetManocha,AbhishekTripathi
PalDebabrata,AbhishekTripathi
NaivedyaMishra,AbhishekTripathi
ShashiIkshwaka,AbhishekTripathi
RichaMishra1,AbhishekTripathi
TribhuvanGupta,AbhishekTripathi
AmitDalodiya,AbhishekTripathi
AjinkyaDeshmukh,AbhishekTripathi
NiteshShah,AbhishekTripathi
SyedZeeshan3,AbhishekTripathi
AnujKumar,AbhishekTripathi
KhushalGumgaonkar,AbhishekTripathi
GuptaAnuj,AbhishekTripathi
TiwaryDimpy,AbhishekTripathi
VenkatanathNeeluri,AbhishekTripathi
seshubabu,AbhishekTripathi
HarshAggarwal3,AbhishekTripathi
harendravishwakarma,AbhishekTripathi
DeepakJohnson,AbhilashReddy
SaideepKaripalli,AbhilashReddy
rajaajay37,AbhilashReddy
SravanReddy2,AbhilashReddy
SomanaSarath,AbhilashReddy
ThrilokNannapaneni,AbhilashReddy
SaitejaDommeti,AbhilashReddy
PrasannaProne,AbhilashReddy
SudheerSattaru,AbhilashReddy
JashwanthReddy,AbhilashReddy
AndhraMahaVishnu,AbhilashReddy
SindhuJangam,AbhilashReddy
AnuroopKakkirala,AbhilashReddy
NavyaCh,AbhilashReddy
AnirudhDonthireddy,AbhilashReddy
TejaswiReddy,AbhilashReddy
SaiPavanKumar,AbhilashReddy
AditiKhot,AbhilashReddy
prithvirajr,AbhilashReddy
ReddyMedha,AbhilashReddy
rajeswarijupalli,AbhilashReddy
RakeshKS,AbhilashReddy
AbhijitKande,AbhilashReddy
MauryaBanda,AbhilashReddy
UdaykumarReddyMadooru,AbhilashReddy
RahulGulve,AbhilashReddy
CsijJournal,YvSChowdary
JashwanthReddy,YvSChowdary
YeshwanthKrishnaKolli,YvSChowdary
AnishSingam,YvSChowdary
RajaRamRjr,YvSChowdary
SatyaSai,YvSChowdary
SaiReddy28,YvSChowdary
SaiKiran,YvSChowdary
VenuPeechara,YvSChowdary
YathiRajesh,YvSChowdary
SangamUpendra,YvSChowdary
BhargavaKatrepalli,YvSChowdary
PraveenPeejay,YvSChowdary
NarsimhaSagar,YvSChowdary
GRamKumar,YvSChowdary
SandeepReddy122,YvSChowdary
KNarayanamoorthy,YvSChowdary
SaiAllani,YvSChowdary
SharathSamala,YvSChowdary
SreenathGaddam,YvSChowdary
TrulyRayudu,YvSChowdary
PolaAnup,YvSChowdary
GarikapatiAjayTrinadh,YvSChowdary
AkhilReddy1,YvSChowdary
RakeshReddy57,YvSChowdary
GrKumar,ShashiVuppala
JashwanthReddy,ShashiVuppala
AnuroopKakkirala,ShashiVuppala
AnirudhDonthireddy,ShashiVuppala
VishnuSuman,ShashiVuppala
SaiSharath,ShashiVuppala
AdusumalliRoy,ShashiVuppala
KartheekDandi,ShashiVuppala
NishanthChowdaryR,ShashiVuppala
SangamUpendra,ShashiVuppala
RamyaReddy8,ShashiVuppala
Sureshbvvsn,ShashiVuppala
RajaVel12,ShashiVuppala
VikasBandru,ShashiVuppala
PrabhatYasangi,ShashiVuppala
AbhiShek8,ShashiVuppala
SaiDheeraj,ShashiVuppala
CharanPulipalupula,ShashiVuppala
VamsiChowdary,ShashiVuppala
NiranjanReddy,ShashiVuppala
PrasanthYadav,ShashiVuppala
HarishGoud1,ShashiVuppala
SainathGupta,GowthamRaghunathKurri
PriyaBansal,GowthamRaghunathKurri
DebjyotiBardhan,GowthamRaghunathKurri
AnujKatiyal,GowthamRaghunathKurri
SathyaThati,GowthamRaghunathKurri
KrishnapalSingh,GowthamRaghunathKurri
JashwanthReddy,GowthamRaghunathKurri
SrikanthVaddepally,GowthamRaghunathKurri
RaviKiran13,GowthamRaghunathKurri
PhaniKishore2,GowthamRaghunathKurri
ReddyRahul,GowthamRaghunathKurri
GobinathJegannathan,GowthamRaghunathKurri
PruthviSunku,GowthamRaghunathKurri
GautamMalu,GowthamRaghunathKurri
LakshmiKanthB,GowthamRaghunathKurri
AnilEragani,GowthamRaghunathKurri
RaviTejaYarra,GowthamRaghunathKurri
SashwatTanay,GowthamRaghunathKurri
BharadwajaGhandikota,GowthamRaghunathKurri
SaiPothukuchi,GowthamRaghunathKurri
KandulaAbhiram,GowthamRaghunathKurri
AbhishekKrSingh,GowthamRaghunathKurri
JashwanthReddy,SaiAllani
RaghavaReddy,SaiAllani
SureshAdarsh,SaiAllani
ArunGadamsetty,SaiAllani
CharanMedisetty,SaiAllani
MaruthiVenkatNallapati,SaiAllani
SrimukhiDavuluri,SaiAllani
PoojaIyer2,SaiAllani
AdvaitaChandrapati,SaiAllani
YvSChowdary,SaiAllani
saiharshavaranasi,SaiAllani
PrasannaVenkatEsh24,SaiAllani
JeritKunjumon,SaiAllani
SharanYadav,SaiAllani
BabuTarun,SaiAllani
NallapatiSindhu,SaiAllani
EmmanuelMallipudi,SaiAllani
VakkanthulaSaikarthik,SaiAllani
GopikrishnaNallapati,SaiAllani
SuhasKashyap,VishwasKSingh
KarthikMathad,VishwasKSingh
NiranjanBharadwaj,VishwasKSingh
NirupaMadappa,VishwasKSingh
RanjithaBM,VishwasKSingh
NiteshNeetu,VishwasKSingh
AnanyaAngu,VishwasKSingh
SuhasSheshachala,VishwasKSingh
ShettyAbhilash,VishwasKSingh
TejaswinIg,VishwasKSingh
SantoshGanesh,VishwasKSingh
kantharajurs,VishwasKSingh
MusthafaMa,VishwasKSingh
HarishNayak3,VishwasKSingh
SmruthiHebbar,VishwasKSingh
LaxmiPrakash,VishwasKSingh
KrishnamurthyPrabhakarPhD,RaviTejaPalla
ShoaibArif,RaviTejaPalla
,RaviTejaPalla
ElenaRailean,RaviTejaPalla
PrasanthAbraham,RaviTejaPalla
KrishnaVijay,RaviTejaPalla
SultanMuhammadRazzak,RaviTejaPalla
SaxenaVarun,RaviTejaPalla
ShajiGeorgeKochuthara,RaviTejaPalla
ShrenikKhot,RaviTejaPalla
PrateekYadav,RaviTejaPalla
MandeepSingh132,RaviTejaPalla
KashyapBhaskar,RaviTejaPalla
RahulJha17,RaviTejaPalla
TarunTiwari,RaviTejaPalla
wwwsacprosorg,RaviTejaPalla
AmberMohit,RaviTejaPalla
HarshitMalik,RaviTejaPalla
praveenkarri,RaviTejaPalla
radhakrishnaabhishek,RaviTejaPalla
AvinashYadav,RaviTejaPalla
ShravyaLahari,RaviTejaPalla
HarishBala,RaviTejaPalla
SantoshReddy21,RaviTejaPalla
TusharBindal,RaviTejaPalla
StewartFrancis,RaviTejaPalla
AbhilashKar,RaviTejaPalla
VardanNagar,RaviTejaPalla
AkankshaThawani,RaviTejaPalla
PrithwijitMukherjee,RaviTejaPalla
ArdraManasi,RaviTejaPalla
NeeleshTanwar,RaviTejaPalla
PatelVeer,RaviTejaPalla
SoumadeepGuha,RaviTejaPalla
SonuSharma,RaviTejaPalla
MohammadShakir,RaviTejaPalla
HrishikeshNandakumarKulkarni,RaviTejaPalla
JarjanaVaraPrasad,RaviTejaPalla
AnubratoMukherjee,RaviTejaPalla
SnehaChilivery,RaviTejaPalla
AnkitMandil,RaviTejaPalla
SaideepKaripalli,RaviTejaPalla
UrvashiAParmar,RaviTejaPalla
stephenkishore,RaviTejaPalla
SmitKumar2,RaviTejaPalla
RishabhBajaj,RaviTejaPalla
GurpreetSeehra,RaviTejaPalla
SanjitSahoo,RaviTejaPalla
AninditaMondal,RaviTejaPalla
GauravAgarwal8,RaviTejaPalla
MeghanathRugada,RaviTejaPalla
prongs,RaviTejaPalla
AkarshitaSaxena,RaviTejaPalla
RichaSingh54,RaviTejaPalla
srinivasaadityapatimalla,RaviTejaPalla
dineshp,RaviTejaPalla
aswankumar,RaviTejaPalla
JOYDEEPMONDAL1,RaviTejaPalla
RuchitaLakra,RaviTejaPalla
bladdy,RaviTejaPalla
kushTripathi,AshwinKalkar
GauravRathi,AshwinKalkar
radhakrishnaabhishek,AshwinKalkar
AdvaithMohan,AshwinKalkar
PrateekVijayavargia,AshwinKalkar
DeepakJohnson,AshwinKalkar
DineshSoundappa,AshwinKalkar
ArunSudarsan,AshwinKalkar
KarthikNatarajan,AshwinKalkar
ReshmiSuresh,AshwinKalkar
BveshMthy,AshwinKalkar
ashishgeorge,AshwinKalkar
SaideepKaripalli,AshwinKalkar
DarshanBheda,AshwinKalkar
ArshadNujoom,AshwinKalkar
srivatsakandukuri,AshwinKalkar
RSwamy,AshwinKalkar
SamvitaKalyan,AshwinKalkar
NrnRohit,AshwinKalkar
ChendurKumaran,AshwinKalkar
SaiPadmanabhuni,AshwinKalkar
GauravAgarwal8,AshwinKalkar
prongs,AshwinKalkar
ManaswiMishra,AshwinKalkar
SaldanhaNitya,AshwinKalkar
Abhinavgopal,AshwinKalkar
AjayVejendla,AshwinKalkar
HamsiniSuresh,AshwinKalkar
NijanshVerma,AshwinKalkar
RahulRevu,AshwinKalkar
rekhalokula,AshwinKalkar
AravindNagulu,AshwinKalkar
AkarshVarma,AshwinKalkar
SunnyPurswani,AshwinKalkar
RenithaTalari,AshwinKalkar
BharaniVlsvss,AshwinKalkar
CyanoPrem,AshwinKalkar
UpasanaHembram,AshwinKalkar
KPavanKumar,AshwinKalkar
SujataKhandare,AshwinKalkar
AyushChoudhary,AshwinKalkar
SnehaTete,AshwinKalkar
AabhaMuralidharan,AshwinKalkar
ShubhamBarsaiyan,AshwinKalkar
KoradaAshish,AshwinKalkar
RohitMitta,AshwinKalkar
ChandanSejekan,AshwinKalkar
umashankar,AshwinKalkar
AkshayRanade,AshwinKalkar
ApekshaMinz,AshwinKalkar
RanjiniArun,AshwinKalkar
SiddharthPillai,AshwinKalkar
ShonitChamadia,AshwinKalkar
IqbalBaig,AshwinKalkar
NikhleshRanjan,AshwinKalkar
PrasanthAlapati,AshwinKalkar
NigamaaNayakanti,AshwinKalkar
AdityaSaripally,AshwinKalkar
JeetOza,AshwinKalkar
MsejJournal,AshwinKalkar
saajanvaranasi,SiddharthVelamakanni
ApoorvaReddy,SiddharthVelamakanni
PalaganiRahul,SiddharthVelamakanni
ShreyaRay,SiddharthVelamakanni
BobPenielInapanuri,SiddharthVelamakanni
PingaliPraveen,SiddharthVelamakanni
ShivamGupta,SiddharthVelamakanni
KabeerArora,SiddharthVelamakanni
RaghavendraMohan,SiddharthVelamakanni
KrishnaHari,SiddharthVelamakanni
SaiChandrika,SiddharthVelamakanni
SreyanGhosh,SiddharthVelamakanni
BhargavMbv,SiddharthVelamakanni
BhargavNada,SiddharthVelamakanni
ReubenJacob,SiddharthVelamakanni
JanhaviManjrekar,SiddharthVelamakanni
AakarshCh,SiddharthVelamakanni
SampathKumar101,SiddharthVelamakanni
PraveenaPechetti,SiddharthVelamakanni
HemalAgarwal,SiddharthVelamakanni
SangitaNemalikanti,SiddharthVelamakanni
GurugubelliChaitanya,SiddharthVelamakanni
NityaChowdary,SiddharthVelamakanni
ThilkamRachuri,SiddharthVelamakanni
SampathVelaga,SiddharthVelamakanni
NikithaReddy,SiddharthVelamakanni
SandeepKotikalapudi,SiddharthVelamakanni
AnkithaReddy,SiddharthVelamakanni
SravaniVobilisetty,SiddharthVelamakanni
IshwarBammidi,SiddharthVelamakanni
RishikaArutla,SiddharthVelamakanni
KarthikChadalavada,SiddharthVelamakanni
VaishaliSharma19,SiddharthVelamakanni
gauravsarswat,SiddharthVelamakanni
DavidsonDaniel,SiddharthVelamakanni
PragyaSingh28,SiddharthVelamakanni
AlekhyaReddy,SiddharthVelamakanni
AdiAditya1,SiddharthVelamakanni
HarikaBondili,SiddharthVelamakanni
sarfarazali,SiddharthVelamakanni
SreeCharanReddy,SiddharthVelamakanni
SarojCharepalli,SiddharthVelamakanni
NarenChakravarthi,SiddharthVelamakanni
ReddyArvind,SiddharthVelamakanni
ReshmaThomas,SiddharthVelamakanni
SaiRaju,SiddharthVelamakanni
KurumellaSravya,SiddharthVelamakanni
DeviVidya,SiddharthVelamakanni
AnmishaReddy,SiddharthVelamakanni
MirKhan7,SiddharthVelamakanni
SathvikSarilla,SiddharthVelamakanni
SahityaKancharla,SiddharthVelamakanni
SreePadmaMarthi,SiddharthVelamakanni
SaliniPolisetty,SiddharthVelamakanni
SubhashRamisetty,SiddharthVelamakanni
DishaShah,SiddharthVelamakanni
PeesapatiGautham,SiddharthVelamakanni
AkshayVarma1,SiddharthVelamakanni
MunniPadmini,SiddharthVelamakanni
ShivanshSingh,SiddharthVelamakanni
DeepitPurkayastha,AVINASHD
VishalGupta,AVINASHD
UmeshU,AVINASHD
MallikarjunKarra,AVINASHD
DebasishKanhar,AVINASHD
SwastikSingh,AVINASHD
SachinSharma,AVINASHD
VijayDevarapalli,AVINASHD
monalisasethi,AVINASHD
RachitKothari,AVINASHD
SandeshMareddy,AVINASHD
srivatsakandukuri,AVINASHD
AakashBhowmick,AVINASHD
HaarshDubey,AVINASHD
MeenaUppaluri,AVINASHD
sudheerkatta,AVINASHD
SaiPadmanabhuni,AVINASHD
PradhanAmit,AVINASHD
SS,AVINASHD
SidharthGummalla,AVINASHD
abhinaykumar,AVINASHD
MeetGandhi,AVINASHD
Kinshuk,AVINASHD
SibhanshHastey,AVINASHD
AdityaBarelia,AVINASHD
AdilAzeem,AVINASHD
JosFranciscoSousa,AVINASHD
AmanGoel,AVINASHD
SuprajaAnumakonda,AVINASHD
PranathSisodiya,AVINASHD
MayankParasar,AVINASHD
SilviaLeucari,AVINASHD
PrakharVerma,AVINASHD
SanjayDixit,AVINASHD
SatvikMahajan,AVINASHD
AleemJaved,AVINASHD
santhoshlakkanpalli,AVINASHD
TelenaPradhan,AVINASHD
AnubhutiAgarwal,AVINASHD
ChitreshSinha,AVINASHD
SatyarthSingh,AVINASHD
NigamaaNayakanti,AVINASHD
BiswasSaurav,AVINASHD
StrahinjaDivljan,AVINASHD
SatyaTejaswi,AVINASHD
IJMEjournal,AVINASHD
HarshSomani,AVINASHD
SKalyan,AVINASHD
SampathVelaga,AVINASHD
Vamshiballikonda,AVINASHD
AbhishekKhetan,AVINASHD
DilipChandrawat,AVINASHD
SharatChandra,AVINASHD
MohitKumar,AVINASHD
PradeeptaDas,AVINASHD
AnandaRavi,AVINASHD
balajimada,AVINASHD
LalitAgarwal,AVINASHD
MahatheyPavan,AVINASHD
SuyashGoenka,AVINASHD
AntarikshBothale,watever
PoornaChandra,watever
uttamsikaria,watever
PranushaManthri,watever
KetavMehta,watever
SnehaJain,watever
SouvikDutta,watever
AyushGargIITB,watever
AbhijeetMukhekar,watever
RBhardwaj,watever
KaruneshJigyasu,watever
AlankarJain,watever
SarjanSatra,watever
KhushbooSadhwani,watever
SriramKarnati,watever
SajanSankaran,watever
KaushikIska,watever
MayankLodha,watever
AshwinKrishnan1,watever
AbhishekPadmanabhan,watever
MudeRajuNaik,watever
SouradipSen,watever
AnkitAgarwal11,watever
sudheerkatta,watever
ShashankShekhar,watever
SharjeelImam,watever
AyushChandak,watever
ShashwatGandhi,watever
YohanMathew,watever
ShreyaRay,watever
AmeekSingh,watever
RohitKasliwal,watever
PavanBharadwaj,watever
ManishRao,watever
AjitVoraboina,watever
HimanshuArora,watever
DheerajSonker,watever
DhruvGupta,watever
SanchitMittal,watever
YashaswiVerma,watever
ReddyManish,watever
RamanIitb,watever
BhavnaGupta,watever
RanjeetSinghBanthiya,watever
PrithvijitSingh,watever
BajajC,watever
rgeesa,watever
SampathKumar101,watever
NeelShah,watever
SaurabhSuman,watever
AakashNS,watever
GautamPanikkar,watever
BhavyaDore,watever
AbhijeetAlase,watever
AbhijithYadav,watever
SampathVelaga,watever
AkhileshKhope,watever
AnilKumar780,watever
AnushAcademia,watever
DileepKumar,watever
RamanujMukherjee,ReddyManish
PoornaChandra,ReddyManish
uttamsikaria,ReddyManish
GamzeSart,ReddyManish
SabareeshNikhilC,ReddyManish
AkvilSakhare,ReddyManish
SouvikDutta,ReddyManish
AlankarJain,ReddyManish
SriramKarnati,ReddyManish
AshwinKrishnan1,ReddyManish
AdityaLalwani,ReddyManish
CharuMehta,ReddyManish
NidhiShanbhag,ReddyManish
AnilShanbhag,ReddyManish
SanketPatel,ReddyManish
srivatsakandukuri,ReddyManish
kushjain,ReddyManish
AlankarSaxena,ReddyManish
sudheerkatta,ReddyManish
SaiPadmanabhuni,ReddyManish
PriyankaArya,ReddyManish
SrinivasNuti,ReddyManish
AnkitRana,ReddyManish
VivekKhandelwal,ReddyManish
RishabhVerma,ReddyManish
RohitKasliwal,ReddyManish
AmeekSingh,ReddyManish
DasArchana,ReddyManish
KrutikaaJawanjal,ReddyManish
ManishRao,ReddyManish
AjitVoraboina,ReddyManish
DheerajSonker,ReddyManish
VivekYadav3,ReddyManish
DhruvGupta,ReddyManish
PraveenPendyala,ReddyManish
watever,ReddyManish
AbhishekKumar,ReddyManish
PriyadarshanSinghChauhan,ReddyManish
RajanBuha,ReddyManish
NitinSingh,ReddyManish
ShubhamGupta,ReddyManish
AdityaSaripally,ReddyManish
RohitMangal,ReddyManish
rgeesa,ReddyManish
SebastrianBala,ReddyManish
AakashNS,ReddyManish
SampathVelaga,ReddyManish
ManishYadav,ReddyManish
AnishGupta,ReddyManish
RaviVooda,ReddyManish
AshishMendhekar,ReddyManish
AnushAcademia,ReddyManish
VivekTirunagiri,ReddyManish
AsokRamachandran,ReddyManish
LogicDeepak,ReddyManish
BharathLokireddy,ReddyManish
RohithMittapalli,ReddyManish
PraveenPatel7,ReddyManish
BharathJoginapally,ReddyManish
NishanthKottapalli,ReddyManish
GarvMalik,AkshithAnand
EswaraSai,AkshithAnand
SrikanthSuresh,AkshithAnand
AnoopKarnik,AkshithAnand
MukherjeeAbhinav,AkshithAnand
KalyanPingali,AkshithAnand
RaiHimanshu,AkshithAnand
NarenKrishnaMadhurakavi,AkshithAnand
AurghoBhattacharjee,AkshithAnand
AbhilashMirji,AkshithAnand
PriyaChowdhary,AkshithAnand
RahulDubey22,AkshithAnand
VivekhPrabakaran,AkshithAnand
AdityaCherukumudi,AkshithAnand
PavanKate,AkshithAnand
NelakuduruVineeth,AkshithAnand
SiddharthDash1,AkshithAnand
NamanBafna,AkshithAnand
rishabhsaraswat,AkshithAnand
VinodhReddyChennu,AkshithAnand
SandeepGoli,AkshithAnand
ArchitaSharma,AkshithAnand
SuryaPrathap,AkshithAnand
ArvindSunder,AkshithAnand
VenkateshMundada,AkshithAnand
PraddyumanRungta,AkshithAnand
VishwanthkumarVankadari,AkshithAnand
akashraj,AkshithAnand
SohamNagchowdhury,AkshithAnand
AbhiramChavali,AkshithAnand
ChowdharySaiPriya,AkshithAnand
SiddharthMishra,AkshithAnand
NehaJawalkar,AkshithAnand
VamsiMohan3,AkshithAnand
PushkarPrasun,AkshithAnand
likithnadella,AkshithAnand
ArunabhBiyani,AkshithAnand
JiteshVarandani,AkshithAnand
SampathVelaga,AkshithAnand
SnehaChemarla,AkshithAnand
VinayKumar103,AkshithAnand
AvinashAman,AkshithAnand
KavyaMohan,AkshithAnand
AashishVyas,AkshithAnand
RohithMulugu,AkshithAnand
ReddyCharith,AkshithAnand
BabithaMachireddy,AkshithAnand
DheerajPeri,AkshithAnand
KasiVarri,AkshithAnand
NidhiSri,AkshithAnand
plaharireddy,AkshithAnand
AmanKumar,AkshithAnand
AnupPampari,AkshithAnand
RiteshRai,AkshithAnand
HarshaNidhi,AkshithAnand
YashAgarwal14,AkshithAnand
AshutoshKaneriya,AkshithAnand
ManishaReddy1,AkshithAnand
DspRahul,AkshithAnand
RajeevBaditha,AkshithAnand
AppasahebNaikal,DivyaJyothi
AshwinKalkar,DivyaJyothi
sudheerkatta,DivyaJyothi
SaiPadmanabhuni,DivyaJyothi
SraavyaPathsamatla,DivyaJyothi
ShreyaRay,DivyaJyothi
AvaniVerma,DivyaJyothi
VinitSharswat,DivyaJyothi
MelindaNetto,DivyaJyothi
AdityaSaripally,DivyaJyothi
SrivatsavaGsr,DivyaJyothi
KalyanKota,DivyaJyothi
RohitKyasa,DivyaJyothi
SampathVelaga,DivyaJyothi
ShilpaKamath,DivyaJyothi
SuryaThogaru,DivyaJyothi
DevikaPrabhu,DivyaJyothi
Shitole,DivyaJyothi
AditiSen,DivyaJyothi
prashanthkumarreddy,DivyaJyothi
MeghaMantri,DivyaJyothi
AshwiniMuthineni,DivyaJyothi
NavneetKumar,DivyaJyothi
RashmiMoparthi,DivyaJyothi
HemangDesai,DivyaJyothi
SaketVishwasrao,DivyaJyothi
AnkitGoyal,DivyaJyothi
rahulnanda,DivyaJyothi
ShrutiHardat,DivyaJyothi
SundarChaitanya,DivyaJyothi
MohitJajoo,DivyaJyothi
PavanBarla,DivyaJyothi
RajanKhoiwal,DivyaJyothi
shravanireddy,DivyaJyothi
MishraAnju,DivyaJyothi
NagaLakshmi10,DivyaJyothi
AmitChandra2,DivyaJyothi
SaurabhVarshney,DivyaJyothi
TamalikaBhattacharyabhattacharya,DivyaJyothi
IshratVasid,DivyaJyothi
SejalGupta,DivyaJyothi
JatinGahlawat,DivyaJyothi
ShikhaAgarwal2,DivyaJyothi
HarshitAggarwal,DivyaJyothi
AnoopMaurya1,DivyaJyothi
ShubhamGupta94,DivyaJyothi
KavyaPutluri,DivyaJyothi
SaiPraneshRao,DivyaJyothi
MadhusreeBasak,DivyaJyothi
JitendraNagar,DivyaJyothi
RamSinghBairwa,DivyaJyothi
PreetiGoyadi,DivyaJyothi
SrilakshmiManchala,DivyaJyothi
SBhanavase,DivyaJyothi
AkshitBhatnagar,DivyaJyothi
BharadwajReddy,DivyaJyothi
SuyashBhangale,DivyaJyothi
SanjayMeena3,DivyaJyothi
TruptiSaundar,DivyaJyothi
priyaltrivedi,DivyaJyothi
AshwinKalkar,SowmyaVelugoti
SnehaTete,SowmyaVelugoti
KPraneethReddy,SowmyaVelugoti
SampathVelaga,SowmyaVelugoti
GangasaniNiharikaReddy,SowmyaVelugoti
PhanenderReddyKasireddy,SowmyaVelugoti
SaiKiranAlamuri,SowmyaVelugoti
SukumarMacherla,SowmyaVelugoti
PARUCHURINISHITA13MPE0057,SowmyaVelugoti
MadhuriLeela,SowmyaVelugoti
DasharathSandolla,SowmyaVelugoti
SruthiSekhar,SowmyaVelugoti
SwathiChowdary,SowmyaVelugoti
AmulyaChoudary,SowmyaVelugoti
AjayKumar62,SowmyaVelugoti
harshithasri,SowmyaVelugoti
GopiKrishna,SowmyaVelugoti
KeerthanaReddy,SowmyaVelugoti
VijethaVijaya,SowmyaVelugoti
DilipSomaraj,SowmyaVelugoti
RanaaMahveen,SowmyaVelugoti
BhavanaReddy9,SowmyaVelugoti
PiyushSinha8,SowmyaVelugoti
SidSiddharth,SowmyaVelugoti
SudeepSrinivas,SowmyaVelugoti
AravindPogu,SowmyaVelugoti
RavaliParsi,SowmyaVelugoti
RaoPrudhvi,SowmyaVelugoti
DeepakKanneganti,SowmyaVelugoti
AdityaTalluri,SowmyaVelugoti
NaveenKumar,SowmyaVelugoti
VaniReddyNareddy,SowmyaVelugoti
RanjeetKumar,SowmyaVelugoti
ramyamanchala,SowmyaVelugoti
ShaziaAfreen,SowmyaVelugoti
himasampathirao,SowmyaVelugoti
SaiKumar,SowmyaVelugoti
BVijendra,SowmyaVelugoti
venkatreddy,SowmyaVelugoti
JayaSree,SowmyaVelugoti
NandiniNandu,SowmyaVelugoti
ManishaSahu1,SowmyaVelugoti
PravangkarBoruah,SowmyaVelugoti
SrinivasDandugala,SowmyaVelugoti
SiddharthaBashetty,SowmyaVelugoti
NikhilRegalla,SowmyaVelugoti
PrasadChimmili,SowmyaVelugoti
SunilSatheesan,SowmyaVelugoti
RukmiSrinivas,SowmyaVelugoti
madhavamm,SowmyaVelugoti
KilariAnusha,SowmyaVelugoti
SatyanarayanaTalluri,SowmyaVelugoti
kavithapammi,SowmyaVelugoti
VedicComy,SowmyaVelugoti
sadianausheen,SowmyaVelugoti
DoraBabu,SowmyaVelugoti
pragnyaragam,SowmyaVelugoti
ShaikAdil,SowmyaVelugoti
PRINCEadithya,SowmyaVelugoti
sandeepratnam,SowmyaVelugoti
manojkumarvelamala,Vamshiballikonda
KarthikNatarajan,Vamshiballikonda
NrnRohit,Vamshiballikonda
SaiPadmanabhuni,Vamshiballikonda
Abhinavgopal,Vamshiballikonda
RahulRevu,Vamshiballikonda
HariPrasad,Vamshiballikonda
RohitDharavath,Vamshiballikonda
AVINASHD,Vamshiballikonda
KoradaAshish,Vamshiballikonda
VidushiJain,Vamshiballikonda
SriHarsha,Vamshiballikonda
SandeepJaiswal,Vamshiballikonda
PrasanthAlapati,Vamshiballikonda
AdityaSaripally,Vamshiballikonda
bhargavaramkanda,Vamshiballikonda
SatyaTejaswi,Vamshiballikonda
SampathVelaga,Vamshiballikonda
muralinaik,Vamshiballikonda
PathlavathRajashekhar,Vamshiballikonda
SChidarala,Vamshiballikonda
MahatheyPavan,Vamshiballikonda
MalleswariKachireddy,Vamshiballikonda
prashanthkumarreddy,Vamshiballikonda
LikinSimon,Vamshiballikonda
GicDaniel,Vamshiballikonda
BonalaVinod,Vamshiballikonda
RohithMittapalli,Vamshiballikonda
RameshKottamasu,Vamshiballikonda
GopalaKrishnaRodda,Vamshiballikonda
AshrufSyed,Vamshiballikonda
Manojkumar,Vamshiballikonda
PavanD,Vamshiballikonda
SwethaBhupathi,Vamshiballikonda
prashanthbollam,Vamshiballikonda
SaiChandu1,Vamshiballikonda
MahendranathReddy,Vamshiballikonda
RajeshSaladi,Vamshiballikonda
gsdino,Vamshiballikonda
TejaTJ,Vamshiballikonda
SrikanthKotra,Vamshiballikonda
GurramPraveenKumar,Vamshiballikonda
AsifKhan,Vamshiballikonda
ManikantaKrishna,Vamshiballikonda
SriHarshaVenuturumilli,Vamshiballikonda
KvRavindranath,Vamshiballikonda
ManoharGopaluni,Vamshiballikonda
NimushakaviLavanya,Vamshiballikonda
KevinM2,Vamshiballikonda
SindhuSiNdhura,Vamshiballikonda
AS,Vamshiballikonda
SaiKumar18,Vamshiballikonda
SunilChidarala,Vamshiballikonda
RamakrishanaBhookya,Vamshiballikonda
AthindranRameshKumar,Vamshiballikonda
SourabhUikey,Vamshiballikonda
CharlesDyke,Vamshiballikonda
ChinmayaPatnayak,SumanthGottipati
ShravyaLahari,SumanthGottipati
SaumyaJain,SumanthGottipati
AnoopKarnik,SumanthGottipati
MitulGirotra,SumanthGottipati
NikhilJones,SumanthGottipati
NitinSamuel,SumanthGottipati
SaiPadmanabhuni,SumanthGottipati
DivyaPravallika,SumanthGottipati
SriPrakyathIyyapu,SumanthGottipati
SuryaKlsv,SumanthGottipati
ShubhamJain85,SumanthGottipati
NamanBafna,SumanthGottipati
SwamyIdln,SumanthGottipati
nabeelahmed,SumanthGottipati
NavyaSahithi,SumanthGottipati
balakoteshwar,SumanthGottipati
RathishArumugam,SumanthGottipati
HariKrishnaUpadhyayula,SumanthGottipati
SiddardhGouri,SumanthGottipati
KatragaddaAvinash,SumanthGottipati
AkshayAnanthakrishnan,SumanthGottipati
DineshKumarDasari,SumanthGottipati
SampathVelaga,SumanthGottipati
AKhare,SumanthGottipati
RishiPatel,SumanthGottipati
RavitejaBhagi,SumanthGottipati
AlishaGhosh,SumanthGottipati
YaswanthKodavali,SumanthGottipati
AshiffShaik,SumanthGottipati
AMohanty,SumanthGottipati
ApoorvaVerma,SumanthGottipati
GokulRaghuraman,SumanthGottipati
AbhinavChoudhury,SumanthGottipati
VimarshSrivastava,SumanthGottipati
AtulPawar,SumanthGottipati
NikithaBollipalli,SumanthGottipati
AdityaTibrewal,SumanthGottipati
KrishnaChaitanya,SumanthGottipati
ParthPaik,SumanthGottipati
saigoutham,SumanthGottipati
JagannathReddy,SumanthGottipati
PhanThNhPh,SumanthGottipati
KarthikPavan,SumanthGottipati
nareshgoud,SumanthGottipati
KumarMehul,SumanthGottipati
MruthyunjayaRaoPadamata,prashanthkumarreddy
AnimeshChoudhary,prashanthkumarreddy
VijayDevarapalli,prashanthkumarreddy
AjayKumarYadav,prashanthkumarreddy
AshwinKalkar,prashanthkumarreddy
KumarAshwin,prashanthkumarreddy
srivatsakandukuri,prashanthkumarreddy
AakashBhowmick,prashanthkumarreddy
sudheerkatta,prashanthkumarreddy
SaiPadmanabhuni,prashanthkumarreddy
abhinaykumar,prashanthkumarreddy
AnkurChouragade,prashanthkumarreddy
ApurvJain,prashanthkumarreddy
NAgarwal,prashanthkumarreddy
SanjayDixit,prashanthkumarreddy
AleemJaved,prashanthkumarreddy
AVINASHD,prashanthkumarreddy
ShouvikMukherjee,prashanthkumarreddy
kalyankuramana,prashanthkumarreddy
PrateekAnand,prashanthkumarreddy
KrishnaKishore2,prashanthkumarreddy
SrikanthSethumadhavan,prashanthkumarreddy
PalashLodalliwar,prashanthkumarreddy
pallerakesh,prashanthkumarreddy
KumarShanu,prashanthkumarreddy
AdityaSaripally,prashanthkumarreddy
SivaPraneeth,prashanthkumarreddy
VikasKanukollu,prashanthkumarreddy
ATANUHALDER,prashanthkumarreddy
VaibhavMadamshetty,prashanthkumarreddy
SatyaTejaswi,prashanthkumarreddy
anuragkumar,prashanthkumarreddy
RohitChauhan,prashanthkumarreddy
SampathVelaga,prashanthkumarreddy
SampathKilaparthi,prashanthkumarreddy
DivyaJyothi,prashanthkumarreddy
Vamshiballikonda,prashanthkumarreddy
UjjwalDubey,prashanthkumarreddy
LalitAgarwal,prashanthkumarreddy
MahatheyPavan,prashanthkumarreddy
RohithMittapalli,prashanthkumarreddy
SiddharthBhandari,prashanthkumarreddy
AbhimanyuJayakanth,prashanthkumarreddy
karthikeyanvenkatesh,prashanthkumarreddy
sanjaykumar,prashanthkumarreddy
ChinmayaPatnayak,AnkitPatodiya
CaijJournal,AnkitPatodiya
SwetabhKumar,AnkitPatodiya
ThiruvikramanKandhadai,AnkitPatodiya
ShantanuKallakuri,AnkitPatodiya
PrasanthAkki,AnkitPatodiya
SrikantBharadwaj,AnkitPatodiya
SuryaKlsv,AnkitPatodiya
SarthakGhosh,AnkitPatodiya
SiddarthYerram,AnkitPatodiya
krishnakarthick,AnkitPatodiya
ChiragGarg3,AnkitPatodiya
VenkateshHarisyam,AnkitPatodiya
TejeshwarSingh,AnkitPatodiya
VenkataSriramaKrishnaTejaKonduri,AnkitPatodiya
SampathVelaga,AnkitPatodiya
SoumyaGanguly,AnkitPatodiya
KsAditya,AnkitPatodiya
ashishshukla,AnkitPatodiya
SankalpGupta1,AnkitPatodiya
VimarshSrivastava,AnkitPatodiya
AnupPampari,AnkitPatodiya
SaumitraTiwari,AnkitPatodiya
AshishSarda,AnkitPatodiya
MdMujahedAli,AnkitPatodiya
PingakshSharma,AnkitPatodiya
ParthKalyani,AnkitPatodiya
VanshKhurana,AnkitPatodiya
SarjakShah,AnkitPatodiya
FarhanRasheed,AnkitPatodiya
SatyaKarthik,AnkitPatodiya
AbhishekMukherjee,AnkitPatodiya
ChethnKrishna,AnkitPatodiya
SumitSrivastava,AnkitPatodiya
ApurvGautam,AnkitPatodiya
ShouvikGanguly,AbhishekMukherjee
SoumadeepGuha,AbhishekMukherjee
LenaPalacios,AbhishekMukherjee
ShamboNandy,AbhishekMukherjee
DattaSamrat,AbhishekMukherjee
ParojBanerjee,AbhishekMukherjee
KaustavBera,AbhishekMukherjee
CsijJournal,AbhishekMukherjee
SnehaSrinivasan,AbhishekMukherjee
AjayKhaitan,AbhishekMukherjee
SiddardhGouri,AbhishekMukherjee
SampathVelaga,AbhishekMukherjee
KuheliJati,AbhishekMukherjee
UtsukSharma,AbhishekMukherjee
RoneyMichael,AbhishekMukherjee
simpypallav,AbhishekMukherjee
KaziParvezAlam,AbhishekMukherjee
SantoshGuruju,AbhishekMukherjee
AnkitPatodiya,AbhishekMukherjee
SreenjoyChatterjee,AbhishekMukherjee
SaurabhBulchandani,AbhishekMukherjee
VivekVanga,AbhishekMukherjee
GoelAnshu,AbhishekMukherjee
MayaAbd,AbhishekMukherjee
RaviValluru,ManjunathaReddy
SampathVelaga,ManjunathaReddy
RajeshKumar498,ManjunathaReddy
AnkiReddy,ManjunathaReddy
ReddyRajeev,ManjunathaReddy
SandeepReddy33,ManjunathaReddy
ChandraSekhar,ManjunathaReddy
VeeraReddy9,ManjunathaReddy
KarnnanKamaraj,ManjunathaReddy
PrashanthMohan,ManjunathaReddy
HrushikesavaSangaraju,ManjunathaReddy
BhattaAbhishek,ManjunathaReddy
EswaraReddy,ManjunathaReddy
ReddyManjunatha,ManjunathaReddy
RajReddy18,ManjunathaReddy
harithamettu,ManjunathaReddy
KarthikParamkusham,ManjunathaReddy
RajaSekhar37,ManjunathaReddy
pavankumar259,ManjunathaReddy
GoudU,ManjunathaReddy
LavanyaRajKiran,ManjunathaReddy
BharathReddyBandlapalli,ManjunathaReddy
ChanDu1,ManjunathaReddy
RamReddy8,ManjunathaReddy
VasanArunachalam,GitaVatsalyaKajjam
SwethaNimmagadda,GitaVatsalyaKajjam
SaiPadmanabhuni,GitaVatsalyaKajjam
SwamyIdln,GitaVatsalyaKajjam
Kalyankarthik,GitaVatsalyaKajjam
ShankarVenkatraman,GitaVatsalyaKajjam
TejeshwarSingh,GitaVatsalyaKajjam
SiddardhGouri,GitaVatsalyaKajjam
VenkataSriramaKrishnaTejaKonduri,GitaVatsalyaKajjam
SampathVelaga,GitaVatsalyaKajjam
GowthamReddy,GitaVatsalyaKajjam
sahithiseedarala,GitaVatsalyaKajjam
AnushaKankanala,GitaVatsalyaKajjam
VanshKhurana,GitaVatsalyaKajjam
GouthamiBoinpally,GitaVatsalyaKajjam
EswaraSai,MadhurimaMunjuluri
ShravyaLahari,MadhurimaMunjuluri
AnoopKarnik,MadhurimaMunjuluri
SnehaChilivery,MadhurimaMunjuluri
SuryaKlsv,MadhurimaMunjuluri
JeevanRomee,MadhurimaMunjuluri
AnvithaAdhikarla,MadhurimaMunjuluri
SaiSanthosh,MadhurimaMunjuluri
SampathVelaga,MadhurimaMunjuluri
AbhishekDevarakonda,MadhurimaMunjuluri
SindhuraNadella,MadhurimaMunjuluri
NagasravikaBodapati,MadhurimaMunjuluri
RamyaSree2,MadhurimaMunjuluri
MeduriRavindra,MadhurimaMunjuluri
ChandniChandu,MadhurimaMunjuluri
TarunGoel,GoelAnshu
SampathVelaga,GoelAnshu
VibhorJindal,GoelAnshu
PulkitSehra,GoelAnshu
SahilKohli,GoelAnshu
AmanTyagi,GoelAnshu
IshanGambhir,GoelAnshu
AbhishekMukherjee,GoelAnshu
JasmeetKaur,GoelAnshu
SahilBansal3,GoelAnshu
GauravVerma16,GoelAnshu
VibhuTiwari,GoelAnshu
ArjunBhagoji,AbhinayReddy
RanjithKannankattil,AbhinayReddy
SudheendraHerkal,AbhinayReddy
AshishJha,AbhinayReddy
DeeptiRamakrishnan,AbhinayReddy
RadhaReddy,AbhinayReddy
jadavkrishnasai,AbhinayReddy
nitinchakravarthy,AbhinayReddy
SahithyaVenkatesan,AbhinayReddy
mboggarapu,AbhinayReddy
TS,AbhinayReddy
SandeepYakkala,AbhinayReddy
PuneetGarg,payalmistry
VaishShalu,payalmistry
NidalMuraywid,payalmistry
ArjunKC,payalmistry
MassoudAjami,payalmistry
vamshikrishnaKanike,SharathChandraGuntuku
SonuMishra,MandarKulkarni
HIMANSHUMANGLUNIA,MandarKulkarni
AnanthRajan,MandarKulkarni
RAVISHVASAN,MandarKulkarni
AdutipalSingh,MandarKulkarni
VishakBharadwaj,MandarKulkarni
NayanjyotiDeka,MandarKulkarni
HarshRanjan,MandarKulkarni
AnkitMandil,MandarKulkarni
AshokDibbada,MandarKulkarni
SaiKrishna,MandarKulkarni
SidharthChitlangia,MandarKulkarni
KumarAbhishek,MandarKulkarni
HariomMeena,MandarKulkarni
ManishArora,MandarKulkarni
ShambhaviDeshpande,MandarKulkarni
JaiswalV,MandarKulkarni
UditJalan,MandarKulkarni
PratyukshBansal,MandarKulkarni
PrateekJain,MandarKulkarni
AditiMakhija,MandarKulkarni
AjaykumarKannan,MandarKulkarni
SiddharthaNambiar,MandarKulkarni
PathikJoshi,MandarKulkarni
MehsoschrOygnuh,MandarKulkarni
MonmiPangging,MandarKulkarni
SaxenaAmodhKant,MandarKulkarni
SoumyaPatro,MandarKulkarni
RahulKumar442,MandarKulkarni
ShameekGanguly,MandarKulkarni
RishabhBardia,MandarKulkarni
ChiragSahai,MandarKulkarni
ramananurag,MandarKulkarni
SaeeTulpule,MandarKulkarni
IJESAJournal,MandarKulkarni
Ashwanikumar,MandarKulkarni
AkshatBordia,MandarKulkarni
AniketUdepurkar,MandarKulkarni
RajatKhanduja,MandarKulkarni
mansimransingh,MandarKulkarni
DharmendraPrajapati,MandarKulkarni
KartikBhandari1,MandarKulkarni
RudraPratapSingh,MandarKulkarni
RovinBhandari,MandarKulkarni
MedaTeja,MandarKulkarni
MaheshGupta1,MandarKulkarni
PadmanabhBaruah,MandarKulkarni
ItzNareshVenkat,MandarKulkarni
RatholuMao,MandarKulkarni
RamK,MandarKulkarni
cronychakraborty,MandarKulkarni
KritiMishra4,MandarKulkarni
VivekGupta,MandarKulkarni
ManzilZaheer,MandarKulkarni
ApoorvKumar,MandarKulkarni
SiddharthSharma7,MandarKulkarni
DevendraSingh,MandarKulkarni
HimanshuBhandari,MandarKulkarni
JayantaDevnath,MandarKulkarni
HeeraLal,MandarKulkarni
SriVenkatPoolla,PurneshSairam
AritraSarkar,PurneshSairam
BabithaJustin,PurneshSairam
RajeshJosephAbraham,PurneshSairam
RajeevVempuluru,PurneshSairam
AkashDeep,PurneshSairam
SaitejaJakkula,PurneshSairam
VislaKrishna,PurneshSairam
HarishvarmaPakalapati,PurneshSairam
SurbhiBaghotia,PurneshSairam
NishitBaburaj,PurneshSairam
NehaChohan,PurneshSairam
DheerajRao2,PurneshSairam
NikhilHubballi,PurneshSairam
AbhishekPatil1,PurneshSairam
NKalyanSrinivasan,PurneshSairam
HarshaJithin,PurneshSairam
SuryaPrathap,PurneshSairam
PavanKumarAkula,PurneshSairam
MadhuHarsha,PurneshSairam
AnjaniSindhusha,PurneshSairam
SumanNaik,PurneshSairam
RaviTeja143,PurneshSairam
SaiSrinivas,PurneshSairam
priyaswain,PurneshSairam
RaviTeja179,PurneshSairam
HemanPhinehas,PurneshSairam
MaggiMeghanath,PurneshSairam
OmsaiAyyappa,PurneshSairam
SathyaNarayanan,PurneshSairam
ChanakshaGorentla,PurneshSairam
JitheshCM,PurneshSairam
SatyaTejaswi,PurneshSairam
SrivatsavaGsr,PurneshSairam
NitinDeshpande,PurneshSairam
MouryaVoleti,PurneshSairam
SowmyaKatragadda,PurneshSairam
VadhriBharadwaj,PurneshSairam
AnmolGarg,PurneshSairam
ChintuMalli,PurneshSairam
ParikshithJanagama,PurneshSairam
latheefahmedshaik,PurneshSairam
VamshiKrishna,PurneshSairam
AnuragThakur1,PurneshSairam
ShubhamAgarwal,PurneshSairam
SeshuCh,PurneshSairam
VipinRajK,PurneshSairam
RajeshMuntha,PurneshSairam
DhirojKumarBehera,PurneshSairam
MayankDaheria,PurneshSairam
NazeemSrt,PurneshSairam
PotlaRohit,PurneshSairam
PrithviVelicheti,PurneshSairam
RohitSingh142,PurneshSairam
VarunGanesh,PurneshSairam
VamsiKrishnaPotluri,PurneshSairam
VinayKumar,PurneshSairam
RinkuWilson,PurneshSairam
SekharNaik,PurneshSairam
iamradha,PurneshSairam
AnirudhMurthy,RajatSen
shayandev,RajatSen
SwastikSingh,RajatSen
MadhurimaKumar,RajatSen
MaheshKS,RajatSen
NishantSah,RajatSen
AmitKankani,RajatSen
SayantanChoudhury,RajatSen
SharmaShrey,RajatSen
MdNasir,RajatSen
AJain,RajatSen
AbhishekChourasiya,RajatSen
KamalenduGhosh,RajatSen
MeenaUppaluri,RajatSen
AbhishekKapoor,RajatSen
KSaiRam,RajatSen
AkashJain,RajatSen
TirthaChatterjee,RajatSen
PathikJoshi,RajatSen
RajeshMondal,RajatSen
VaibhavSrivastava,RajatSen
AnuragNarula,RajatSen
AnirudhSurendran,RajatSen
DwaipayanPradhan,RajatSen
KeshavRatan,RajatSen
ParameswaranS,RajatSen
ArkoBasak,RajatSen
GhoshAbhishek,RajatSen
ChandrakantChanchal,RajatSen
SkSumaiya,RajatSen
SambitDebnath,RajatSen
MayankParasar,RajatSen
MainakMustafi,RajatSen
Kumar,RajatSen
ChaitanyaPonnapalli,RajatSen
HrishavAgarwal,RajatSen
santhoshlakkanpalli,RajatSen
TamaghnaMandal,RajatSen
SamataChaudhuri,RajatSen
RajeevSingh,RajatSen
MitraKaushik,RajatSen
ArpanDe,RajatSen
PrachiMehta,RajatSen
PoulamiMukherjee3,RajatSen
TathagataSrimani,RajatSen
SaiAnvesh,RajatSen
NitinNagwani,RajatSen
RupakShow,RajatSen
SivaPraneeth,RajatSen
SmitakshiSen,RajatSen
ManikandanSankaran,RajatSen
ATANUHALDER,RajatSen
SatyakiDutta,RajatSen
SowmyaKatragadda,RajatSen
RohanGhosh,RajatSen
BhattacharyyaArindam,RajatSen
ShounakChakraborty1,RajatSen
SanchitSingal,RajatSen
AmanNamdeo,RajatSen
AnkitShrivastva,RajatSen
EswaraSai,SaumyaPatnaik
SaumyaJain,SaumyaPatnaik
ChanduParimi,SaumyaPatnaik
SrikanthSuresh,SaumyaPatnaik
HarshaAechuri,SaumyaPatnaik
AnoopKarnik,SaumyaPatnaik
SudheerVazrapu,SaumyaPatnaik
RaiHimanshu,SaumyaPatnaik
PrasanthAkki,SaumyaPatnaik
SrikantBharadwaj,SaumyaPatnaik
AkhilSaiAnumolu,SaumyaPatnaik
DeepthiMeduri,SaumyaPatnaik
AmrithaJayadev,SaumyaPatnaik
PraneethSmk,SaumyaPatnaik
DivyaPravallika,SaumyaPatnaik
SatyaJulakanti,SaumyaPatnaik
SanchitMishra,SaumyaPatnaik
MeenakshiSaranga,SaumyaPatnaik
PratyushaPutrevu,SaumyaPatnaik
tejdeep,SaumyaPatnaik
DineshReddy38,SaumyaPatnaik
ChandraSandeep1,SaumyaPatnaik
PrashantLalwani,SaumyaPatnaik
SaitejaPasula,SaumyaPatnaik
VinodhReddyChennu,SaumyaPatnaik
SandeepChandaluri,SaumyaPatnaik
SomyaAgarwal,SaumyaPatnaik
NitinMythreya,SaumyaPatnaik
ARCHITASAHU,SaumyaPatnaik
PraveenVelicheti,SaumyaPatnaik
DeepshikaGilbile,SaumyaPatnaik
GuptaChavi,SaumyaPatnaik
DivyaAnnavajjula,SaumyaPatnaik
RTumbalabeedu,SaumyaPatnaik
KeerthanaJetty,SaumyaPatnaik
SwagatReddy,SaumyaPatnaik
AdityaKhandelwal1,SaumyaPatnaik
KaurManjyot,SaumyaPatnaik
SiddharthMishra,SaumyaPatnaik
SrinijaVobugari,SaumyaPatnaik
ThanushaReddy,SaumyaPatnaik
SreejaReddy1,SaumyaPatnaik
SruthiPedakolimi,SaumyaPatnaik
SowmyaKatragadda,SaumyaPatnaik
AditiShrivastava,SaumyaPatnaik
MahithaTammineedi,SaumyaPatnaik
SreeharipriyaGarikipati,SaumyaPatnaik
SamrinJalal,SaumyaPatnaik
PearlPrakash,SaumyaPatnaik
RizwanaShaik3,SaumyaPatnaik
KinneraPaladugu,SaumyaPatnaik
SMalayanur,SaumyaPatnaik
KalyanVenkat,SaumyaPatnaik
MounicaMaddi,SaumyaPatnaik
TanyaShrivastava,SaumyaPatnaik
DikshaMahato,SaumyaPatnaik
DrPRavinderReddy,NalamAbhishek
SamyakPati,NalamAbhishek
PriyaAgarwal,NalamAbhishek
RakeshKrishnaAndey,NalamAbhishek
SaitejaSirikonda,NalamAbhishek
SumanSuman,NalamAbhishek
ShailShankar,NalamAbhishek
VikhyatKorrapati,NalamAbhishek
VaibhavAgarwal,NalamAbhishek
VishalRaheja,NalamAbhishek
SreekanthDama,NalamAbhishek
PrithishSeth,NalamAbhishek
RSingh,NalamAbhishek
rohtazsingh,NalamAbhishek
AsheeshKumar,NalamAbhishek
SowmyaKatragadda,NalamAbhishek
BharatKoli,NalamAbhishek
RohitKumar280,NalamAbhishek
AmitGore,NalamAbhishek
VikramPaliwal,NalamAbhishek
AdwaithGoud,NalamAbhishek
vishakhaloya,NalamAbhishek
VijayRahul,NalamAbhishek
KamalRaj9,NalamAbhishek
ThirumuruganChandrasekaran,NalamAbhishek
AnshulMishra,NalamAbhishek
HimanshuKhandelwal1,NalamAbhishek
JyotiLakra,NalamAbhishek
KapilDhaker,NalamAbhishek
UdaySood,NalamAbhishek
RahulKumar425,NalamAbhishek
SubhashKumar,NalamAbhishek
NeenaEare,NalamAbhishek
RohitKanaujia,NalamAbhishek
ApoorvSrivastava,NalamAbhishek
AChaudhary,NalamAbhishek
KamalSingh,NalamAbhishek
RohitSangral,NalamAbhishek
NishankGupta,NalamAbhishek
SeelaAiswarya,NalamAbhishek
SawanMeena,NalamAbhishek
BhvBh,NalamAbhishek
SahitiRaparthi,NalamAbhishek
AnilMathur2,NalamAbhishek
KumarVaibhav6,NalamAbhishek
GajniSingh,NalamAbhishek
NagasaiHarsha,NalamAbhishek
AnandSrivastava,NalamAbhishek
SahithiVisvanathan,NalamAbhishek
SuryakanthSudharshanam,NalamAbhishek
VigneshSubramanian6,NalamAbhishek
SanjeevManhas,NalamAbhishek
RohtazSingh,NalamAbhishek
EswaraSai,plaharireddy
ChanduParimi,plaharireddy
VasanArunachalam,plaharireddy
AnoopKarnik,plaharireddy
SwetabhKumar,plaharireddy
ananthkotti,plaharireddy
AntarikshaYelkawar,plaharireddy
ThiruvikramanKandhadai,plaharireddy
RaiHimanshu,plaharireddy
PrasanthAkki,plaharireddy
MitulGirotra,plaharireddy
VinayakVR,plaharireddy
AmrithaJayadev,plaharireddy
SwethaNimmagadda,plaharireddy
DivyaPravallika,plaharireddy
SatyaJulakanti,plaharireddy
RaunakSinghal,plaharireddy
HarshaDutta,plaharireddy
PriyaChowdhary,plaharireddy
VivekhPrabakaran,plaharireddy
SiddarthYerram,plaharireddy
PrashantLalwani,plaharireddy
SandeepGoli,plaharireddy
ARCHITASAHU,plaharireddy
VishwanthkumarVankadari,plaharireddy
JaidiJeevan,plaharireddy
ChowdharySaiPriya,plaharireddy
SiddharthMishra,plaharireddy
AkshithAnand,plaharireddy
AravindKarthik,plaharireddy
ShivaReisende,plaharireddy
AakashJain2,plaharireddy
SowmyaKatragadda,plaharireddy
AditiShrivastava,plaharireddy
VishakaThekkedath,plaharireddy
ShantiKiranNayak,plaharireddy
KinneraPaladugu,plaharireddy
SMalayanur,plaharireddy
SaumitraTiwari,plaharireddy
KarthikTejaMummareddi,plaharireddy
ShrutiChowdhary,plaharireddy
VaishnaviTadakamalla,plaharireddy
ShrutiRamaprasad,plaharireddy
KavyaJampani,plaharireddy
GouthamiBoinpally,plaharireddy
SushmaBurujupalli,plaharireddy
MalepatiSai,plaharireddy
KalkiKukreja,SubhamoyDas
AbhishekBhardwaj,SubhamoyDas
ShrutiParija,SubhamoyDas
ManojKumarSingh12,SubhamoyDas
VineetaDabbiru,SubhamoyDas
SanjitSahoo,SubhamoyDas
RipudamanManchanda,SubhamoyDas
RajBhagya,SubhamoyDas
SouravDatta3,SubhamoyDas
SumitaMitra,SubhamoyDas
AnupKalia,SubhamoyDas
SowmyaKatragadda,SubhamoyDas
SouravBhar,SubhamoyDas
RachaelGilbert,SubhamoyDas
AbhishekRoy,SubhamoyDas
ColumbiaMishra,SubhamoyDas
AbhisekSamanta,SubhamoyDas
SoumyaMishra,SubhamoyDas
annadasankarbiswal,SubhamoyDas
GautamSinha2,SubhamoyDas
PandaD,SubhamoyDas
NamanJhawar,SubhamoyDas
AKanitkar,SubhamoyDas
RohanMahadik,SubhamoyDas
KarthikAnanthaPadmanabhan,SubhamoyDas
MuditKapil,SubhamoyDas
GMannella,SubhamoyDas
SanghitaBandyopadhyay,SubhamoyDas
VijayV,SubhamoyDas
BhagyalakshmiKalidass,SubhamoyDas
AsawariMoon,SubhamoyDas
HimanshuSharma136,SubhamoyDas
PallabPradhan,SubhamoyDas
RiteshRanjan14,SubhamoyDas
AmanjotSandhuBachhal,SubhamoyDas
PrateekPatel2,SubhamoyDas
TusharSinha5,SubhamoyDas
SubrataChakraborty8,SubhamoyDas
AnirbanPal6,SubhamoyDas
PrateekAgarwal,SubhamoyDas
SiddharthTalapatra,SubhamoyDas
SarojMahapatra,SubhamoyDas
kashfullorra,SubhamoyDas
ChengyiTu,SubhamoyDas
GunjanSingh21,SubhamoyDas
EileenTang,SubhamoyDas
JOURNALIJCGA,PhanidharCh
HimanthNerusu,PhanidharCh
AnkitaPaliwal,PhanidharCh
SreeHarshaKaza,PhanidharCh
RaghavendraMohan,PhanidharCh
PraveenChand,PhanidharCh
PraveenKothari,PhanidharCh
GokulnathReddy,PhanidharCh
gopinathrongali,PhanidharCh
WhyIgnore,PhanidharCh
NiharikaChatla,PhanidharCh
RajaSekhar78,PhanidharCh
SnehaVadlapatla,PhanidharCh
GagandeepSingh6,PhanidharCh
KrishnaMohanRoy,PhanidharCh
SowmyaKatragadda,PhanidharCh
SayanChakraborty11,PhanidharCh
ChaitanyaChandra,PhanidharCh
NagaHitesh,PhanidharCh
KanwarKakkar,PhanidharCh
KsvmKoundinya,PhanidharCh
AdwaithGoud,PhanidharCh
SundeepCheruku,PhanidharCh
TejaDevanaboyina,PhanidharCh
VenkateshRajavarapu,PhanidharCh
SagerTom,PhanidharCh
DeepakKumar430,PhanidharCh
SuranjitSarkar,PhanidharCh
PriyaApte,PhanidharCh
AnkitJain14,PhanidharCh
SwarnimaSonkar,PhanidharCh
AkaashMahar,PhanidharCh
SKoyya,PhanidharCh
SanapatiBharadwaj,PhanidharCh
VinodDosapati,PhanidharCh
ChandraMohan47,PhanidharCh
SVuppu,PhanidharCh
PuneethReddy1,PhanidharCh
SravanKumar122,PhanidharCh
RashmiRaina,PhanidharCh
PradeepSolanki,SwetalinaPanigrahi
SovanNayak,SwetalinaPanigrahi
SantyMonty,SwetalinaPanigrahi
SatyakiMascharak,SwetalinaPanigrahi
RBhardwaj,SwetalinaPanigrahi
ShivangiSahu,SwetalinaPanigrahi
LtRIPATHY,SwetalinaPanigrahi
gjkchaitanya,SwetalinaPanigrahi
LaurodePaula,SwetalinaPanigrahi
SamayNanda,SwetalinaPanigrahi
SatyaPradhan1,SwetalinaPanigrahi
sohinibandyopadhyay,SwetalinaPanigrahi
SarthakPatnaik,SwetalinaPanigrahi
StutiduttaMishra,SwetalinaPanigrahi
GuruRay,SwetalinaPanigrahi
ShabinaAshraf,SwetalinaPanigrahi
MishraUpasana,SwetalinaPanigrahi
SumitSingh11,SwetalinaPanigrahi
OmPritamPriyadarshee,SwetalinaPanigrahi
CalvinBernard,SwetalinaPanigrahi
AnujaSingh,SwetalinaPanigrahi
SowmyaKatragadda,SwetalinaPanigrahi
SwatiMitra,SwetalinaPanigrahi
AbhishekDas,SwetalinaPanigrahi
SUNJAYSUNJAY,SwetalinaPanigrahi
SuchitraSingh,SwetalinaPanigrahi
RahulSingh,SwetalinaPanigrahi
DashSambit,SwetalinaPanigrahi
SaswatiSunayana,SwetalinaPanigrahi
SoumyaDhal,SwetalinaPanigrahi
LipsaDas,SwetalinaPanigrahi
BiswajitSahu,SwetalinaPanigrahi
VBNIKAM,SwetalinaPanigrahi
BiswaBhusanBiswal,SwetalinaPanigrahi
MikiasWondimu,SwetalinaPanigrahi
rajarshipaul,SwetalinaPanigrahi
ArghyapriyaChoudhuri,SwetalinaPanigrahi
GarvMalik,ArshdeepSingh11
AmritPal,ArshdeepSingh11
AnoopKarnik,ArshdeepSingh11
SwetabhKumar,ArshdeepSingh11
ananthkotti,ArshdeepSingh11
ShantanuKallakuri,ArshdeepSingh11
PrasanthAkki,ArshdeepSingh11
MitulGirotra,ArshdeepSingh11
SrikantBharadwaj,ArshdeepSingh11
SriPrakyathIyyapu,ArshdeepSingh11
FaisalAhmad3,ArshdeepSingh11
ShubhamJain85,ArshdeepSingh11
PrashantLalwani,ArshdeepSingh11
SalabhGoyal,ArshdeepSingh11
ShankarVenkatraman,ArshdeepSingh11
viveknimbarmunde,ArshdeepSingh11
AhujaVarun,ArshdeepSingh11
KaurManjyot,ArshdeepSingh11
ParthPareek,ArshdeepSingh11
SowmyaKatragadda,ArshdeepSingh11
RishiPatel,ArshdeepSingh11
AishwaryaReddy,ArshdeepSingh11
AbhitejReddy,ArshdeepSingh11
KarthikBuddha,ArshdeepSingh11
VaishnaviTadakamalla,ArshdeepSingh11
GayatriVeerapaneni,ArshdeepSingh11
SnMounika,ArshdeepSingh11
AsmithaVanaparthi,ArshdeepSingh11
InaGupta,ArshdeepSingh11
bharatreddy5,ArshdeepSingh11
RishabhJain82,ArshdeepSingh11
SoorajAggarwal,ArshdeepSingh11
NitanJain,ArshdeepSingh11
KoreSachin,ArshdeepSingh11
NehaSingh156,ArshdeepSingh11
MeetaRathi,ArshdeepSingh11
EswaraSai,ShruthiAyloo
ShravyaLahari,ShruthiAyloo
VasanArunachalam,ShruthiAyloo
AntarikshaYelkawar,ShruthiAyloo
RAHULBASU,ShruthiAyloo
ShantanuKallakuri,ShruthiAyloo
MitulGirotra,ShruthiAyloo
NikhilJones,ShruthiAyloo
SwethaNimmagadda,ShruthiAyloo
SriPrakyathIyyapu,ShruthiAyloo
FaisalAhmad3,ShruthiAyloo
ShubhamJain85,ShruthiAyloo
ArghyaChatterjee,ShruthiAyloo
JeevanRomee,ShruthiAyloo
SaadBhamla,ShruthiAyloo
viveknimbarmunde,ShruthiAyloo
PurushothMahendran,ShruthiAyloo
AnvithaAdhikarla,ShruthiAyloo
MadhavKolli,ShruthiAyloo
SowmyaKatragadda,ShruthiAyloo
NitishKadam,ShruthiAyloo
AjVarma,ShruthiAyloo
SandhyaAparna,ShruthiAyloo
,ShruthiAyloo
HaripriyaSharma,ShruthiAyloo
KunalAghor,ShruthiAyloo
VinitaRamchandani,ShruthiAyloo
GogireddyKiranmai,ShruthiAyloo
SatyamKotikalapudi,ShruthiAyloo
RajSharma,ShruthiAyloo
SumanSaurav,ShruthiAyloo
ssssi,ShruthiAyloo
AmitVerma,NeerajaSridhar
SuvonilChatterjee,NeerajaSridhar
AnirudhNelabhotla,NeerajaSridhar
JhaNikhil,NeerajaSridhar
StephaniaMathew,NeerajaSridhar
NHariPrasad,NeerajaSridhar
AnubhaKaushik,NeerajaSridhar
AnmolSherBedi,NeerajaSridhar
AnmolAgrawal,NeerajaSridhar
SagarRaheja,NeerajaSridhar
AnnuSharma,NeerajaSridhar
RahulSundar,NeerajaSridhar
AishwaryaBalakrishnan,NeerajaSridhar
SowmyaKatragadda,NeerajaSridhar
PrakruthRs,NeerajaSridhar
SabareeshChittuluru,NeerajaSridhar
AnjaliDoneria,NeerajaSridhar
RevathiGade,NeerajaSridhar
VintiArora,NeerajaSridhar
AshimaSingla,NeerajaSridhar
VigneshKrishnan2,NeerajaSridhar
AshwathPrabhakar,NeerajaSridhar
AnjaniGanti,NeerajaSridhar
NihalKudligi,NeerajaSridhar
LokeshChowdary,NeerajaSridhar
ChandanaBobbili,NeerajaSridhar
AnnapurnaChavali,NeerajaSridhar
PoornimaSankar,NeerajaSridhar
KalyaniAkula,NeerajaSridhar
AnjaliRao2,NeerajaSridhar
MORESHWARWAGHDHARE,NeerajaSridhar
ShantanuKallakuri,AamaniLakkaraju
PrithviReddy3,AamaniLakkaraju
JukantiRakshit,AamaniLakkaraju
ChallapaliRaghavendra,AamaniLakkaraju
SriramRaghavan,AamaniLakkaraju
SowmyaKatragadda,AamaniLakkaraju
DeekshithAllamaneni,AamaniLakkaraju
JanakVarma,AamaniLakkaraju
ReddyMallika,AamaniLakkaraju
ReddyAkhila,AamaniLakkaraju
RajashreeGhorude,AamaniLakkaraju
AnnamaneniSriharsha,AamaniLakkaraju
UdayKumar,AamaniLakkaraju
VenkatPavan1,AamaniLakkaraju
AmbikaBalasubramaniam,AamaniLakkaraju
JyothirmaiNandibhatla,AamaniLakkaraju
umakari,AamaniLakkaraju
PadmajaPriyanka,AamaniLakkaraju
SushmaDaggubati,AamaniLakkaraju
PVVRaghavaSharma,AamaniLakkaraju
NarenNidamanuri,AamaniLakkaraju
nithishbharadwaj,AamaniLakkaraju
AnkushBhargava,AamaniLakkaraju
AnveshReddy,AamaniLakkaraju
TejasviRudraraju,AamaniLakkaraju
NainaKoolwal,AamaniLakkaraju
ChethanaKarne,AamaniLakkaraju
SatyanarayanaGurram,AamaniLakkaraju
ChinmayaPatnayak,DhruvSharma9
ShravyaLahari,DhruvSharma9
SwetabhKumar,DhruvSharma9
MukherjeeAbhinav,DhruvSharma9
SudheerVazrapu,DhruvSharma9
PrasanthAkki,DhruvSharma9
KanishtAgarwal,DhruvSharma9
SrikantBharadwaj,DhruvSharma9
AurghoBhattacharjee,DhruvSharma9
SwethaNimmagadda,DhruvSharma9
SuryaKlsv,DhruvSharma9
SarthakGhosh,DhruvSharma9
VarunSah,DhruvSharma9
KaranGarg,DhruvSharma9
AkshitPeer,DhruvSharma9
LalitendraGulani,DhruvSharma9
SowmyaKatragadda,DhruvSharma9
SavyasacheeJha,DhruvSharma9
DivyaSanghi,DhruvSharma9
SharmaPratyush,DhruvSharma9
SankalpGupta1,DhruvSharma9
AshishSarda,DhruvSharma9
HaritBharadwaj,DhruvSharma9
KiranKannar,DhruvSharma9
ChethnKrishna,DhruvSharma9
UmangLadia,DhruvSharma9
SaranshSharma,DhruvSharma9
EswaraSai,GouthamiBoinpally
AntarikshaYelkawar,GouthamiBoinpally
ShantanuKallakuri,GouthamiBoinpally
ShanthalaSetty,GouthamiBoinpally
KeerthanaMedarametla,GouthamiBoinpally
SriHarsha,GouthamiBoinpally
SowmyaChittireddy,GouthamiBoinpally
SiddardhGouri,GouthamiBoinpally
SowmyaKatragadda,GouthamiBoinpally
plaharireddy,GouthamiBoinpally
GayatriDhara,GouthamiBoinpally
MadhuriLeela,GouthamiBoinpally
PadmajaReddy1,GouthamiBoinpally
SridharAnupKumar,GouthamiBoinpally
SindhuraNadella,GouthamiBoinpally
NimilaJilla,GouthamiBoinpally
GitaKajjam,GouthamiBoinpally
ShubhamShukla3,GouthamiBoinpally
SindhuChejerla,GouthamiBoinpally
SaikiranChepuri,GouthamiBoinpally
PuvvadiMeghana,GouthamiBoinpally
luqmanahmedkhan,GouthamiBoinpally
SushmaBurujupalli,GouthamiBoinpally
GitaVatsalyaKajjam,GouthamiBoinpally
ShravyaLahari,SindhuChejerla
AnoopKarnik,SindhuChejerla
kishorekommi,SindhuChejerla
SwethaNimmagadda,SindhuChejerla
SuryaKlsv,SindhuChejerla
AmaraYaswanth,SindhuChejerla
ApoorvaMusunuri,SindhuChejerla
SowmyaChittireddy,SindhuChejerla
SreekanthDama,SindhuChejerla
AkhileshSharma1,SindhuChejerla
SowmyaKatragadda,SindhuChejerla
MakalaRajashekar,SindhuChejerla
GayatriDhara,SindhuChejerla
SreeKalyanPeruri,SindhuChejerla
KritiChandra,SindhuChejerla
SaiSriharsha,SindhuChejerla
AnushaKankanala,SindhuChejerla
SaiSirilReddy,SindhuChejerla
AnishVarshaReddy,SindhuChejerla
GouthamiBoinpally,SindhuChejerla
CherryCharishma,SindhuChejerla
SaiRam,SindhuChejerla
GayathriBalaraju,SindhuChejerla
SruthiMaddineni,SindhuChejerla
SowmyaKatragadda,SagarRaghavendra
TejaRamKotaprolu,SagarRaghavendra
mohammedasgarhussain,SagarRaghavendra
SumaPatri,SagarRaghavendra
RamtejaKosuri,SagarRaghavendra
KotaSaiKrishna,SagarRaghavendra
NarendraDev1,SagarRaghavendra
CSekhar,SagarRaghavendra
RavitejaVaddi,SagarRaghavendra
KishanHouji,SagarRaghavendra
NisarKm,SagarRaghavendra
VineelRamanadula,SagarRaghavendra
SKatkuri,SagarRaghavendra
PradnyavantJadhav,SagarRaghavendra
LakshmanKumar,SagarRaghavendra
YeswanthDeekshith,SagarRaghavendra
SanthoshKatkuri,SagarRaghavendra
AbhimanyuSah,SagarRaghavendra
SandeepAnchuri,SagarRaghavendra
lalithayarra,SagarRaghavendra
YogaChinni,SagarRaghavendra
vinaykumarpratapu,SagarRaghavendra
abhiramchakka,SagarRaghavendra
SachinChandra,SpurthiBollina
AkhilCh,SpurthiBollina
SowmyaKatragadda,SpurthiBollina
SainathuniSantosh,SpurthiBollina
DivyaYerram,SpurthiBollina
BhanuChanderRao,SpurthiBollina
SharanyaVR,SpurthiBollina
AnilGugloth,SpurthiBollina
AkashMorey,SpurthiBollina
AbhyudhayReddy,SpurthiBollina
SHPotluri,SpurthiBollina
KrishnaVemuri,SpurthiBollina
AnushaSaranam,SpurthiBollina
NishanthReddy,SpurthiBollina
saikeerthanaV,SpurthiBollina
VamsiKaja,SpurthiBollina
SoumyaSoumi,SpurthiBollina
PratapRaj,SpurthiBollina
SahithyaPrayakarao,SpurthiBollina
ReddySohini,SpurthiBollina
MounikaBoda,SpurthiBollina
EswaraSai,PuvvadiMeghana
AntarikshaYelkawar,PuvvadiMeghana
SwethaNimmagadda,PuvvadiMeghana
NareshShah,PuvvadiMeghana
KunalSaluja,PuvvadiMeghana
VeenaLahari,PuvvadiMeghana
RohanSarkar,PuvvadiMeghana
VenkateshHarisyam,PuvvadiMeghana
VenkataSriramaKrishnaTejaKonduri,PuvvadiMeghana
ViswanathKambhampaty,PuvvadiMeghana
SowmyaKatragadda,PuvvadiMeghana
KsAditya,PuvvadiMeghana
NidhiSri,PuvvadiMeghana
GayatriDhara,PuvvadiMeghana
maheshbudavarapu,PuvvadiMeghana
GouthamiBoinpally,PuvvadiMeghana
NikithaRaj,PuvvadiMeghana
SushmaBurujupalli,PuvvadiMeghana
SHemanth,PuvvadiMeghana
yashaswinireddy,PuvvadiMeghana
SwetabhKumar,SushmaBurujupalli
PrasanthAkki,SushmaBurujupalli
RathiTushar,SushmaBurujupalli
SwethaNimmagadda,SushmaBurujupalli
VeenaLahari,SushmaBurujupalli
SomyaAgarwal,SushmaBurujupalli
VenkateshHarisyam,SushmaBurujupalli
SowmyaChittireddy,SushmaBurujupalli
SowmyaKatragadda,SushmaBurujupalli
GowthamReddy,SushmaBurujupalli
plaharireddy,SushmaBurujupalli
GayatriDhara,SushmaBurujupalli
SaiSriharsha,SushmaBurujupalli
GouthamiBoinpally,SushmaBurujupalli
TruptikaKanjani,SushmaBurujupalli
PuvvadiMeghana,SushmaBurujupalli
AbhignyaChinna,SushmaBurujupalli
GurujalaHaripriya,SushmaBurujupalli
SowmyaKatragadda,SnehalathaKanagala
VinayKarna,SnehalathaKanagala
SarathKumarPujari,SnehalathaKanagala
GayatriVeerapaneni,SnehalathaKanagala
YasasreeNeriyanuri,SnehalathaKanagala
SrikanthInjeti,SnehalathaKanagala
PhaniKumarBH,SnehalathaKanagala
Harikrishnas,SnehalathaKanagala
JayamSreedhanya,SnehalathaKanagala
VidyaSagarSundupalle,SnehalathaKanagala
PanduRangaMalladi,SnehalathaKanagala
RevathiTuraga,SantoshTuraga
SaiKrishnaKanthHari,SantoshTuraga
SowmyaKatragadda,SantoshTuraga
AnireddyVamshi,SantoshTuraga
AmitJamadagni,SantoshTuraga
EmaniSaketh,SantoshTuraga
VedaVyasUmmenthala,SantoshTuraga
NageswaraRaoTuraga,SantoshTuraga
ThsShiva,SantoshTuraga
AlrekrLouis,SantoshTuraga
GhotonGhosh,HarshavardhanaPadullaparti
SowmyaKatragadda,HarshavardhanaPadullaparti
KrishnanJagan,HarshavardhanaPadullaparti
KamalaSrinivas,HarshavardhanaPadullaparti
UdayKumar30,HarshavardhanaPadullaparti
RajkumarReddy,HarshavardhanaPadullaparti
ChandraSekhar,HarshavardhanaPadullaparti
SnehaSavio,HarshavardhanaPadullaparti
AravindPothana,HarshavardhanaPadullaparti
KrishnaShanthanYellambhatla,HarshavardhanaPadullaparti
HIMANSHUMANGLUNIA,VaibhavJain
ShoubhikGupta,VaibhavJain
RAVISHVASAN,VaibhavJain
AdutipalSingh,VaibhavJain
MinalJain,VaibhavJain
AnkitKhemka,VaibhavJain
Rajatsuri,VaibhavJain
RahulNaryani,VaibhavJain
VishakBharadwaj,VaibhavJain
ChayapathiSarath,VaibhavJain
SamirNoorani,VaibhavJain
AshishKumar,VaibhavJain
KhushiGupta,VaibhavJain
ChiragMaheshwari,VaibhavJain
ShamikRay,VaibhavJain
SidhantGoyal,VaibhavJain
HarshRanjan,VaibhavJain
AnkitMandil,VaibhavJain
MadhuriBhavana,VaibhavJain
ShivanshRai,VaibhavJain
DivyaNandwana,VaibhavJain
AsheeshAgrawal,VaibhavJain
jsmtsethi,VaibhavJain
VivekGunawat,VaibhavJain
PiyushDayani,VaibhavJain
KumarAbhishek,VaibhavJain
kushjain,VaibhavJain
HariomMeena,VaibhavJain
ManishArora,VaibhavJain
ShrenikSurana,VaibhavJain
AshishNayak,VaibhavJain
HarshilLodhi,VaibhavJain
ShambhaviDeshpande,VaibhavJain
JaiswalV,VaibhavJain
PratyukshBansal,VaibhavJain
PrateekJain,VaibhavJain
MeijJournal,VaibhavJain
ArihantSethia,VaibhavJain
TarunJain6,VaibhavJain
AnuragJhaver,VaibhavJain
Shalabhchouhan,VaibhavJain
UtkarshMishra2,VaibhavJain
AnuragVerma1,VaibhavJain
AjaykumarKannan,VaibhavJain
MannuAmrit,VaibhavJain
PiyushBindu,VaibhavJain
AbhishekSharma,VaibhavJain
MehulAgrawal,VaibhavJain
SaxenaAmodhKant,VaibhavJain
GunthakantiShivaReddy,VaibhavJain
RahulKumar442,VaibhavJain
ParthSabharwal,VaibhavJain
SwapnilWagle,VaibhavJain
ShameekGanguly,VaibhavJain
RishabhBardia,VaibhavJain
AnuragAgarwal,VaibhavJain
ramananurag,VaibhavJain
LavMittal,VaibhavJain
jothsnap,VaibhavJain
PrashantSingh,VaibhavJain
,RAVISHVASAN
VictorAsanza,RAVISHVASAN
RaviTandon,RAVISHVASAN
SubhenduBhowal,RAVISHVASAN
AshishSingh,RAVISHVASAN
VishwajitMishra,RAVISHVASAN
RakeshSoud,RAVISHVASAN
DanielCondurache,RAVISHVASAN
SomnathMeher,RAVISHVASAN
SaiDeo,RAVISHVASAN
VaibhavJain,RAVISHVASAN
InternationalJournalofChaosControlModellingandSimulationIJCCMSISSN23195398Online23198990Print,RAVISHVASAN
DeepPatel4,RAVISHVASAN
GobindaDalai,RAVISHVASAN
SonawaneSumit,RAVISHVASAN
RaviAgarwal,RAVISHVASAN
NaveenTiwari,RAVISHVASAN
AdutipalSingh,RAVISHVASAN
KajoriDas,RAVISHVASAN
MainakBhowmik,RAVISHVASAN
BLakshman,RAVISHVASAN
HimenDoley,RAVISHVASAN
RushirajPatel,RAVISHVASAN
VardanNagar,RAVISHVASAN
AnkitKhemka,RAVISHVASAN
SiddharthaSingh3,RAVISHVASAN
ManojNibhoria,RAVISHVASAN
SowjanyaKanuri,RAVISHVASAN
VishakBharadwaj,RAVISHVASAN
ManasModi,RAVISHVASAN
ManjitBasumatary,RAVISHVASAN
SoumadeepGuha,RAVISHVASAN
AshishKumar,RAVISHVASAN
ShamikRay,RAVISHVASAN
HitaUnnikrishnan,RAVISHVASAN
MandarKulkarni,RAVISHVASAN
HarshRanjan,RAVISHVASAN
AnkitMandil,RAVISHVASAN
AgalyaValluvan,RAVISHVASAN
ChandniGoel,RAVISHVASAN
AmitBhojane,RAVISHVASAN
ShefaliBajpai,RAVISHVASAN
JyothiNookula,RAVISHVASAN
SidharthChitlangia,RAVISHVASAN
AkashAgarwal,RAVISHVASAN
jsmtsethi,RAVISHVASAN
ArjunGoyal,RAVISHVASAN
ShrenikSurana,RAVISHVASAN
MrugendraKamtikar,RAVISHVASAN
ChitralekhaSumbrui,RAVISHVASAN
JaiswalV,RAVISHVASAN
AshishRanjan10,RAVISHVASAN
GokulMani,RAVISHVASAN
reddykrishna,RAVISHVASAN
KailashDayanand,RAVISHVASAN
PratyukshBansal,RAVISHVASAN
AnkitGarg2,RAVISHVASAN
RajivRanjan,RAVISHVASAN
SaurabhJain6,RAVISHVASAN
SonuYadav,RAVISHVASAN
AjayShankarBidyarthy,AdutipalSingh
KamakhyaBasumatary,AdutipalSingh
patri,AdutipalSingh
KasunRangaWijeweera,AdutipalSingh
IjseaJournal,AdutipalSingh
SonuMishra,AdutipalSingh
VishwajitMishra,AdutipalSingh
HIMANSHUMANGLUNIA,AdutipalSingh
VaibhavJain,AdutipalSingh
RAVISHVASAN,AdutipalSingh
MinalJain,AdutipalSingh
AnkitKhemka,AdutipalSingh
Rajatsuri,AdutipalSingh
RahulNaryani,AdutipalSingh
ManjitBasumatary,AdutipalSingh
VishakBharadwaj,AdutipalSingh
YennamRajesh,AdutipalSingh
ChayapathiSarath,AdutipalSingh
SamirNoorani,AdutipalSingh
KhushiGupta,AdutipalSingh
ChiragMaheshwari,AdutipalSingh
ShamikRay,AdutipalSingh
NayanjyotiDeka,AdutipalSingh
RitikaChadha,AdutipalSingh
MandarKulkarni,AdutipalSingh
AnkitMandil,AdutipalSingh
DivyaNandwana,AdutipalSingh
SaiKrishna,AdutipalSingh
SidharthChitlangia,AdutipalSingh
jsmtsethi,AdutipalSingh
KumarAbhishek,AdutipalSingh
ShrenikSurana,AdutipalSingh
JaiswalV,AdutipalSingh
PratyukshBansal,AdutipalSingh
PrateekJain,AdutipalSingh
RajendraKolli,AdutipalSingh
MehsoschrOygnuh,AdutipalSingh
AbhishekSharma,AdutipalSingh
MehulAgrawal,AdutipalSingh
ParanjaySrivastava,AdutipalSingh
vmandapalli,AdutipalSingh
JournalIJCSA,AdutipalSingh
MonmiPangging,AdutipalSingh
GunthakantiShivaReddy,AdutipalSingh
ShameekGanguly,AdutipalSingh
RishabhBardia,AdutipalSingh
ramananurag,AdutipalSingh
PrashantSingh,AdutipalSingh
SintuRongpipi,AdutipalSingh
LalanKumar,AdutipalSingh
SubhojeetKumar,AdutipalSingh
HarshitAgrawal,AdutipalSingh
AmanGupta,AdutipalSingh
Ashwanikumar,AdutipalSingh
TMehrotra,AdutipalSingh
RajatKhanduja,AdutipalSingh
mansimransingh,AdutipalSingh
alokmalakar,AdutipalSingh
DharmendraPrajapati,AdutipalSingh
NYadav,AdutipalSingh
RakeshSoud,SumitAgarwal25
HIMANSHUMANGLUNIA,SumitAgarwal25
Rajatsuri,SumitAgarwal25
printalchandrahaldar,SumitAgarwal25
SDawar,SumitAgarwal25
ShambhaviDeshpande,SumitAgarwal25
SaiOjha,SumitAgarwal25
AbhinavAgarwal,SumitAgarwal25
ShravaniKamal,SumitAgarwal25
NeelakshiMour,SumitAgarwal25
JigarSura,SumitAgarwal25
RenikaBaruah,SumitAgarwal25
VinayKulkarni,SumitAgarwal25
PrakramSehgal,SumitAgarwal25
AgrawalPratik,SumitAgarwal25
KukilRajkhowa,SumitAgarwal25
ShrikantSalve,SumitAgarwal25
MoupiyaUkil,SumitAgarwal25
BhanitaSharma,SumitAgarwal25
KatlaSrikanth,SumitAgarwal25
BarnamSaharia,SumitAgarwal25
SeikhMustafaKamal,SumitAgarwal25
PallaviMukherjee1,SumitAgarwal25
AshishJha,SumitAgarwal25
DigantaSarma,SumitAgarwal25
AmbeshJha,SumitAgarwal25
PKalita,SumitAgarwal25
HarishNanduru,SumitAgarwal25
SourabhShaw,SumitAgarwal25
TharunDolla,SumitAgarwal25
SudipDas,SumitAgarwal25
BharatNath,SumitAgarwal25
AjitSingh,SumitAgarwal25
SarthakGupta,SumitAgarwal25
RakeshNath,SumitAgarwal25
RavikiranAnjani,SumitAgarwal25
PerumallaRamulu,SumitAgarwal25
ArPan,SumitAgarwal25
JTalukdar,SumitAgarwal25
PralayChakrabarty,SumitAgarwal25
JahnabDeka,SumitAgarwal25
NileshJain,SumitAgarwal25
ShibsankarSarkar,SumitAgarwal25
SauravSarkar,SumitAgarwal25
BrajeshRawat,SumitAgarwal25
RahulPatwa,SumitAgarwal25
PavankumarAdivi,SumitAgarwal25
HimangshuJyoti,SumitAgarwal25
KaushalJain,SumitAgarwal25
DharamashiRabari,SumitAgarwal25
MukeshSingh,SumitAgarwal25
SATHEESHKUMARV,SumitAgarwal25
AvanishVerma,SumitAgarwal25
PrakashGupta3,SumitAgarwal25
YudhvirYadav,SumitAgarwal25
GauravKumar,SumitAgarwal25
KishoreMediga,SumitAgarwal25
KannanThirugnanam,SumitAgarwal25
GhalibHarun,SumitAgarwal25
RamuKamma,SumitAgarwal25
AjayShankarBidyarthy,AnkitKhemka
KamakhyaBasumatary,AnkitKhemka
patri,AnkitKhemka
IjscJournal,AnkitKhemka
VishwajitMishra,AnkitKhemka
HIMANSHUMANGLUNIA,AnkitKhemka
AbhinavBhattacharyya,AnkitKhemka
VaibhavJain,AnkitKhemka
RAVISHVASAN,AnkitKhemka
AdutipalSingh,AnkitKhemka
MinalJain,AnkitKhemka
IjbbJournal,AnkitKhemka
RahulNaryani,AnkitKhemka
VishakBharadwaj,AnkitKhemka
ManjitBasumatary,AnkitKhemka
ChayapathiSarath,AnkitKhemka
SamirNoorani,AnkitKhemka
KhushiGupta,AnkitKhemka
AshishKumar,AnkitKhemka
ShamikRay,AnkitKhemka
ChiragMaheshwari,AnkitKhemka
HarshRanjan,AnkitKhemka
AnkitMandil,AnkitKhemka
MadhuriBhavana,AnkitKhemka
ShivanshRai,AnkitKhemka
AshokDibbada,AnkitKhemka
RitukeshBharali,AnkitKhemka
DivyaNandwana,AnkitKhemka
SaiKrishna,AnkitKhemka
SidharthChitlangia,AnkitKhemka
jsmtsethi,AnkitKhemka
PiyushDayani,AnkitKhemka
KumarAbhishek,AnkitKhemka
ShrenikSurana,AnkitKhemka
ManishArora,AnkitKhemka
JaiswalV,AnkitKhemka
PratyukshBansal,AnkitKhemka
SiddharthaNambiar,AnkitKhemka
SoumyaPatro,AnkitKhemka
GunthakantiShivaReddy,AnkitKhemka
ShameekGanguly,AnkitKhemka
SridharNaik,AnkitKhemka
RishabhBardia,AnkitKhemka
ChiragSahai,AnkitKhemka
AnuragAgarwal,AnkitKhemka
svmadhavakrishna,AnkitKhemka
PrashantSingh,AnkitKhemka
DevadeepShyamChetia,AnkitKhemka
PratikRaj,AnkitKhemka
HarshitAgrawal,AnkitKhemka
NavwantThakur,AnkitKhemka
AkshatBordia,AnkitKhemka
TMehrotra,AnkitKhemka
BidyutChangmai,AnkitKhemka
AniketUdepurkar,AnkitKhemka
RajatKhanduja,AnkitKhemka
DharmendraPrajapati,AnkitKhemka
NYadav,AnkitKhemka
pradeepayyagri,AnkitKhemka
RovinBhandari,AnkitKhemka
VaibhavJain,ChayapathiSarath
AdutipalSingh,ChayapathiSarath
MinalJain,ChayapathiSarath
AnkitKhemka,ChayapathiSarath
RahulNaryani,ChayapathiSarath
VishakBharadwaj,ChayapathiSarath
YennamRajesh,ChayapathiSarath
SamirNoorani,ChayapathiSarath
KhushiGupta,ChayapathiSarath
ShamikRay,ChayapathiSarath
SidhantGoyal,ChayapathiSarath
BennyMoses,ChayapathiSarath
HarshRanjan,ChayapathiSarath
AshokDibbada,ChayapathiSarath
KeyurSorathia,ChayapathiSarath
SanthiRajuPilli,ChayapathiSarath
GeorgeDenny,ChayapathiSarath
jsmtsethi,ChayapathiSarath
KumarAbhishek,ChayapathiSarath
ShrenikSurana,ChayapathiSarath
JaiswalV,ChayapathiSarath
BandeepRabha,ChayapathiSarath
PratyukshBansal,ChayapathiSarath
PrateekJain,ChayapathiSarath
ArihantSethia,ChayapathiSarath
RajendraKolli,ChayapathiSarath
SiddharthaNambiar,ChayapathiSarath
MehsoschrOygnuh,ChayapathiSarath
AbhishekSharma,ChayapathiSarath
MehulAgrawal,ChayapathiSarath
vmandapalli,ChayapathiSarath
GunthakantiShivaReddy,ChayapathiSarath
ShameekGanguly,ChayapathiSarath
SoumitraBhat,ChayapathiSarath
PrashantSingh,ChayapathiSarath
AnilKumar117,ChayapathiSarath
HarshitAgrawal,ChayapathiSarath
PratikRaj,ChayapathiSarath
Ashwanikumar,ChayapathiSarath
NavwantThakur,ChayapathiSarath
AkshatBordia,ChayapathiSarath
TMehrotra,ChayapathiSarath
GautamKumar70,ChayapathiSarath
alokmalakar,ChayapathiSarath
DharmendraPrajapati,ChayapathiSarath
ArpitAgrawal10,ChayapathiSarath
SameerAshraf,ChayapathiSarath
SaranSrikanth,ChayapathiSarath
SriramBandaru,ChayapathiSarath
MaheshGupta1,ChayapathiSarath
GuptaApurva,ChayapathiSarath
ShyamSSoumitraJosyula,ChayapathiSarath
ItzNareshVenkat,ChayapathiSarath
LizaDas,ChayapathiSarath
RamK,ChayapathiSarath
VenkataKurakula,ChayapathiSarath
RamakrishnanNarayanan,ChayapathiSarath
KritiMishra4,ChayapathiSarath
NarasimhaPulagara,ChayapathiSarath
GaneshBhukya,ChayapathiSarath
SonuMishra,SamirNoorani
HIMANSHUMANGLUNIA,SamirNoorani
VaibhavJain,SamirNoorani
AdutipalSingh,SamirNoorani
MinalJain,SamirNoorani
AnkitKhemka,SamirNoorani
RahulNaryani,SamirNoorani
VishakBharadwaj,SamirNoorani
ChayapathiSarath,SamirNoorani
KhushiGupta,SamirNoorani
ChiragMaheshwari,SamirNoorani
NayanjyotiDeka,SamirNoorani
HarshRanjan,SamirNoorani
AnkitMandil,SamirNoorani
DivyaNandwana,SamirNoorani
SaiKrishna,SamirNoorani
KumarAbhishek,SamirNoorani
HarshilLodhi,SamirNoorani
JaiswalV,SamirNoorani
PratyukshBansal,SamirNoorani
PrateekJain,SamirNoorani
ArihantSethia,SamirNoorani
UtkarshMishra2,SamirNoorani
AjaykumarKannan,SamirNoorani
SiddharthaNambiar,SamirNoorani
MehsoschrOygnuh,SamirNoorani
MehulAgrawal,SamirNoorani
ParanjaySrivastava,SamirNoorani
DineshReddy38,SamirNoorani
RishabhBardia,SamirNoorani
ChiragSahai,SamirNoorani
ramananurag,SamirNoorani
PrashantSingh,SamirNoorani
PratikRaj,SamirNoorani
HarshitAgrawal,SamirNoorani
Ashwanikumar,SamirNoorani
NavwantThakur,SamirNoorani
BidyutChangmai,SamirNoorani
RajatKhanduja,SamirNoorani
AngshumanKashyap,SamirNoorani
alokmalakar,SamirNoorani
mansimransingh,SamirNoorani
DharmendraPrajapati,SamirNoorani
DhvanilPatel,SamirNoorani
RudraPratapSingh,SamirNoorani
RovinBhandari,SamirNoorani
SameerAshraf,SamirNoorani
SriramBandaru,SamirNoorani
VireshGehlawat,SamirNoorani
MaheshGupta1,SamirNoorani
JayantGupta,SamirNoorani
VivekKumar,SamirNoorani
AashishMishra1,SamirNoorani
AbhayGupta,SamirNoorani
RamK,SamirNoorani
JaideepSehrawat,SamirNoorani
VivekGupta,SamirNoorani
ApoorvKumar,SamirNoorani
KunalUmbarkar,SamirNoorani
AnirudhKejriwal,SamirNoorani
NikhilPrathapani,BennyMoses
EngrShoewu,BennyMoses
ChayapathiSarath,BennyMoses
ManishaReddy4,BennyMoses
GangadharBhaware,BennyMoses
KadarlaKumar,BennyMoses
GunthakantiShivaReddy,BennyMoses
HareeshDevarakonda,BennyMoses
LeelaYanamaddi,BennyMoses
SomanaSarath,BennyMoses
srikanthsagar,BennyMoses
PrithviDheeraj,BennyMoses
TulasiChowdary,BennyMoses
HemanPhinehas,BennyMoses
BoddireddyDineshreddy,BennyMoses
TarunReddy,BennyMoses
YashWanth,BennyMoses
SaiVishnuVippagunta,BennyMoses
GrKumar,BennyMoses
NimishDwarakanath,BennyMoses
SrivatsavKandagatla,BennyMoses
HarshendarReddy,BennyMoses
JonathanSamuel5,BennyMoses
SantoshRupesh,BennyMoses
NitishAlluri,BennyMoses
VamshiKrishna,BennyMoses
AnuragThakur1,BennyMoses
ManideepThogaru,BennyMoses
MohammadAslam,BennyMoses
SairamNujalla,BennyMoses
SunkaraAshish,BennyMoses
KartikeyaSarma,BennyMoses
NishanthGaddam,BennyMoses
RajReddy3,BennyMoses
SunnyAnjani,BennyMoses
PardhuVanchanagiri,BennyMoses
ManuBhat,BennyMoses
VarunManikanta,BennyMoses
ManojSrikanth,BennyMoses
GattupalliBhargav,BennyMoses
ManojKumar307,BennyMoses
KumarBabu3,BennyMoses
VineelChalamcherla,BennyMoses
HarshaVardhan,BennyMoses
VamshedharReddy,BennyMoses
AbhijeetChimurkar,BennyMoses
SasidharKasi,BennyMoses
NiharGoli,BennyMoses
SaiKrishna,BennyMoses
HarishAaryan,BennyMoses
ShruthinP,BennyMoses
PrithviRaj4,BennyMoses
RajPraneethKnvm,BennyMoses
VamshiVelmajala,BennyMoses
KrishnaTejaMedavarapu,BennyMoses
BaluChowdary,BennyMoses
VignanReddy,BennyMoses
JosephWork,BennyMoses
SantoshMsk,BennyMoses
VivekReddy,BennyMoses
patri,ShrenikSurana
KasunRangaWijeweera,ShrenikSurana
IjseaJournal,ShrenikSurana
VishwajitMishra,ShrenikSurana
VaibhavJain,ShrenikSurana
RAVISHVASAN,ShrenikSurana
AdutipalSingh,ShrenikSurana
MinalJain,ShrenikSurana
AnkitKhemka,ShrenikSurana
NikhilKhaitan,ShrenikSurana
Rajatsuri,ShrenikSurana
DhineshBabu4,ShrenikSurana
VishakBharadwaj,ShrenikSurana
ManjitBasumatary,ShrenikSurana
ChayapathiSarath,ShrenikSurana
AnkitMandil,ShrenikSurana
AshokDibbada,ShrenikSurana
DivyaNandwana,ShrenikSurana
SidharthChitlangia,ShrenikSurana
KumarAbhishek,ShrenikSurana
FalgunRathod,ShrenikSurana
ShambhaviDeshpande,ShrenikSurana
PratyukshBansal,ShrenikSurana
ArihantSethia,ShrenikSurana
RajendraKolli,ShrenikSurana
ParanjaySrivastava,ShrenikSurana
SaxenaAmodhKant,ShrenikSurana
ShameekGanguly,ShrenikSurana
RishabhBardia,ShrenikSurana
ChiragSahai,ShrenikSurana
svmadhavakrishna,ShrenikSurana
jothsnap,ShrenikSurana
PrashantSingh,ShrenikSurana
SauravBose1,ShrenikSurana
AmanGupta,ShrenikSurana
HarshitAgrawal,ShrenikSurana
NavwantThakur,ShrenikSurana
MehulGarg2,ShrenikSurana
NYadav,ShrenikSurana
AdityaJain,ShrenikSurana
IshitaGandhi1,ShrenikSurana
RovinBhandari,ShrenikSurana
MaheshGupta1,ShrenikSurana
PadmanabhBaruah,ShrenikSurana
MayankGoyal,ShrenikSurana
RanjanGaurav,ShrenikSurana
ArpanBanerjee,ShrenikSurana
JaideepSehrawat,ShrenikSurana
FaisalAli,ShrenikSurana
VenkataKurakula,ShrenikSurana
ManzilZaheer,ShrenikSurana
VivekGupta,ShrenikSurana
ApoorvKumar,ShrenikSurana
KunalUmbarkar,ShrenikSurana
AnirudhKejriwal,ShrenikSurana
HimanshuBhandari,ShrenikSurana
AmanKesarwani,ShrenikSurana
BhaskerSharma,ShrenikSurana
SnehLata,ShrenikSurana
PinupreddyYaswanth,ShrenikSurana
RanjanMP,SDawar
JogiPanghaal,SDawar
SumitAgarwal25,SDawar
Rajatsuri,SDawar
sharmisthabhattacharjee,SDawar
SidhantGoyal,SDawar
SriHarshha,SDawar
HarshRanjan,SDawar
MadhuriBhavana,SDawar
ShivanshRai,SDawar
MrigankaMadhukallya,SDawar
KeyurSorathia,SDawar
SarjanaSingh,SDawar
PiyushDayani,SDawar
AshishNayak,SDawar
AnkushRakhecha,SDawar
ShambhaviDeshpande,SDawar
PrateekJain,SDawar
SaiOjha,SDawar
AditiMakhija,SDawar
NikhilHooda,SDawar
AbhishekSharma,SDawar
KunaalJain,SDawar
PriyaIyer,SDawar
SomyaAnand2,SDawar
AAnjali,SDawar
LavMittal,SDawar
AmanGupta,SDawar
GautamKumar70,SDawar
AniketUdepurkar,SDawar
MoupiyaUkil,SDawar
BhanitaSharma,SDawar
ArpitAgrawal10,SDawar
MoumitaNaskar,SDawar
AnshikaKushwaha,SDawar
PallaviMukherjee1,SDawar
AnusmitaDas,SDawar
SarabjeetSingh1,SDawar
AashishMishra1,SDawar
AkshanIsh,SDawar
ParulKhanna,SDawar
PriyamvadaKamath,SDawar
Sugandhm,SDawar
AgarwalDeepti,SDawar
ApurvNarang,SDawar
SarthakGupta,SDawar
JayantaDevnath,SDawar
JatinBajaj,SDawar
AditiPadhi,SDawar
YashodhanMandke,SDawar
subhajit,SDawar
SaumyaPrasad,SDawar
AnubhutiGupta,SDawar
ArPan,SDawar
SiddhantYadav,SDawar
RanjithQuest,SDawar
RadhikaAgarwal,SDawar
BrajeshRawat,SDawar
KaushalJain,SDawar
KunalAgarwal7,SDawar
SonuMishra,PrateekJain
VaibhavJain,PrateekJain
AdutipalSingh,PrateekJain
MinalJain,PrateekJain
Rajatsuri,PrateekJain
RahulNaryani,PrateekJain
ChayapathiSarath,PrateekJain
SamirNoorani,PrateekJain
KhushiGupta,PrateekJain
SidhantGoyal,PrateekJain
MandarKulkarni,PrateekJain
AnkitMandil,PrateekJain
AshokDibbada,PrateekJain
DivyaNandwana,PrateekJain
KeyurSorathia,PrateekJain
SidharthChitlangia,PrateekJain
PiyushDayani,PrateekJain
KumarAbhishek,PrateekJain
SDawar,PrateekJain
ShambhaviDeshpande,PrateekJain
JaiswalV,PrateekJain
PratyukshBansal,PrateekJain
ArihantSethia,PrateekJain
AnuragVerma1,PrateekJain
AjaykumarKannan,PrateekJain
SaxenaAmodhKant,PrateekJain
SoumyaPatro,PrateekJain
GunthakantiShivaReddy,PrateekJain
ShameekGanguly,PrateekJain
RishabhBardia,PrateekJain
DevadeepShyamChetia,PrateekJain
HarshitAgrawal,PrateekJain
NavwantThakur,PrateekJain
AkshatBordia,PrateekJain
TMehrotra,PrateekJain
NYadav,PrateekJain
MoupiyaUkil,PrateekJain
RudraPratapSingh,PrateekJain
ArkaBhakta,PrateekJain
ArpitAgrawal10,PrateekJain
SameerAshraf,PrateekJain
MaheshGupta1,PrateekJain
PadmanabhBaruah,PrateekJain
GuptaApurva,PrateekJain
ItzNareshVenkat,PrateekJain
ArpanBanerjee,PrateekJain
RamK,PrateekJain
arvind1,PrateekJain
VivekGupta,PrateekJain
ApoorvKumar,PrateekJain
HimanshuBhandari,PrateekJain
GaneshBhukya,PrateekJain
HimanshuBansal,PrateekJain
PinupreddyYaswanth,PrateekJain
PawanTeja,PrateekJain
SaurabhSoni,PrateekJain
LovishChoudhary,PrateekJain
vibhutiKumar,PrateekJain
ATiwari,PrateekJain
JitendraKumar109,PrateekJain
PrafullaChoubey,PranjalPandey1
RaghavNuwal,PranjalPandey1
AniketRoy,PranjalPandey1
PramodBhakhar,PranjalPandey1
RipulDutt,PranjalPandey1
MohitChoudhary5,PranjalPandey1
VikramRathore,PranjalPandey1
NikhilJain7,PranjalPandey1
AnirudhaHulsurkar,PranjalPandey1
FaisalIqbal10,PranjalPandey1
AkshayGoyal7,PranjalPandey1
SebantiChattopadhyay,PranjalPandey1
NipunSawhney,PranjalPandey1
AnkitBhandari,PranjalPandey1
NavaTeja,PranjalPandey1
AmanGupta,PranjalPandey1
VarunPaul,PranjalPandey1
PavanIyengar,PranjalPandey1
PrateekThakur2,PranjalPandey1
ApurbaPaul,PranjalPandey1
SaquibAli,PranjalPandey1
RashmiAgrawal,PranjalPandey1
IndradeepBanerjee,PranjalPandey1
AartiDwivedi,PranjalPandey1
reenagupta,PranjalPandey1
MohitGarg,PranjalPandey1
AmanKesarwani,PranjalPandey1
SheetalPimparwar,PranjalPandey1
PratikGujarathi,PranjalPandey1
SabikaZaidi,PranjalPandey1
RohitGupta,PranjalPandey1
SachinKumar131,PranjalPandey1
NishishAgrawal,PranjalPandey1
sujayvikramsingh,PranjalPandey1
SinghSagar,PranjalPandey1
HarshnaParoha,PranjalPandey1
PratikKhandelwal,PranjalPandey1
ShubhamBawa,PranjalPandey1
PuneetSharma28,PranjalPandey1
AliuderocxAbbas,PranjalPandey1
TapojyotiMandal,PranjalPandey1
PrasannaRawke,PranjalPandey1
SubhanshuAggarwal,PranjalPandey1
ReshmaMajumder,PranjalPandey1
NitishAlluri,PranjalPandey1
AbhishekGupta86,PranjalPandey1
AshishGautam4,PranjalPandey1
MurtazaMohammadi,PranjalPandey1
RahulReddy,PranjalPandey1
AnkitAgarwal61,PranjalPandey1
PallavRanjan,PranjalPandey1
SaiSharan,PranjalPandey1
VipulChaturvedi1,PranjalPandey1
AmithAaron,PranjalPandey1
MrinalMishra,PranjalPandey1
SanuGupta,PranjalPandey1
ChayanSharma,PranjalPandey1
SurajKumarSau,PranjalPandey1
BhagyaShree5,PranjalPandey1
TanujChoudhary,PranjalPandey1
RaviTandon,ArihantSethia
FedericoBucchi,ArihantSethia
VishwajitMishra,ArihantSethia
HIMANSHUMANGLUNIA,ArihantSethia
VaibhavJain,ArihantSethia
PraveshKochar,ArihantSethia
MinalJain,ArihantSethia
RahulNaryani,ArihantSethia
ChayapathiSarath,ArihantSethia
SamirNoorani,ArihantSethia
HarshRanjan,ArihantSethia
ShivanshRai,ArihantSethia
AshokDibbada,ArihantSethia
KumarAbhishek,ArihantSethia
ShrenikSurana,ArihantSethia
JaiswalV,ArihantSethia
PrateekJain,ArihantSethia
AnuragJhaver,ArihantSethia
AjaykumarKannan,ArihantSethia
MehulAgrawal,ArihantSethia
KunaalJain,ArihantSethia
SaxenaAmodhKant,ArihantSethia
GunthakantiShivaReddy,ArihantSethia
RahulKumar442,ArihantSethia
ramananurag,ArihantSethia
AkshatBordia,ArihantSethia
RajatKhanduja,ArihantSethia
alokmalakar,ArihantSethia
NYadav,ArihantSethia
RovinBhandari,ArihantSethia
MedaTeja,ArihantSethia
ArpitAgrawal10,ArihantSethia
rajatsaxena,ArihantSethia
VireshGehlawat,ArihantSethia
KevalMeshram,ArihantSethia
MaheshGupta1,ArihantSethia
JayantGupta,ArihantSethia
RanjanGaurav,ArihantSethia
SharathKazipeta,ArihantSethia
AnshikaGupta5,ArihantSethia
RamK,ArihantSethia
PriyanshuVerma,ArihantSethia
TarangGoyal,ArihantSethia
ApoorvKumar,ArihantSethia
GaneshBhukya,ArihantSethia
SnehLata,ArihantSethia
PinupreddyYaswanth,ArihantSethia
SaurabhSoni,ArihantSethia
VineethBhaskara,ArihantSethia
santoshpraneeth,ArihantSethia
AbhishekMate,ArihantSethia
SatyadeepKarnati,ArihantSethia
IJPLAJournal,ArihantSethia
arpitagarwal,ArihantSethia
KaushalJain,ArihantSethia
UtkarshChaturvedi,ArihantSethia
VishalJain,ArihantSethia
ParthParitosh,ArihantSethia
SunnyKumar25,ArihantSethia
httpwwwiitgernetinbidisha,ArihantSethia
KamakhyaBasumatary,RajendraKolli
srikanthpotnuru,RajendraKolli
MarcinPaprzycki,RajendraKolli
RaviTandon,RajendraKolli
VishwajitMishra,RajendraKolli
AdutipalSingh,RajendraKolli
MinalJain,RajendraKolli
VishakBharadwaj,RajendraKolli
ManjitBasumatary,RajendraKolli
ChayapathiSarath,RajendraKolli
AnkitMandil,RajendraKolli
DivyaNandwana,RajendraKolli
SandeshMareddy,RajendraKolli
SaiKrishna,RajendraKolli
SidharthChitlangia,RajendraKolli
jsmtsethi,RajendraKolli
ShrenikSurana,RajendraKolli
MeghanathRugada,RajendraKolli
prudhvipotuganti,RajendraKolli
saileshkondraganti,RajendraKolli
srinivasnagmandali,RajendraKolli
ramanareddymaddirala,RajendraKolli
AbhinaySali,RajendraKolli
vmandapalli,RajendraKolli
GunthakantiShivaReddy,RajendraKolli
SandeepDevarapalli,RajendraKolli
SridharNaik,RajendraKolli
mkchaitanya,RajendraKolli
jigneshtalasila,RajendraKolli
svmadhavakrishna,RajendraKolli
PrashantSingh,RajendraKolli
LalanKumar,RajendraKolli
RenithaTalari,RajendraKolli
RohitCh,RajendraKolli
NavyaSahithi,RajendraKolli
RovinBhandari,RajendraKolli
ShyamSSoumitraJosyula,RajendraKolli
ItzNareshVenkat,RajendraKolli
MayankGoyal,RajendraKolli
RanjanGaurav,RajendraKolli
MallaboinaAnilKumar,RajendraKolli
FaisalAli,RajendraKolli
VenkataKurakula,RajendraKolli
DevendraSingh,RajendraKolli
TharunDolla,RajendraKolli
SivaEdupuganti,RajendraKolli
MounikaTekula,RajendraKolli
SnehLata,RajendraKolli
AnandKarthik,RajendraKolli
SaiSandeepBushetty,RajendraKolli
ManjitAreng,RajendraKolli
VineetKumar,RajendraKolli
RaviTej,RajendraKolli
santoshpraneeth,RajendraKolli
SatyadeepKarnati,RajendraKolli
KodakandlaAvinash,RajendraKolli
CBoorla,RajendraKolli
RajKiran31,RajendraKolli
BhargavAmbati,RajendraKolli
NitishAlluri,RajendraKolli
CludiaRibeirodeAlmeida,vmandapalli
MartinBerka,vmandapalli
VishwajitMishra,vmandapalli
KiymetCaliyurt,vmandapalli
RAVISHVASAN,vmandapalli
AdutipalSingh,vmandapalli
MinalJain,vmandapalli
ManjitBasumatary,vmandapalli
ChayapathiSarath,vmandapalli
AnkitMandil,vmandapalli
SaiKrishna,vmandapalli
YellaReddy,vmandapalli
PratyukshBansal,vmandapalli
RajendraKolli,vmandapalli
GunthakantiShivaReddy,vmandapalli
ShameekGanguly,vmandapalli
SridharNaik,vmandapalli
ChiragSahai,vmandapalli
HiteshParwani,vmandapalli
ArshadKamal,vmandapalli
NYadav,vmandapalli
pradeepayyagri,vmandapalli
SriramBandaru,vmandapalli
bharathreddy,vmandapalli
ShyamSSoumitraJosyula,vmandapalli
ItzNareshVenkat,vmandapalli
RanjanGaurav,vmandapalli
RatholuMao,vmandapalli
IshanGupta9,vmandapalli
MallaboinaAnilKumar,vmandapalli
sriharshamadala,vmandapalli
VenkataKurakula,vmandapalli
PaawanTalwar,vmandapalli
arvind1,vmandapalli
KunalUmbarkar,vmandapalli
GaneshBhukya,vmandapalli
TharunDolla,vmandapalli
pavankumarreddy7,vmandapalli
SnehLata,vmandapalli
PinupreddyYaswanth,vmandapalli
PreronaDas,vmandapalli
RavikiranAnjani,vmandapalli
AnweshaBasuPaul,vmandapalli
SaumyaPrasad,vmandapalli
ManjitAreng,vmandapalli
AbhishekSinha29,vmandapalli
santoshpraneeth,vmandapalli
SatyadeepKarnati,vmandapalli
NeerajThakur,vmandapalli
DineshReddy,vmandapalli
RijumoniBoro,vmandapalli
CBoorla,vmandapalli
BhargavAmbati,vmandapalli
TejasRode,vmandapalli
StutimaBasistha,vmandapalli
KishoreMediga,vmandapalli
NayanmoniGogoi,vmandapalli
TrishnaThakuriya,vmandapalli
NitishAlluri,vmandapalli
SuryaMannava,vmandapalli
AbhayJain,ramananurag
IjseaJournal,ramananurag
VaibhavJain,ramananurag
MayurRastogi,ramananurag
AdutipalSingh,ramananurag
SwastikSingh,ramananurag
MinalJain,ramananurag
YashShah42,ramananurag
SamirNoorani,ramananurag
KhushiGupta,ramananurag
MandarKulkarni,ramananurag
HarshRanjan,ramananurag
AnkitMandil,ramananurag
ShrenikSurana,ramananurag
MulugetaAyele,ramananurag
ArihantSethia,ramananurag
AnuragVerma1,ramananurag
AjaykumarKannan,ramananurag
SiddharthaNambiar,ramananurag
SridharNaik,ramananurag
RishabhBardia,ramananurag
ChiragSahai,ramananurag
PrashantSingh,ramananurag
SubhojeetKumar,ramananurag
HarshitAgrawal,ramananurag
TMehrotra,ramananurag
RajatKhanduja,ramananurag
RudraPratapSingh,ramananurag
RovinBhandari,ramananurag
AvaniParekh,ramananurag
JayantGupta,ramananurag
RanjanGaurav,ramananurag
ArpanBanerjee,ramananurag
arvind1,ramananurag
VivekGupta,ramananurag
ApoorvKumar,ramananurag
YuvrajSingla,ramananurag
DevendraSingh,ramananurag
AnirudhKejriwal,ramananurag
HimanshuBhandari,ramananurag
HeeraLal,ramananurag
RaviSethia,ramananurag
SnehLata,ramananurag
PinupreddyYaswanth,ramananurag
amitciitg,ramananurag
LovishChoudhary,ramananurag
vibhutiKumar,ramananurag
ATiwari,ramananurag
santoshpraneeth,ramananurag
AnnaKiseleva1,ramananurag
AmitKumarBaghel,ramananurag
RaviArora,ramananurag
AkhileshShah,ramananurag
arpitagarwal,ramananurag
AnuragAnshu,ramananurag
AyushiMathur,ramananurag
NitishAlluri,ramananurag
JsnReddy,ramananurag
ArnitaSaini,ramananurag
AbhinavYadav13,ramananurag
AjayShankarBidyarthy,AmanGupta
RaviTandon,AmanGupta
VishwajitMishra,AmanGupta
RakeshSoud,AmanGupta
SiddharthSharad,AmanGupta
MahboobReza,AmanGupta
AdutipalSingh,AmanGupta
KshitizAnand,AmanGupta
AyushVashishtha,AmanGupta
ManjitBasumatary,AmanGupta
AmberShukla,AmanGupta
AshishKumar,AmanGupta
ShamikRay,AmanGupta
AnkitMandil,AmanGupta
DevduttPattanaik,AmanGupta
jsmtsethi,AmanGupta
ShrenikSurana,AmanGupta
NitinSamuel,AmanGupta
SDawar,AmanGupta
SankhadeepRakshit,AmanGupta
PranjalPandey1,AmanGupta
SushmaRao3,AmanGupta
ParanjaySrivastava,AmanGupta
ShashankGupta49,AmanGupta
ShameekGanguly,AmanGupta
SoumitraBhat,AmanGupta
UditVarshney,AmanGupta
HarnoorLamba,AmanGupta
TMehrotra,AmanGupta
SoumyajyotiBhowmick,AmanGupta
JyotirmayaMahapatra,AmanGupta
mansimransingh,AmanGupta
NYadav,AmanGupta
pradeepayyagri,AmanGupta
VinayPrajapati,AmanGupta
DivyaYadav7,AmanGupta
DasGuptaKaustav,AmanGupta
RanjanGaurav,AmanGupta
AdityaBandi,AmanGupta
SachinPrasad5,AmanGupta
ShrutikaBhatnagar,AmanGupta
GAURAVMAMTANI,AmanGupta
AnuLundia,AmanGupta
AjeetKumarTiwari,AmanGupta
PinupreddyYaswanth,AmanGupta
GurunathSadhanandan,AmanGupta
AditiPadhi,AmanGupta
SaumyaPrasad,AmanGupta
VikramSingh16,AmanGupta
ManjitAreng,AmanGupta
PriyaJadwani,AmanGupta
VineetKumar,AmanGupta
AkshatKedia,AmanGupta
SupradipDas,AmanGupta
SrijanBhatnagar,AmanGupta
AbhishekAzad,AmanGupta
PushpRaj2,AmanGupta
TejasRode,AmanGupta
AmalSahai,AmanGupta
NitishAlluri,AmanGupta
AjayShankarBidyarthy,Ashwanikumar
SonuMishra,Ashwanikumar
VishwajitMishra,Ashwanikumar
VaibhavJain,Ashwanikumar
AdutipalSingh,Ashwanikumar
RahulNaryani,Ashwanikumar
ManjitBasumatary,Ashwanikumar
ChayapathiSarath,Ashwanikumar
SamirNoorani,Ashwanikumar
AshishKumar,Ashwanikumar
MandarKulkarni,Ashwanikumar
DivyaNandwana,Ashwanikumar
SaiKrishna,Ashwanikumar
SidharthChitlangia,Ashwanikumar
KumarAbhishek,Ashwanikumar
JaiswalV,Ashwanikumar
PratyukshBansal,Ashwanikumar
SiddharthaNambiar,Ashwanikumar
MonmiPangging,Ashwanikumar
RishabhBardia,Ashwanikumar
ChiragSahai,Ashwanikumar
PrashantSingh,Ashwanikumar
DevadeepShyamChetia,Ashwanikumar
HarshitAgrawal,Ashwanikumar
NavwantThakur,Ashwanikumar
RudraPratapSingh,Ashwanikumar
RovinBhandari,Ashwanikumar
SameerAshraf,Ashwanikumar
SriramBandaru,Ashwanikumar
MaheshGupta1,Ashwanikumar
ItzNareshVenkat,Ashwanikumar
RanjanGaurav,Ashwanikumar
RatholuMao,Ashwanikumar
RamK,Ashwanikumar
VenkataKurakula,Ashwanikumar
VivekGupta,Ashwanikumar
ApoorvKumar,Ashwanikumar
HimanshuBhandari,Ashwanikumar
HeeraLal,Ashwanikumar
SnehLata,Ashwanikumar
PinupreddyYaswanth,Ashwanikumar
PreronaDas,Ashwanikumar
AshutoshPandey2,Ashwanikumar
AnweshaBasuPaul,Ashwanikumar
nirmalagrawal,Ashwanikumar
amitciitg,Ashwanikumar
LovishChoudhary,Ashwanikumar
vibhutiKumar,Ashwanikumar
ATiwari,Ashwanikumar
AbhishekSinha29,Ashwanikumar
JitendraKumar109,Ashwanikumar
VineetKumar,Ashwanikumar
SatishKumar,Ashwanikumar
DineshReddy,Ashwanikumar
RijumoniBoro,Ashwanikumar
KunalAgarwal7,Ashwanikumar
BhargavAmbati,Ashwanikumar
TejasRode,Ashwanikumar
SunnyKumar25,Ashwanikumar
AnkitaBhuyan,Ashwanikumar
CaijJournal,AgrawalPratik
SumitAgarwal25,AgrawalPratik
RiddhiKundu,AgrawalPratik
PrakramSehgal,AgrawalPratik
SubhojeetKumar,AgrawalPratik
NinadRewatkar,AgrawalPratik
DeepakAggrawal,AgrawalPratik
AshishJha,AgrawalPratik
ArpanBanerjee,AgrawalPratik
ShrikantNayak,AgrawalPratik
HarishNanduru,AgrawalPratik
SourabhShaw,AgrawalPratik
PulkitSinghal,AgrawalPratik
ShashankKhandeliya,AgrawalPratik
SwapnilSolanki,AgrawalPratik
RakeshNath,AgrawalPratik
RavikiranAnjani,AgrawalPratik
NileshChandrakar,AgrawalPratik
ShibsankarSarkar,AgrawalPratik
arpitagarwal,AgrawalPratik
SandeepRameshnath,AgrawalPratik
LorinAhmed,AgrawalPratik
StutimaBasistha,AgrawalPratik
santoshthota,AgrawalPratik
SiddhantBehera,AgrawalPratik
YudhvirYadav,AgrawalPratik
NitishAlluri,AgrawalPratik
DeepakKumar,AgrawalPratik
HalderBarun,AgrawalPratik
LalatenduBehera,AgrawalPratik
VishnuKumar,AgrawalPratik
NirajKantSinha,AgrawalPratik
PrateekSaraogi,AgrawalPratik
AkshatAgrawal7,AgrawalPratik
AakashGupta,AgrawalPratik
ShikhilGupta,AgrawalPratik
GaneshKhade,AgrawalPratik
VibhoreJain,AgrawalPratik
ShravanKumar,AgrawalPratik
UnmeshShukla,AgrawalPratik
JainAnusha,AgrawalPratik
HindolAdhya,AgrawalPratik
PritiSonowal,AgrawalPratik
VinayMishra2,AgrawalPratik
GladysKarina,AgrawalPratik
PrateekNagwanshi,AgrawalPratik
AbhijnaDas,AgrawalPratik
KaranMalik,AgrawalPratik
SubhrenduChattopadhay,AgrawalPratik
HiranmayeeKanekar,AgrawalPratik
KartheekVanapalli,AgrawalPratik
PratikAgrawal4,AgrawalPratik
DurgeshKumar4,AgrawalPratik
MitaliDixit,AgrawalPratik
JitendraYadav,AgrawalPratik
PrashantSahdev,AgrawalPratik
SachinShah4,AgrawalPratik
alarksharma,AgrawalPratik
AdityaGl,AgrawalPratik
AnanyaSharma,AgrawalPratik
patri,RajatKhanduja
KasunRangaWijeweera,RajatKhanduja
AdutipalSingh,RajatKhanduja
MinalJain,RajatKhanduja
AnkitKhemka,RajatKhanduja
Rajatsuri,RajatKhanduja
RahulNaryani,RajatKhanduja
KarunThapa,RajatKhanduja
SatarupaBarma,RajatKhanduja
SamirNoorani,RajatKhanduja
ShibaniSanturkar,RajatKhanduja
KhushiGupta,RajatKhanduja
SidhantGoyal,RajatKhanduja
MandarKulkarni,RajatKhanduja
HarshRanjan,RajatKhanduja
AnkitMandil,RajatKhanduja
DivyaNandwana,RajatKhanduja
AnshulSinghle,RajatKhanduja
SaiKrishna,RajatKhanduja
jsmtsethi,RajatKhanduja
ManishArora,RajatKhanduja
ShambhaviDeshpande,RajatKhanduja
JaiswalV,RajatKhanduja
ArihantSethia,RajatKhanduja
AnkitRana,RajatKhanduja
AjaykumarKannan,RajatKhanduja
SiddharthaNambiar,RajatKhanduja
ShameekGanguly,RajatKhanduja
AnshumanFotedar,RajatKhanduja
MdMirmohsin,RajatKhanduja
ChiragSahai,RajatKhanduja
ramananurag,RajatKhanduja
svmadhavakrishna,RajatKhanduja
PrashantSingh,RajatKhanduja
HarshitAgrawal,RajatKhanduja
TMehrotra,RajatKhanduja
HassenAlsafi,RajatKhanduja
RovinBhandari,RajatKhanduja
visheshk,RajatKhanduja
JayantGupta,RajatKhanduja
VinayPrajapati,RajatKhanduja
GuptaApurva,RajatKhanduja
RamK,RajatKhanduja
ManzilZaheer,RajatKhanduja
VivekGupta,RajatKhanduja
ApoorvKumar,RajatKhanduja
RushabhDoshi,RajatKhanduja
HimanshuBhandari,RajatKhanduja
SnehLata,RajatKhanduja
PinupreddyYaswanth,RajatKhanduja
SaurabhSoni,RajatKhanduja
vibhutiKumar,RajatKhanduja
VineetKumar,RajatKhanduja
DivyaPrakash,RajatKhanduja
UtkarshDwivedi,RajatKhanduja
AkhileshShah,RajatKhanduja
RaviArora,RajatKhanduja
arpitagarwal,RajatKhanduja
HanafyMAli,RajatKhanduja
RaviHemnani,RajatKhanduja
RakeshSoud,BhanitaSharma
RabindranathSarma,BhanitaSharma
SumitAgarwal25,BhanitaSharma
ManimugdhaSharma,BhanitaSharma
ShivanshRai,BhanitaSharma
sharadchandradwivedi,BhanitaSharma
printalchandrahaldar,BhanitaSharma
SDawar,BhanitaSharma
DebajyotiMahanta,BhanitaSharma
ShashaankaBorkotoky,BhanitaSharma
,BhanitaSharma
BikashSaikia,BhanitaSharma
SarangapaniNeog,BhanitaSharma
ArabindaBaruah,BhanitaSharma
KhaninPathak,BhanitaSharma
JayantaNath2,BhanitaSharma
JayantaDevnath,BhanitaSharma
GuptajitPathak,BhanitaSharma
BrajeshRawat,BhanitaSharma
SahuMitali,BhanitaSharma
KaushalJain,BhanitaSharma
PankajDutta,BhanitaSharma
DharmDev,BhanitaSharma
NitishAlluri,BhanitaSharma
BijitaSarma,BhanitaSharma
MonmiSaikia,BhanitaSharma
AbhishekVahadane,BhanitaSharma
DevomitraChoudhury,BhanitaSharma
harikrishnasahu,BhanitaSharma
aswinikalita,BhanitaSharma
SumitBharti,BhanitaSharma
KamalKrishnaRajbongshi,BhanitaSharma
surendergoyal,BhanitaSharma
manteshoriyengkhom,BhanitaSharma
HimangshuDas1,BhanitaSharma
RoySushanta,BhanitaSharma
RajiGaraga,BhanitaSharma
GargiBorgohain,BhanitaSharma
DhrubajyotiKashyap,BhanitaSharma
ArnishChakraborty,BhanitaSharma
DeepanjaliGoswami,BhanitaSharma
AnjanBordoloi,BhanitaSharma
JumalDas,BhanitaSharma
SomenDebnath,BhanitaSharma
KshatreshDDubey,BhanitaSharma
DipankarBarpuzary,BhanitaSharma
NathBhaskar,BhanitaSharma
sudesnachakravarty,BhanitaSharma
AnupamBera,BhanitaSharma
TChetia,BhanitaSharma
RoopamSinha,BhanitaSharma
ROMENCHUTIA,BhanitaSharma
DebaPrasadSarma,BhanitaSharma
KrishnaPathak,BhanitaSharma
ShashankDwivedi4,BhanitaSharma
PankajLochan,BhanitaSharma
SarmaassociatePvtltd,BhanitaSharma
RajShankarHazra,BhanitaSharma
ManasPratimKakati,BhanitaSharma
HemantaDeka,BhanitaSharma
ArindamDey3,SaranSrikanth
ChayapathiSarath,SaranSrikanth
AshokDibbada,SaranSrikanth
SaiKrishna,SaranSrikanth
RavikiranMaddali,SaranSrikanth
KSaiRam,SaranSrikanth
SundarKumarJvs,SaranSrikanth
ShankarBhukya,SaranSrikanth
GunthakantiShivaReddy,SaranSrikanth
manideepattanti,SaranSrikanth
PratikRaj,SaranSrikanth
NavwantThakur,SaranSrikanth
BidyutChangmai,SaranSrikanth
KPavanKumar,SaranSrikanth
PrudhviReddy3,SaranSrikanth
SameerAshraf,SaranSrikanth
MedaTeja,SaranSrikanth
ItzNareshVenkat,SaranSrikanth
PraneethMaganti,SaranSrikanth
TulasiChowdary,SaranSrikanth
RaghavGrover,SaranSrikanth
AbhishekMate,SaranSrikanth
RadhaKrishna12,SaranSrikanth
VihariPiratla,SaranSrikanth
SandeepChikkala,SaranSrikanth
manideepgunda,SaranSrikanth
VadhriBharadwaj,SaranSrikanth
AndhraMahaVishnu,SaranSrikanth
NitishAlluri,SaranSrikanth
HarishVuba,SaranSrikanth
ShaileshVedula,SaranSrikanth
ManideepThogaru,SaranSrikanth
Pallav,SaranSrikanth
AjimonThomas,SaranSrikanth
VasalaSaiKrishna,SaranSrikanth
VamshiGudavarthi,SaranSrikanth
NarendraMandadi,SaranSrikanth
NishanthGaddam,SaranSrikanth
TusharGarg,SaranSrikanth
TarunKalluri,SaranSrikanth
SridharJarupala,SaranSrikanth
ManuBhat,SaranSrikanth
NeerajMalpani,SaranSrikanth
EshwarChandraGupta,SaranSrikanth
ManojSrikanth,SaranSrikanth
GouthamPatley,SaranSrikanth
TharunKariveda,SaranSrikanth
KumarBabu3,SaranSrikanth
KireetiBln,SaranSrikanth
MeenaAkshay,SaranSrikanth
NayakMurali,SaranSrikanth
KavyaSri,SaranSrikanth
SravanSamala,SaranSrikanth
AbhijeetChimurkar,SaranSrikanth
TejaRamKotaprolu,SaranSrikanth
AnshulGoyal2,SaranSrikanth
AnanthKishore,SaranSrikanth
SriKanth54,SaranSrikanth
KshitijSwaroopGTVS,SaranSrikanth
ManikantaPrasanth,SaranSrikanth
SumitAgarwal25,PallaviMukherjee1
ShivanshRai,PallaviMukherjee1
SDawar,PallaviMukherjee1
ShambhaviDeshpande,PallaviMukherjee1
VIJAYKUMARMISHRA,PallaviMukherjee1
ShravaniKamal,PallaviMukherjee1
ArghyaDas3,PallaviMukherjee1
SUDIPTAGHOSH,PallaviMukherjee1
SuparanaKatyaini,PallaviMukherjee1
DharmendraPrajapati,PallaviMukherjee1
KatlaSrikanth,PallaviMukherjee1
SatwikMukherjee,PallaviMukherjee1
DoruMihaiMelega,PallaviMukherjee1
ShubhrimaGhosh,PallaviMukherjee1
sabornichattopadhyay,PallaviMukherjee1
DebajyotiKabiraj,PallaviMukherjee1
BrajeshRawat,PallaviMukherjee1
DaminiKothari,PallaviMukherjee1
DebashmitaMondal,PallaviMukherjee1
GeetimuktaMahapatra,PallaviMukherjee1
MinaksheeDas,PallaviMukherjee1
SrivastavaAmbuj,PallaviMukherjee1
SubhadeepDas,PallaviMukherjee1
ShwetaAgrawal16,PallaviMukherjee1
MuthusivaramapandianMuthuraj,PallaviMukherjee1
NitishAlluri,PallaviMukherjee1
SushmaChityala,PallaviMukherjee1
FaheemKhan4,PallaviMukherjee1
SanjayKumarChoudhary,PallaviMukherjee1
VSrivastava,PallaviMukherjee1
KedarSharma,PallaviMukherjee1
RohitSaini6,PallaviMukherjee1
vibhasinha,PallaviMukherjee1
AbhijitRoy8,PallaviMukherjee1
SumitBharti,PallaviMukherjee1
manteshoriyengkhom,PallaviMukherjee1
KalpanaShankhwar,PallaviMukherjee1
MaheshAgarwal1,PallaviMukherjee1
OjaswiniChamarthi,PallaviMukherjee1
AsmitaDutta,PallaviMukherjee1
SudeepGoswami,PallaviMukherjee1
RajuRam,PallaviMukherjee1
RajiGaraga,PallaviMukherjee1
ArnishChakraborty,PallaviMukherjee1
AshishPrabhuA,PallaviMukherjee1
DebajitDey,PallaviMukherjee1
IshaVishan,PallaviMukherjee1
BhanupriyaChouhan,PallaviMukherjee1
HimanshuSharma,PallaviMukherjee1
AnupamAlok,PallaviMukherjee1
DurgeshKumar4,PallaviMukherjee1
SalmaJasmine,PallaviMukherjee1
KaninikaPaul,PallaviMukherjee1
jayeetahazarika,PallaviMukherjee1
MehakKaushal,PallaviMukherjee1
RitwikChattaraj,PallaviMukherjee1
SohiniBasu2,PallaviMukherjee1
PurbaChakraborty,PallaviMukherjee1
AmruthaBasker,PallaviMukherjee1
NiveditaSingh6,PallaviMukherjee1
SiddharthaSanghi,VireshGehlawat
AdutipalSingh,VireshGehlawat
SamirNoorani,VireshGehlawat
KhushiGupta,VireshGehlawat
ChiragMaheshwari,VireshGehlawat
ShivamSharma,VireshGehlawat
SaiKrishna,VireshGehlawat
JaiswalV,VireshGehlawat
BandeepRabha,VireshGehlawat
MilindTahalani,VireshGehlawat
PratyukshBansal,VireshGehlawat
AditiMakhija,VireshGehlawat
ArihantSethia,VireshGehlawat
IJDPSJournal,VireshGehlawat
MehsoschrOygnuh,VireshGehlawat
MehulAgrawal,VireshGehlawat
VatsalSangeeta,VireshGehlawat
SaxenaAmodhKant,VireshGehlawat
AnuragAgarwal,VireshGehlawat
NavwantThakur,VireshGehlawat
deviddas,VireshGehlawat
AngshumanKashyap,VireshGehlawat
alokmalakar,VireshGehlawat
SriramBandaru,VireshGehlawat
journalijcsity,VireshGehlawat
JayantGupta,VireshGehlawat
ArpitGoyal,VireshGehlawat
ItzNareshVenkat,VireshGehlawat
AbhayGupta,VireshGehlawat
RatholuMao,VireshGehlawat
JaideepSehrawat,VireshGehlawat
HimanshuBansal,VireshGehlawat
BhaskerSharma,VireshGehlawat
techaddict,VireshGehlawat
JayantSwami,VireshGehlawat
RajibDas5,VireshGehlawat
VikasLuthra,VireshGehlawat
GaneshVishnu,VireshGehlawat
SaumyaPrasad,VireshGehlawat
NamanSharma1,VireshGehlawat
ijitmcjournal,VireshGehlawat
RaghavGrover,VireshGehlawat
journalcseij,VireshGehlawat
DivyaPrakash,VireshGehlawat
AkhileshShah,VireshGehlawat
arpitagarwal,VireshGehlawat
VishalGawade,VireshGehlawat
KayvanRafiee,VireshGehlawat
prateekpapriwal,VireshGehlawat
BharathBollu,VireshGehlawat
AbhilashAjmera,VireshGehlawat
MauliPandey,VireshGehlawat
NitishAlluri,VireshGehlawat
PradeepBansal,VireshGehlawat
AnuvratChitranshi,VireshGehlawat
RajatKamra,VireshGehlawat
AbhishekJoshi,VireshGehlawat
ShubhanshuJain,VireshGehlawat
BanothShankar,VireshGehlawat
ShubhamGarg,VireshGehlawat
HIMANSHUMANGLUNIA,RamK
VaibhavJain,RamK
AdutipalSingh,RamK
RahulNaryani,RamK
YennamRajesh,RamK
ChayapathiSarath,RamK
SamirNoorani,RamK
ChiragMaheshwari,RamK
MandarKulkarni,RamK
HarshRanjan,RamK
AshokDibbada,RamK
SidharthChitlangia,RamK
KumarAbhishek,RamK
ManishArora,RamK
JaiswalV,RamK
PratyukshBansal,RamK
PrateekJain,RamK
ArihantSethia,RamK
MonmiPangging,RamK
SaxenaAmodhKant,RamK
SoumyaPatro,RamK
AravindNagulu,RamK
GunthakantiShivaReddy,RamK
ShameekGanguly,RamK
PrashantSingh,RamK
HarshitAgrawal,RamK
Ashwanikumar,RamK
AkshatBordia,RamK
deviddas,RamK
AniketUdepurkar,RamK
RajatKhanduja,RamK
alokmalakar,RamK
RovinBhandari,RamK
SameerAshraf,RamK
MedaTeja,RamK
SriramBandaru,RamK
MaheshGupta1,RamK
ItzNareshVenkat,RamK
VaddiSekhar,RamK
PriyanshuVerma,RamK
VenkataKurakula,RamK
AnirudhKejriwal,RamK
BhaskerSharma,RamK
AshutoshPandey2,RamK
ATiwari,RamK
RaghavGrover,RamK
DineshReddy,RamK
SushmaKambagowni,RamK
BhargavAmbati,RamK
VishalJain,RamK
ParthParitosh,RamK
AbhilashAjmera,RamK
PrabhatKumar,RamK
NitishAlluri,RamK
SudeepaJain,RamK
PraveenGnana,RamK
RAryan,RamK
ArushiVarshney,RamK
DishantChechi,RamK
ishantsaikia,RamK
KamakhyaBasumatary,VenkataKurakula
AnkitKhemka,VenkataKurakula
VishakBharadwaj,VenkataKurakula
ManjitBasumatary,VenkataKurakula
ChayapathiSarath,VenkataKurakula
ShamikRay,VenkataKurakula
HiijJournal,VenkataKurakula
AnkitMandil,VenkataKurakula
AshokDibbada,VenkataKurakula
ShrenikSurana,VenkataKurakula
RajendraKolli,VenkataKurakula
ParanjaySrivastava,VenkataKurakula
PavanTejaswi,VenkataKurakula
vmandapalli,VenkataKurakula
GunthakantiShivaReddy,VenkataKurakula
SridharNaik,VenkataKurakula
SintuRongpipi,VenkataKurakula
Ashwanikumar,VenkataKurakula
SandeepKavadi,VenkataKurakula
ShyamSSoumitraJosyula,VenkataKurakula
ItzNareshVenkat,VenkataKurakula
MayankGoyal,VenkataKurakula
RanjanGaurav,VenkataKurakula
RamK,VenkataKurakula
MallaboinaAnilKumar,VenkataKurakula
FaisalAli,VenkataKurakula
ManzilZaheer,VenkataKurakula
DevendraSingh,VenkataKurakula
VignyMathew,VenkataKurakula
vibhutiKumar,VenkataKurakula
santoshpraneeth,VenkataKurakula
RaviTej,VenkataKurakula
SatyadeepKarnati,VenkataKurakula
CBoorla,VenkataKurakula
BhargavAmbati,VenkataKurakula
SourabhPrajapati,VenkataKurakula
DurgaPrasad,VenkataKurakula
KishoreMediga,VenkataKurakula
PrinceKishore,VenkataKurakula
NitishAlluri,VenkataKurakula
VineelKambala,VenkataKurakula
SiddharthaPuligilla,VenkataKurakula
HareeshNakkerthi,VenkataKurakula
ArushiVarshney,VenkataKurakula
TwishaPrasad,VenkataKurakula
PradeepChalavadi,VenkataKurakula
AttiMahesh,VenkataKurakula
GSaiJaideep,VenkataKurakula
PraneethSrikanti,VenkataKurakula
ShreyasNavada,VenkataKurakula
BobbyDasari,VenkataKurakula
JeeteshKumar,VenkataKurakula
DheerajPuppali,VenkataKurakula
SriKanth54,VenkataKurakula
KaushikGopireddy,VenkataKurakula
SreeKalapala,VenkataKurakula
VijayKumarUtkam,VenkataKurakula
MahanthSV,VenkataKurakula
SatbirSingh,VenkataKurakula
NavinRajkumar,VenkataKurakula
MarcinPaprzycki,santoshpraneeth
KasunRangaWijeweera,santoshpraneeth
RaviTandon,santoshpraneeth
HarshvardhanTrivedi,santoshpraneeth
RAVISHVASAN,santoshpraneeth
AdutipalSingh,santoshpraneeth
AnkitKhemka,santoshpraneeth
VishakBharadwaj,santoshpraneeth
ChayapathiSarath,santoshpraneeth
ShrenikSurana,santoshpraneeth
ArihantSethia,santoshpraneeth
RajendraKolli,santoshpraneeth
vmandapalli,santoshpraneeth
SridharNaik,santoshpraneeth
ramananurag,santoshpraneeth
svmadhavakrishna,santoshpraneeth
RajatKhanduja,santoshpraneeth
RovinBhandari,santoshpraneeth
ShyamSSoumitraJosyula,santoshpraneeth
RanjanGaurav,santoshpraneeth
FaisalAli,santoshpraneeth
VenkataKurakula,santoshpraneeth
GaneshBhukya,santoshpraneeth
AtulJha,santoshpraneeth
SnehLata,santoshpraneeth
PinupreddyYaswanth,santoshpraneeth
amitciitg,santoshpraneeth
vibhutiKumar,santoshpraneeth
ATiwari,santoshpraneeth
VineetKumar,santoshpraneeth
RaviTej,santoshpraneeth
SatyadeepKarnati,santoshpraneeth
DineshReddy,santoshpraneeth
CBoorla,santoshpraneeth
BhargavAmbati,santoshpraneeth
SourabhPrajapati,santoshpraneeth
RamKumar67,santoshpraneeth
NitishAlluri,santoshpraneeth
JsnReddy,santoshpraneeth
SiddharthaPuligilla,santoshpraneeth
HareeshNakkerthi,santoshpraneeth
AttiMahesh,santoshpraneeth
PradeepChalavadi,santoshpraneeth
ShreyasNavada,santoshpraneeth
DheerajPuppali,santoshpraneeth
UtkarshSrivastava,santoshpraneeth
AMBERGUPTA,santoshpraneeth
KaushikGopireddy,santoshpraneeth
AkshaySingh,santoshpraneeth
ShrikantPandey,santoshpraneeth
ShekharGupta1,santoshpraneeth
KshitizJoshi,santoshpraneeth
ChinmayaPoswalia,santoshpraneeth
SaptarshiPyne,santoshpraneeth
RishavAnand,santoshpraneeth
PratapRudra,santoshpraneeth
AyushMananiya,santoshpraneeth
HarshaSai1,santoshpraneeth
AlokYadav,santoshpraneeth
amitmehra,santoshpraneeth
KamakhyaBasumatary,SatyadeepKarnati
MarcinPaprzycki,SatyadeepKarnati
patri,SatyadeepKarnati
KasunRangaWijeweera,SatyadeepKarnati
RaviTandon,SatyadeepKarnati
IjseaJournal,SatyadeepKarnati
VishwajitMishra,SatyadeepKarnati
edwinksl,SatyadeepKarnati
VishakBharadwaj,SatyadeepKarnati
ManjitBasumatary,SatyadeepKarnati
SamirNoorani,SatyadeepKarnati
AnkitMandil,SatyadeepKarnati
SidharthChitlangia,SatyadeepKarnati
MulugetaAyele,SatyadeepKarnati
ArihantSethia,SatyadeepKarnati
RajendraKolli,SatyadeepKarnati
vmandapalli,SatyadeepKarnati
SridharNaik,SatyadeepKarnati
CarlosZacur,SatyadeepKarnati
svmadhavakrishna,SatyadeepKarnati
ramananurag,SatyadeepKarnati
ShyamSSoumitraJosyula,SatyadeepKarnati
MayankGoyal,SatyadeepKarnati
RanjanGaurav,SatyadeepKarnati
ShreyasAthreya,SatyadeepKarnati
MallaboinaAnilKumar,SatyadeepKarnati
FaisalAli,SatyadeepKarnati
VenkataKurakula,SatyadeepKarnati
GaneshBhukya,SatyadeepKarnati
SnehLata,SatyadeepKarnati
ManjitAreng,SatyadeepKarnati
vibhutiKumar,SatyadeepKarnati
RaviTej,SatyadeepKarnati
santoshpraneeth,SatyadeepKarnati
TarunReddy,SatyadeepKarnati
UtkarshDwivedi,SatyadeepKarnati
RaviArora,SatyadeepKarnati
CBoorla,SatyadeepKarnati
BhargavAmbati,SatyadeepKarnati
TejasRode,SatyadeepKarnati
NitishAlluri,SatyadeepKarnati
JsnReddy,SatyadeepKarnati
SuryaMannava,SatyadeepKarnati
JaspreetSuri,SatyadeepKarnati
SiddharthaPuligilla,SatyadeepKarnati
KarthikSrivatsa,SatyadeepKarnati
HareeshNakkerthi,SatyadeepKarnati
AkhileshAnkala,SatyadeepKarnati
PradeepChalavadi,SatyadeepKarnati
AttiMahesh,SatyadeepKarnati
PrinceKesharwani,SatyadeepKarnati
JeeteshKumar,SatyadeepKarnati
DheerajPuppali,SatyadeepKarnati
VijayKumarUtkam,SatyadeepKarnati
SumeetUngratwar,SatyadeepKarnati
SudhanshuSaxena,SatyadeepKarnati
PeesapatiGautham,SatyadeepKarnati
vinodkumarL,SatyadeepKarnati
PRASHANTHMAMIDI,SatyadeepKarnati
PraveenMallampati,SatyadeepKarnati
BennyMoses,TarunReddy
AnkitMandil,TarunReddy
AshokDibbada,TarunReddy
SaiKrishna,TarunReddy
KadarlaKumar,TarunReddy
GunthakantiShivaReddy,TarunReddy
rajaajay37,TarunReddy
SaiRam,TarunReddy
ChiragSahai,TarunReddy
srikanthsagar,TarunReddy
MedaTeja,TarunReddy
SameerAshraf,TarunReddy
SriramBandaru,TarunReddy
GuptaApurva,TarunReddy
ShyamSSoumitraJosyula,TarunReddy
VaddiSekhar,TarunReddy
PradeepPJ,TarunReddy
GaneshBhukya,TarunReddy
KamidiNitesh,TarunReddy
JinendraSoni,TarunReddy
SatyadeepKarnati,TarunReddy
UtkarshDwivedi,TarunReddy
SandeepChikkala,TarunReddy
HarshendarReddy,TarunReddy
KunalAgarwal7,TarunReddy
SantoshRupesh,TarunReddy
VadhriBharadwaj,TarunReddy
SuryaBalusu,TarunReddy
RamKumar67,TarunReddy
NitishAlluri,TarunReddy
RahulSharma171,TarunReddy
AnuragThakur1,TarunReddy
VamshidharReddyJ,TarunReddy
SunkaraAshish,TarunReddy
RaviTeja,TarunReddy
SaiVenkataPilla,TarunReddy
NarasimhaKarthik,TarunReddy
KarthikBuddha,TarunReddy
MunagalaGiridhar,TarunReddy
SumitBharti,TarunReddy
NatarajGullipalli,TarunReddy
ManojKumar307,TarunReddy
PrakashVadada,TarunReddy
SaiKrishna,TarunReddy
PremsaiBairu,TarunReddy
ShruthinP,TarunReddy
KothaHariKrishna,TarunReddy
PachikaSaketh,TarunReddy
GeethAnanthagiri,TarunReddy
VenuGopalReddyChilakala,TarunReddy
DevulaVinodKumar,TarunReddy
ArjunChauhan2,TarunReddy
MayankGupta45,TarunReddy
SampathKiran,TarunReddy
AbhishekSarkar,TarunReddy
BharatKavala,TarunReddy
NadellaPratap,TarunReddy
NikithTumati,TarunReddy
KarraDinakarReddy,TarunReddy
SushmaDaggubati,TarunReddy
radhakrishnaabhishek,NiharikaChatla
HimanthNerusu,NiharikaChatla
AnkitaPaliwal,NiharikaChatla
SreeHarshaKaza,NiharikaChatla
RaghavendraMohan,NiharikaChatla
PraveenChand,NiharikaChatla
PraveenKothari,NiharikaChatla
SuneelMadhekar,NiharikaChatla
gopinathrongali,NiharikaChatla
DhananjayKumar,NiharikaChatla
AshishSingh1,NiharikaChatla
RajaSekhar78,NiharikaChatla
SnehaVadlapatla,NiharikaChatla
RituTak,NiharikaChatla
RajendranRajarajan,NiharikaChatla
KrishnaMohanRoy,NiharikaChatla
NitishAlluri,NiharikaChatla
BharathKumarBanoth,NiharikaChatla
SujoySaha,NiharikaChatla
shaivyasingh,NiharikaChatla
GangasaniNiharikaReddy,NiharikaChatla
KowshickBoddu,NiharikaChatla
AnuradhaYadav,NiharikaChatla
NagaHitesh,NiharikaChatla
VivekTirunagiri,NiharikaChatla
JPriyadarshini,NiharikaChatla
SundeepCheruku,NiharikaChatla
VamsiAkella,NiharikaChatla
SrinivasGunti,NiharikaChatla
SagerTom,NiharikaChatla
HarshavardhanShinde,NiharikaChatla
PhanidharCh,NiharikaChatla
SaiKeertan,NiharikaChatla
SuranjitSarkar,NiharikaChatla
PriyaApte,NiharikaChatla
SpandanaPotineni,NiharikaChatla
DasJuthika,NiharikaChatla
ThrinathNelaturi,NiharikaChatla
SwarnimaSonkar,NiharikaChatla
RaiH,NiharikaChatla
GautamJaiPrakash,NiharikaChatla
AnamikaSinha3,NiharikaChatla
RavneetKaur43,NiharikaChatla
AbhinavMishra6,NiharikaChatla
RoseleenChouti,NiharikaChatla
BhoopeshLilly,NiharikaChatla
LekhaAsnani,NiharikaChatla
UmeshSankuratri,NiharikaChatla
SanapatiBharadwaj,NiharikaChatla
OmRana,NiharikaChatla
VinodDosapati,NiharikaChatla
PadmajaPriyanka,NiharikaChatla
ChandraMohan47,NiharikaChatla
VaidehiChennubhotla,NiharikaChatla
ShruthinReddyChinni,NiharikaChatla
HarshavardhanPuruma,NiharikaChatla
AnushaKandavalli,NiharikaChatla
TeliJohnSudeep,NiharikaChatla
NehaAlladi,NiharikaChatla
KrishnaKumarAshwini,NiharikaChatla
SumitAgarwal25,BrajeshRawat
SDawar,BrajeshRawat
ShambhaviDeshpande,BrajeshRawat
VinayKulkarni,BrajeshRawat
,BrajeshRawat
ShrikantSalve,BrajeshRawat
BhanitaSharma,BrajeshRawat
PatanKhan1,BrajeshRawat
PallaviMukherjee1,BrajeshRawat
SauravAnand,BrajeshRawat
UmeshChaudhary,BrajeshRawat
AjitSingh,BrajeshRawat
SaumyaPrasad,BrajeshRawat
PralayChakrabarty,BrajeshRawat
ArPan,BrajeshRawat
sandeepdevasrii,BrajeshRawat
MridulKantiMalakar,BrajeshRawat
PavankumarAdivi,BrajeshRawat
HimangshuJyoti,BrajeshRawat
KaushalJain,BrajeshRawat
SandeepRameshnath,BrajeshRawat
MukeshSingh,BrajeshRawat
RohanDas2,BrajeshRawat
NageshCh,BrajeshRawat
BasuDeb,BrajeshRawat
NeerajVaid,BrajeshRawat
DAYASHANKAR,BrajeshRawat
AnkitAgrawal9,BrajeshRawat
DharmDev,BrajeshRawat
GauravKumar,BrajeshRawat
KannanThirugnanam,BrajeshRawat
NitishAlluri,BrajeshRawat
NagarajAdiga,BrajeshRawat
AbhishekVahadane,BrajeshRawat
ASingh,BrajeshRawat
PDey,BrajeshRawat
AkshayJain22,BrajeshRawat
APatra,BrajeshRawat
ArghyaChakravarty,BrajeshRawat
SumitBharti,BrajeshRawat
manteshoriyengkhom,BrajeshRawat
AjayKumarMaddirala,BrajeshRawat
PrinceKesharwani,BrajeshRawat
RekhaBaro,BrajeshRawat
RajuRam,BrajeshRawat
VijayKumar109,BrajeshRawat
HarikrishnaHurtlocker,BrajeshRawat
DasBiplab,BrajeshRawat
sikandarKumar,BrajeshRawat
DurgeshKumar4,BrajeshRawat
SaurabhAgarwal,BrajeshRawat
RaushanKumar,BrajeshRawat
RipudamanSingh2,BrajeshRawat
KrishnaPerla,BrajeshRawat
MiPuranik,BrajeshRawat
HimakshiChoudhury,BrajeshRawat
ShashankDwivedi4,BrajeshRawat
VoraA,BrajeshRawat
SarojMondal,BrajeshRawat
AloysiusDecrypted,BrajeshRawat
AsmitaGupta,arpitagarwal
IjseaJournal,arpitagarwal
AdutipalSingh,arpitagarwal
MinalJain,arpitagarwal
AnkitKhemka,arpitagarwal
Rajatsuri,arpitagarwal
PrafullaChoubey,arpitagarwal
ChayapathiSarath,arpitagarwal
SamirNoorani,arpitagarwal
RahulShah34,arpitagarwal
KhushiGupta,arpitagarwal
SidhantGoyal,arpitagarwal
PeertopeerJournal,arpitagarwal
PrakharGupta,arpitagarwal
KumarAbhishek,arpitagarwal
PrateekJain,arpitagarwal
ArihantSethia,arpitagarwal
KunaalJain,arpitagarwal
AtiqueFiroz,arpitagarwal
RishabhBardia,arpitagarwal
ramananurag,arpitagarwal
AgrawalPratik,arpitagarwal
AkshatBordia,arpitagarwal
MayuriChowdhary,arpitagarwal
RajatKhanduja,arpitagarwal
alokmalakar,arpitagarwal
DharmendraPrajapati,arpitagarwal
SameerAshraf,arpitagarwal
DheerajArora,arpitagarwal
SriramBandaru,arpitagarwal
VireshGehlawat,arpitagarwal
MAvasare,arpitagarwal
GauravAgarwal4,arpitagarwal
JayantGupta,arpitagarwal
RohanTiwari,arpitagarwal
ItzNareshVenkat,arpitagarwal
ApoorvKumar,arpitagarwal
AnchitGupta,arpitagarwal
RajanBuha,arpitagarwal
NinaKamarinaKamaruddin,arpitagarwal
BhaskerSharma,arpitagarwal
AshutoshPandey2,arpitagarwal
PriyankChhipa,arpitagarwal
TulikaTiwari,arpitagarwal
shashanksaxena,arpitagarwal
httpwwwiitgernetinbidisha,arpitagarwal
KartikSharma15,arpitagarwal
NitishAlluri,arpitagarwal
PradeepBansal,arpitagarwal
Sandeepjindal,arpitagarwal
AbhishekJoshi,arpitagarwal
RaviTeja,arpitagarwal
PrateekBaldwa,arpitagarwal
DishantChechi,arpitagarwal
RaviRoshan,arpitagarwal
RajuRam,arpitagarwal
ShrikantPandey,arpitagarwal
KuldeepGarg,arpitagarwal
ShubhamLal,arpitagarwal
romilsandal,arpitagarwal
NikolaosMavridis,PrabhatKumar
SomnathMeher,PrabhatKumar
shayandev,PrabhatKumar
VaibhavJain,PrabhatKumar
SarthakHanda,PrabhatKumar
AdutipalSingh,PrabhatKumar
MinalJain,PrabhatKumar
AnkitKhemka,PrabhatKumar
ChayapathiSarath,PrabhatKumar
SamirNoorani,PrabhatKumar
KhushiGupta,PrabhatKumar
ShamikRay,PrabhatKumar
SidhantGoyal,PrabhatKumar
HarshRanjan,PrabhatKumar
DivyaNandwana,PrabhatKumar
jsmtsethi,PrabhatKumar
PratyukshBansal,PrabhatKumar
PrateekJain,PrabhatKumar
AjaykumarKannan,PrabhatKumar
SachinTaneja,PrabhatKumar
MehulAgrawal,PrabhatKumar
GunthakantiShivaReddy,PrabhatKumar
RishabhBardia,PrabhatKumar
HarshitAgrawal,PrabhatKumar
ParvinBaishkiyar,PrabhatKumar
RudraPratapSingh,PrabhatKumar
SameerAshraf,PrabhatKumar
SriramBandaru,PrabhatKumar
VivekKumar,PrabhatKumar
GuptaApurva,PrabhatKumar
VenkNano,PrabhatKumar
AbhayGupta,PrabhatKumar
RamK,PrabhatKumar
VivekGupta,PrabhatKumar
ApoorvKumar,PrabhatKumar
kumarrajput,PrabhatKumar
HimanshuBansal,PrabhatKumar
BhaskerSharma,PrabhatKumar
PinupreddyYaswanth,PrabhatKumar
everyoneall,PrabhatKumar
RijumoniBoro,PrabhatKumar
YapKit,PrabhatKumar
NitishAlluri,PrabhatKumar
AbhinandaDilip,PrabhatKumar
SridharJarupala,PrabhatKumar
JadeFennell,PrabhatKumar
YogeshDeshpande,PrabhatKumar
gjain,PrabhatKumar
TarunBalotia,PrabhatKumar
ThirupathiNk,PrabhatKumar
SandeepBaheshwar,PrabhatKumar
PallaviYellamelli,PrabhatKumar
RajatSingh,PrabhatKumar
RachitSingh1,PrabhatKumar
onkarnath,PrabhatKumar
mohitrawat,PrabhatKumar
SamirNoorani,PrabhatKumar
AmrutaRanade,PrabhatKumar
SiddharthaTomar,PrabhatKumar
SajalNagwanshi,PrabhatKumar
SumitAgarwal25,DeepakKumar
ChayapathiSarath,DeepakKumar
SriHarshha,DeepakKumar
KeyurSorathia,DeepakKumar
RaviAPositive,DeepakKumar
AshishNayak,DeepakKumar
SDawar,DeepakKumar
SaiOjha,DeepakKumar
AAnjali,DeepakKumar
PrakramSehgal,DeepakKumar
AgrawalPratik,DeepakKumar
GautamKumar70,DeepakKumar
MoupiyaUkil,DeepakKumar
MoumitaNaskar,DeepakKumar
AshishJha,DeepakKumar
DebayanDhar,DeepakKumar
namitamaheshwari,DeepakKumar
AditiPadhi,DeepakKumar
RakeshNath,DeepakKumar
YashodhanMandke,DeepakKumar
subhajit,DeepakKumar
RanjithQuest,DeepakKumar
KarakkakandathilKrishnanNairBalakrishnan,DeepakKumar
AvanishVerma,DeepakKumar
ChaoDaudhaiPhukon,DeepakKumar
NitishAlluri,DeepakKumar
KiranSasi,DeepakKumar
HemantKanade,DeepakKumar
VishnuKumar,DeepakKumar
HimanshuSeth,DeepakKumar
harikrishnasahu,DeepakKumar
UrvashiBhati,DeepakKumar
SandeepNandgaonkar,DeepakKumar
lokeshverma,DeepakKumar
ShaikhAhmed,DeepakKumar
chhavishrivastava,DeepakKumar
VinayMishra2,DeepakKumar
RohitSingh,DeepakKumar
ArnishChakraborty,DeepakKumar
HemantSingh8,DeepakKumar
VenkateshVarala,DeepakKumar
KaranMalik,DeepakKumar
ShriKanth,DeepakKumar
SurendraSahu,DeepakKumar
NishthaMehrotra,DeepakKumar
GhanendraKumar,DeepakKumar
AnirbanChowdhury,DeepakKumar
PriyankBhardwaj,DeepakKumar
ArindamChester,DeepakKumar
VikramAditya,DeepakKumar
MayankShubhankar,DeepakKumar
ErPranayDewangan,DeepakKumar
SnehashishTripathi,DeepakKumar
AmitKhetrapal,DeepakKumar
AkshayBawankar,DeepakKumar
SheetalGokhale,DeepakKumar
AayushJain,DeepakKumar
NeedaJamil,DeepakKumar
KasunRangaWijeweera,PradeepBansal
SonuMishra,PradeepBansal
VaibhavJain,PradeepBansal
AdutipalSingh,PradeepBansal
MinalJain,PradeepBansal
ChayapathiSarath,PradeepBansal
KhushiGupta,PradeepBansal
SaiKrishna,PradeepBansal
KumarAbhishek,PradeepBansal
ParanjaySrivastava,PradeepBansal
MonmiPangging,PradeepBansal
SoumyaPatro,PradeepBansal
GunthakantiShivaReddy,PradeepBansal
AAnjali,PradeepBansal
PrashantSingh,PradeepBansal
DharmendraPrajapati,PradeepBansal
SriramBandaru,PradeepBansal
VireshGehlawat,PradeepBansal
MaheshGupta1,PradeepBansal
JayantGupta,PradeepBansal
ItzNareshVenkat,PradeepBansal
VaddiSekhar,PradeepBansal
PreronaDas,PradeepBansal
RajibDas5,PradeepBansal
VineetKumar,PradeepBansal
IJPLAJournal,PradeepBansal
arpitagarwal,PradeepBansal
AnuragArya,PradeepBansal
NitishAlluri,PradeepBansal
JsnReddy,PradeepBansal
ArnitaSaini,PradeepBansal
SuryaMannava,PradeepBansal
AbhinandaDilip,PradeepBansal
AbhishekJoshi,PradeepBansal
ShubhamGarg,PradeepBansal
ShilpaAr,PradeepBansal
AkshaySingh8,PradeepBansal
NareshGupta3,PradeepBansal
DeepakGupta,PradeepBansal
DebasishPattanayak,PradeepBansal
ishantsaikia,PradeepBansal
MeenaAkshay,PradeepBansal
SravanSamala,PradeepBansal
,PradeepBansal
ManikantaPrasanth,PradeepBansal
UrwashiKumari,PradeepBansal
IndelaSoumya,PradeepBansal
HoneyPrathyusha,PradeepBansal
ArjunChauhan2,PradeepBansal
romilsandal,PradeepBansal
ManishSharma,PradeepBansal
AshishRanjan,PradeepBansal
HarshitAggarwal,PradeepBansal
SaurabhBora,PradeepBansal
VaneetYadav,PradeepBansal
BhattacharyaGourab,PradeepBansal
FlorianKreitmair,PradeepBansal
AdutipalSingh,RajasriNanduri
MinalJain,RajasriNanduri
YennamRajesh,RajasriNanduri
SamirNoorani,RajasriNanduri
MadhuriBhavana,RajasriNanduri
AshokDibbada,RajasriNanduri
DivyaNandwana,RajasriNanduri
KarthikVarada,RajasriNanduri
SaxenaAmodhKant,RajasriNanduri
RishabhBardia,RajasriNanduri
RovinBhandari,RajasriNanduri
ArpitAgrawal10,RajasriNanduri
SameerAshraf,RajasriNanduri
GauravAgarwal4,RajasriNanduri
ItzNareshVenkat,RajasriNanduri
AswinSharmaChittamuru,RajasriNanduri
SharathKazipeta,RajasriNanduri
GaneshBhukya,RajasriNanduri
SnehLata,RajasriNanduri
PawanTeja,RajasriNanduri
RijumoniBoro,RajasriNanduri
NitishAlluri,RajasriNanduri
AshishSoni,RajasriNanduri
ArnitaSaini,RajasriNanduri
NatarajGullipalli,RajasriNanduri
RajeshRanjan,RajasriNanduri
ishantsaikia,RajasriNanduri
SravanSamala,RajasriNanduri
KumarSingh1,RajasriNanduri
Kumar,RajasriNanduri
ThirupathiNk,RajasriNanduri
PrafulChand,RajasriNanduri
TejusBg,RajasriNanduri
PallaviYellamelli,RajasriNanduri
BhuwanKashyap,RajasriNanduri
VenuGopalReddyChilakala,RajasriNanduri
IndelaSoumya,RajasriNanduri
HoneyPrathyusha,RajasriNanduri
PRASHANTHMAMIDI,RajasriNanduri
SampathKiran,RajasriNanduri
SaiSrikar,RajasriNanduri
romilsandal,RajasriNanduri
SajidSheikh,RajasriNanduri
NagaTere,RajasriNanduri
SejalSharma,RajasriNanduri
ShivanshuChauhan,RajasriNanduri
VineelaVinnu,RajasriNanduri
AlekyaEdara,RajasriNanduri
VijayLaxmi5,RajasriNanduri
SaitejaswiDasari,RajasriNanduri
ArunKumar398,RajasriNanduri
YaminiSatya,RajasriNanduri
HARSHABANDARU,RajasriNanduri
arsalanansari,RajasriNanduri
gauravverma,RajasriNanduri
RaviTandon,AbhishekJoshi
AdutipalSingh,AbhishekJoshi
AnkitaMandal,AbhishekJoshi
SamirNoorani,AbhishekJoshi
KhushiGupta,AbhishekJoshi
ChiragMaheshwari,AbhishekJoshi
SaiKrishna,AbhishekJoshi
ShrenikSurana,AbhishekJoshi
JaiswalV,AbhishekJoshi
PratyukshBansal,AbhishekJoshi
SiddharthaNambiar,AbhishekJoshi
GunthakantiShivaReddy,AbhishekJoshi
RajatKhanduja,AbhishekJoshi
alokmalakar,AbhishekJoshi
DharmendraPrajapati,AbhishekJoshi
RovinBhandari,AbhishekJoshi
VireshGehlawat,AbhishekJoshi
JayantGupta,AbhishekJoshi
ItzNareshVenkat,AbhishekJoshi
KanikGupta,AbhishekJoshi
RanjanGaurav,AbhishekJoshi
ApoorvKumar,AbhishekJoshi
HimanshuBansal,AbhishekJoshi
BhaskerSharma,AbhishekJoshi
PinupreddyYaswanth,AbhishekJoshi
RaghavGrover,AbhishekJoshi
AkhileshShah,AbhishekJoshi
arpitagarwal,AbhishekJoshi
MahakAcharya,AbhishekJoshi
DhruvDeeJay,AbhishekJoshi
SourabhPrajapati,AbhishekJoshi
NitishAlluri,AbhishekJoshi
SivaKumar471,AbhishekJoshi
PradeepBansal,AbhishekJoshi
AmolakChandel,AbhishekJoshi
RaviTeja,AbhishekJoshi
AkashBhatt,AbhishekJoshi
ShubhamGarg,AbhishekJoshi
SunilKumar,AbhishekJoshi
PrasadAditi,AbhishekJoshi
,AbhishekJoshi
Kumar,AbhishekJoshi
SaurabhBhandari,AbhishekJoshi
SandeepBaheshwar,AbhishekJoshi
NishantSolanki,AbhishekJoshi
ManishSharma,AbhishekJoshi
VineethThomas,AbhishekJoshi
HarshitAggarwal,AbhishekJoshi
AmritMishra3,AbhishekJoshi
SrivastavaMonika,AbhishekJoshi
BhargavaMourya,AbhishekJoshi
rajvardhan2,AbhishekJoshi
ChetanAnand,AbhishekJoshi
HortFloraResSpectrum,AnamikaUpadhaya
JacksonSubedi,AnamikaUpadhaya
RakeshSoud,AnamikaUpadhaya
KripaljyotiMazumdar,AnamikaUpadhaya
RakshakKumarAcharya,AnamikaUpadhaya
BCS,AnamikaUpadhaya
DibyenduAdhikari,AnamikaUpadhaya
NepolionBorah,AnamikaUpadhaya
DuwakiRangad,AnamikaUpadhaya
ABarbhuiya,AnamikaUpadhaya
StephenMahony,AnamikaUpadhaya
HeroTynsong,AnamikaUpadhaya
GoirickBrahmachari,AnamikaUpadhaya
AnjamBarbhuiya,AnamikaUpadhaya
GunjanaChaudhury,AnamikaUpadhaya
DharitriBorah,AnamikaUpadhaya
NitishAlluri,AnamikaUpadhaya
LucyNongbri,AnamikaUpadhaya
DavidBiate,AnamikaUpadhaya
SantoshSharma10,AnamikaUpadhaya
KalyanjitSarmahKS,AnamikaUpadhaya
DonboklangMarbaniang,AnamikaUpadhaya
TiewriLyngdoh,AnamikaUpadhaya
KabitaDas,AnamikaUpadhaya
MoumitaChoudhury,AnamikaUpadhaya
BikarmaSingh,AnamikaUpadhaya
EvanyllaKharLyngdoh,AnamikaUpadhaya
HormiMecadon,AnamikaUpadhaya
MirandaSohkhlet,AnamikaUpadhaya
SubarnaHajong,AnamikaUpadhaya
SolomonJeeva,AnamikaUpadhaya
elapasam,AnamikaUpadhaya
MarkLyngdoh,AnamikaUpadhaya
PhyllRymbaiRyngkhlem,AnamikaUpadhaya
BanriDohling,AnamikaUpadhaya
SudiptaDey,AnamikaUpadhaya
KaushikBhattacharjee,AnamikaUpadhaya
BobbyKc,AnamikaUpadhaya
LucyMaryJyrwa,AnamikaUpadhaya
IbaDhar,AnamikaUpadhaya
UblariShilla,AnamikaUpadhaya
Amenlalongchar,AnamikaUpadhaya
TapasiDas,AnamikaUpadhaya
AnupamSarmah,AnamikaUpadhaya
PriyankaKadam,AnamikaUpadhaya
HarishChander,AnamikaUpadhaya
YennamRajesh,GouthamPatley
ChayapathiSarath,GouthamPatley
SamirNoorani,GouthamPatley
SaiKrishna,GouthamPatley
AjaykumarKannan,GouthamPatley
DineshReddy38,GouthamPatley
SubhojeetKumar,GouthamPatley
SomanaSarath,GouthamPatley
SaranSrikanth,GouthamPatley
SriramBandaru,GouthamPatley
amitciitg,GouthamPatley
AbhishekMate,GouthamPatley
DineshReddy,GouthamPatley
NeerajVaid,GouthamPatley
vkumar,GouthamPatley
PoornimaKrothapalli,GouthamPatley
NitishAlluri,GouthamPatley
SuryaMannava,GouthamPatley
NarendraMandadi,GouthamPatley
PradeepChalavadi,GouthamPatley
NareshGupta3,GouthamPatley
DishantChechi,GouthamPatley
DebasishPattanayak,GouthamPatley
NayakMurali,GouthamPatley
hemanthyada,GouthamPatley
SravanSamala,GouthamPatley
TejaRamKotaprolu,GouthamPatley
MounicaJonnalagadda,GouthamPatley
ManikantaPrasanth,GouthamPatley
RohitGupta,GouthamPatley
NithinJoseNijool,GouthamPatley
SaiRam54,GouthamPatley
VenuGopal28,GouthamPatley
ChandraKanthReddy,GouthamPatley
VineethThomas,GouthamPatley
VarshaTeratipally,GouthamPatley
HariTejaTatavarti,GouthamPatley
AbrahamAyallore,GouthamPatley
ArunKumar398,GouthamPatley
DineshReddy17,GouthamPatley
TapatiBhanja,GouthamPatley
MahiVamsi,GouthamPatley
SamirNoorani,GouthamPatley
AngshuDasRoy,GouthamPatley
NiladriDas,GouthamPatley
SumitAgarwal25,RajuRam
AnkitKhemka,RajuRam
ChayapathiSarath,RajuRam
SamirNoorani,RajuRam
ChiragMaheshwari,RajuRam
SDawar,RajuRam
ParanjaySrivastava,RajuRam
RishabhBardia,RajuRam
deveshahuja,RajuRam
AmanGupta,RajuRam
HarshitAgrawal,RajuRam
alokmalakar,RajuRam
PallaviMukherjee1,RajuRam
JayantGupta,RajuRam
VivekKumar,RajuRam
AAgrawal,RajuRam
AnchitGupta,RajuRam
KhushbooGarg,RajuRam
SinghAnurag,RajuRam
BrajeshRawat,RajuRam
ChakshuSharma1,RajuRam
arpitagarwal,RajuRam
SunilDewna,RajuRam
AnantRaj,RajuRam
PrabhatKumar,RajuRam
NitishAlluri,RajuRam
ShaileshVedula,RajuRam
SumitBharti,RajuRam
KiranNihlani,RajuRam
SaurabhPathak,RajuRam
RonnieChhibber,RajuRam
Kumar,RajuRam
KajolNigam,RajuRam
VimalKumar28,RajuRam
HanitBansal,RajuRam
UjjwalShailabh,RajuRam
romilsandal,RajuRam
RiteshKumar20,RajuRam
RLChoudhary,RajuRam
MahendraBajya,RajuRam
NarendraKumar26,RajuRam
UrmilaChoudhary,RajuRam
ChoudharyHemant,RajuRam
ParamitaHaldar,AshutoshVerma
RamnikBansal,AshutoshVerma
PrashantSachan,AshutoshVerma
vinaypratapsingh,AshutoshVerma
AvaniVerma,AshutoshVerma
AmanGupta,AshutoshVerma
GunjanArora8,AshutoshVerma
AnupamaAggarwal,AshutoshVerma
anuragkureel,AshutoshVerma
ManzarArshadSiddiqui,AshutoshVerma
NitishAlluri,AshutoshVerma
VermaRupesh,AshutoshVerma
GajendraGaurav,AshutoshVerma
PiyushMishra1,AshutoshVerma
JayantGupta,AshutoshVerma
SatishKanhed,AshutoshVerma
PrashantSingh145,AshutoshVerma
MauryaSatya,AshutoshVerma
SAHILBHALEKAR,AshutoshVerma
AnkurBajpai,AshutoshVerma
RashiAgarwal,AshutoshVerma
SabyasachiRoy,AshutoshVerma
AditiGupta8,AshutoshVerma
mukeshyadav,AshutoshVerma
RishabhSarswat,AshutoshVerma
ArjeetAgarwal,AshutoshVerma
HandaAnand,AshutoshVerma
RajivSinha8,AshutoshVerma
AmiySrivastava,AshutoshVerma
PranavaChaudhari,AshutoshVerma
ajayshankarshukla,AshutoshVerma
MalayJaiswal,AshutoshVerma
KaifiJindal,AshutoshVerma
AfaqAhmed3,AshutoshVerma
rohitverma,AshutoshVerma
GautamPrashant,AshutoshVerma
guptaadarsh,AshutoshVerma
ShikhaBajpai,AshutoshVerma
DevendraChaudhary,AshutoshVerma
MehulPatel6,AshutoshVerma
RajivShekhar,AshutoshVerma
VishakBharadwaj,TejaRamKotaprolu
ChayapathiSarath,TejaRamKotaprolu
SudheerVazrapu,TejaRamKotaprolu
AshokDibbada,TejaRamKotaprolu
drreddy,TejaRamKotaprolu
SaiKrishna,TejaRamKotaprolu
PratyukshBansal,TejaRamKotaprolu
PrateekJain,TejaRamKotaprolu
SrinivasNuti,TejaRamKotaprolu
vjammula,TejaRamKotaprolu
GunthakantiShivaReddy,TejaRamKotaprolu
PratikRaj,TejaRamKotaprolu
deviddas,TejaRamKotaprolu
VamsiKrishna,TejaRamKotaprolu
ManojBobba,TejaRamKotaprolu
ArkaBhakta,TejaRamKotaprolu
MedaTeja,TejaRamKotaprolu
SameerAshraf,TejaRamKotaprolu
SaranSrikanth,TejaRamKotaprolu
SriramBandaru,TejaRamKotaprolu
ItzNareshVenkat,TejaRamKotaprolu
SaiSrivatsavaVemu,TejaRamKotaprolu
SaketTiwari,TejaRamKotaprolu
RijumoniBoro,TejaRamKotaprolu
NitishAlluri,TejaRamKotaprolu
AkhilSoma,TejaRamKotaprolu
EshwarChandraGupta,TejaRamKotaprolu
SridharJarupala,TejaRamKotaprolu
GouthamPatley,TejaRamKotaprolu
RamyaKolli,TejaRamKotaprolu
SivaprudhviManepalli,TejaRamKotaprolu
ThirupathiNk,TejaRamKotaprolu
MaheshDangi,TejaRamKotaprolu
NuthalapatiSriharsha,TejaRamKotaprolu
NagendraReddyVennapusa,TejaRamKotaprolu
SaiAdarsh,TejaRamKotaprolu
kosnamakshayreddy,TejaRamKotaprolu
AbhishekGupta59,TejaRamKotaprolu
SagarRaghavendra,TejaRamKotaprolu
ramyacheemalamudi,TejaRamKotaprolu
RavitejaVaddi,TejaRamKotaprolu
AdutipalSingh,AvinashUttav
SaiKrishna,AvinashUttav
JaiswalV,AvinashUttav
PratyukshBansal,AvinashUttav
NikhilSharma,AvinashUttav
AniketUdepurkar,AvinashUttav
DharmendraPrajapati,AvinashUttav
MaheshGupta1,AvinashUttav
JayantGupta,AvinashUttav
ItzNareshVenkat,AvinashUttav
AbhayGupta,AvinashUttav
RatholuMao,AvinashUttav
HimanshuBhandari,AvinashUttav
HimanshuBansal,AvinashUttav
RaghuramKrishnaswami,AvinashUttav
GargJalaj,AvinashUttav
BhaskerSharma,AvinashUttav
AshutoshPandey2,AvinashUttav
GaneshVishnu,AvinashUttav
VineetKumar,AvinashUttav
RaghavGrover,AvinashUttav
NitishAlluri,AvinashUttav
AadeshMeena,AvinashUttav
HemRajMeena1,AvinashUttav
DivyeshSoni,AvinashUttav
,AvinashUttav
SourabhSinha,AvinashUttav
AdarshSharma,AvinashUttav
AbhijeetAnand,AvinashUttav
PraritJoshi,AvinashUttav
RiteshKumar20,AvinashUttav
MohnishKumarSinha,AvinashUttav
SiripurapuBhargav,AvinashUttav
AnubhavSharma9,AvinashUttav
AbhishekSharma34,AvinashUttav
KalwaniGhanshyam,AvinashUttav
JonasSur,AvinashUttav
RamnikBansal,ShilpaSharma
SumitAgarwal25,ShilpaSharma
KeyurSorathia,ShilpaSharma
HanumanthuPurushotham,ShilpaSharma
SDawar,ShilpaSharma
MrinalGautam,ShilpaSharma
SupriyoBasak,ShilpaSharma
MoupiyaUkil,ShilpaSharma
GargKalpana,ShilpaSharma
RaviPrakash60,ShilpaSharma
RamakrishnanNarayanan,ShilpaSharma
PerumallaRamulu,ShilpaSharma
KaushalJain,ShilpaSharma
BasuDeb,ShilpaSharma
MansiKoul,ShilpaSharma
NitishAlluri,ShilpaSharma
SumanaHatui,ShilpaSharma
ChumkiChakraborty,ShilpaSharma
harikrishnasahu,ShilpaSharma
RPathak,ShilpaSharma
SaiSantoshGollapudi,ShilpaSharma
MayuriBaruah,ShilpaSharma
,ShilpaSharma
UjjwalDahiya,ShilpaSharma
JashminiDeka,ShilpaSharma
BeraChandan,ShilpaSharma
KavishaRaina,ShilpaSharma
,ShilpaSharma
AloysiusDecrypted,ShilpaSharma
SavantThatai,ShilpaSharma
suhanikotwal,ShilpaSharma
RituparnaSubrat,ShilpaSharma
SanjayPerkar,ShilpaSharma
RahulBhadouria,ShilpaSharma
BhanuPrakash70,ShilpaSharma
AkhileshKhajuria,ShilpaSharma
renukkayaadav,ShilpaSharma
VaibhavJain,TejusBg
AdutipalSingh,TejusBg
AnkitKhemka,TejusBg
AKannamwar,TejusBg
RahulNaryani,TejusBg
KaushikIska,TejusBg
SamirNoorani,TejusBg
AnkitMandil,TejusBg
ShrenikSurana,TejusBg
PratyukshBansal,TejusBg
PrateekJain,TejusBg
Ashwanikumar,TejusBg
alokmalakar,TejusBg
DharmendraPrajapati,TejusBg
RohitDharavath,TejusBg
SaranSrikanth,TejusBg
SriramBandaru,TejusBg
VinayPrajapati,TejusBg
GAURAVMAMTANI,TejusBg
DineshkumarKolimi,TejusBg
TejasRode,TejusBg
NitishAlluri,TejusBg
RajasriNanduri,TejusBg
PanidepuAditya,TejusBg
DharaniKumar,TejusBg
AttiMahesh,TejusBg
SunilKumar,TejusBg
EshwarSai,TejusBg
UdayThumulati,TejusBg
DineshKumarReddy,TejusBg
RonnieChhibber,TejusBg
SayanDutta,TejusBg
AnamikaRane,TejusBg
KumarAnil,TejusBg
MaxwellAbhishek,TejusBg
AdutipalSingh,romilsandal
SaiKrishna,romilsandal
AshwiniKhare,romilsandal
RudraPratapSingh,romilsandal
SriramBandaru,romilsandal
arpitagarwal,romilsandal
RijumoniBoro,romilsandal
KunalAgarwal7,romilsandal
TulikaTiwari,romilsandal
shashanksaxena,romilsandal
NitishAlluri,romilsandal
PradeepBansal,romilsandal
RajasriNanduri,romilsandal
TusharGarg,romilsandal
NareshGupta3,romilsandal
RajeshRanjan,romilsandal
RajuRam,romilsandal
SravanSamala,romilsandal
ShrikantPandey,romilsandal
Kumar,romilsandal
akhileshpandey,romilsandal
MaheshDangi,romilsandal
AkashJaiswal,romilsandal
VimalKumar28,romilsandal
UjjwalShailabh,romilsandal
RiteshKumar20,romilsandal
ShomitGoyal,romilsandal
DeEktaDeEkta,romilsandal
NitinVijay,romilsandal
VinodKala,romilsandal
ChayapathiSarath,ArunKumar398
BandeepRabha,ArunKumar398
alokmalakar,ArunKumar398
SaranSrikanth,ArunKumar398
VenkataKurakula,ArunKumar398
RajibDas5,ArunKumar398
RijumoniBoro,ArunKumar398
NitishAlluri,ArunKumar398
RajasriNanduri,ArunKumar398
NarendraMandadi,ArunKumar398
TusharGarg,ArunKumar398
MunagalaGiridhar,ArunKumar398
SridharJarupala,ArunKumar398
GouthamPatley,ArunKumar398
NayakMurali,ArunKumar398
ShalviRaj,ArunKumar398
ThirupathiNk,ArunKumar398
VenuGopal28,ArunKumar398
NKumar,ArunKumar398
RuckyAnilRathod,ArunKumar398
RaghavendraPandrapragada,NihalReddy
NitishAlluri,NihalReddy
HarshaReddy8,NihalReddy
KranthiNivedan,NihalReddy
ShritiNaraparaju,NihalReddy
SharathVadlamannati,NihalReddy
PravallikaThappeta,NihalReddy
VarunPishati,NihalReddy
GPVajrang,NihalReddy
PremT,NihalReddy
MallikarjunReddyNallavelli,NihalReddy
SiddarthModi,NihalReddy
VijayVanam,NihalReddy
SidharthChitlangia,VenkatMamidi
NitishAlluri,VenkatMamidi
PawanMulukutla,VenkatMamidi
CatharineChristof,VenkatMamidi
PrithviRaj,VenkatMamidi
VijayBansal,VenkatMamidi
BipinMadathiveetil,VenkatMamidi
KrishnaChaitanya5,VenkatMamidi
BhaskarVempati,VenkatMamidi
BennyMoses,MubashrQuadri
TarunReddy,MubashrQuadri
NitishAlluri,MubashrQuadri
SrinaagSamudrala,MubashrQuadri
AnudeepReddy,MubashrQuadri
KrishnaChaitanya106,MubashrQuadri
GuptaGoud,MubashrQuadri
NabeelAhmed,MubashrQuadri
SudhirAkojwar,CVaidya
NitishAlluri,CVaidya
RahulMohre,CVaidya
yatinpimple,CVaidya
DevendraKumar11,CVaidya
SaiPhani,NikunjAgarwalla
JaydevKalivarapu,NikunjAgarwalla
KalpeshMourya,NikunjAgarwalla
OswaldoLairet,NikunjAgarwalla
FedericoDelGiorgioSolfa,IjscJournal
HECTORADRIANGUERRERO,IjscJournal
SofianYahya,IjscJournal
JuanFelipeMartinezFlorez,IjscJournal
DrShamenaz,IjscJournal
Networkscommunication,IjscJournal
RashidAzizFaridi,IjscJournal
AnwarMirza,IjscJournal
WirelessMobileNetworks,IjscJournal
IjseaJournal,IjscJournal
RatanSarkar,IjscJournal
AnikCsbfalvi,IjscJournal
AmalHassan,IjscJournal
NaturalLanguageProcessing,IjscJournal
IjngnJournal,IjscJournal
InternationalJournalonIntegratingTechnologyinEducationIJITEISSN23201886Online23203935Print,IjscJournal
ComputerScienceInformationTechnologyCSIT,IjscJournal
InternationalJournalofChaosControlModellingandSimulationIJCCMSISSN23195398Online23198990Print,IjscJournal
YaoZiggah,IjscJournal
CaijJournal,IjscJournal
SabriErdem,IjscJournal
ErkamGURESEN,IjscJournal
IjbbJournal,IjscJournal
journalijwest,IjscJournal
DrPOONAMKUMARSHARMA,IjscJournal
CikNoorzain,IjscJournal
DejanGjorgjevikj,IjscJournal
GuyNONOLOUENKAM,IjscJournal
LataDubey,IjscJournal
IjassnJournal,IjscJournal
IjcseitJournal,IjscJournal
IjaiaJournal,IjscJournal
VJournal,IjscJournal
UfukTren,IjscJournal
VaromyalinTipmanee,IjscJournal
erikabiddle,IjscJournal
HiijJournal,IjscJournal
ShivputraKanade,IjscJournal
journal,IjscJournal
IjnsaJournals,IjscJournal
IjdmsAircc,IjscJournal
PeertopeerJournal,IjscJournal
KruttikaBhat,IjscJournal
IjcsitceJournal,IjscJournal
IjmnctJournal,IjscJournal
IJCAxJournal,IjscJournal
BagusAtmaja1,IjscJournal
najmi,IjscJournal
AciiJournal,IjscJournal
IjistJournal,IjscJournal
IjmitjournalJournal,IjscJournal
MeijJournal,IjscJournal
IjansJournal,IjscJournal
IJDPSJournal,IjscJournal
SaradinduBera,IjscJournal
LaurodePaula,IjscJournal
AchmadZulkarnain8,IjscJournal
RajSingh,IjscJournal
JavierBotia,IjscJournal
FarhadSoleimanian,IjscJournal
DeepitPurkayastha,AKannamwar
mathiiit,AKannamwar
PrayagBiswal,AKannamwar
GauravBansal,AKannamwar
MruthyunjayaRaoPadamata,AKannamwar
gauravdahake,AKannamwar
AnimeshChoudhary,AKannamwar
AyushUpadhyay,AKannamwar
AchillesSaxby,AKannamwar
AurkoChatterjee,AKannamwar
UmeshU,AKannamwar
ArnavKumar,AKannamwar
RakeshSarangi,AKannamwar
SiddharthBala,AKannamwar
GauravRathi,AKannamwar
NIPUNKHEMKA,AKannamwar
SahilJalan,AKannamwar
AyushGoel,AKannamwar
AnandAbhishek2,AKannamwar
SayantanSarkar,AKannamwar
NilayBang,AKannamwar
AbhishekChandwani,AKannamwar
ThulasiJNambiar,AKannamwar
ArushiPratap,AKannamwar
SouradeepPaul,AKannamwar
KaustubhKashyap,AKannamwar
NeeleshShekhar,AKannamwar
NikhilKhaitan,AKannamwar
AashayArora,AKannamwar
ASingla,AKannamwar
RounakGulati,AKannamwar
VisheshSaxena,AKannamwar
ArjunWadhawan,AKannamwar
AarshPande,AKannamwar
ChilukapavanKumar,AKannamwar
KrishnanUnni,AKannamwar
MohitChaukikar,AKannamwar
DSharma,AKannamwar
PratikSahoo,AKannamwar
SonuSharma,AKannamwar
UjjwalRaghuvanshi,AKannamwar
SmarakSikdar,AKannamwar
AnishShenoy,AKannamwar
ArunTankha,AKannamwar
PraneelJain,AKannamwar
SreeSudha1,AKannamwar
MeghanaReddy,AKannamwar
KhushbooYadav,AKannamwar
BShree,AKannamwar
CGarg,AKannamwar
venugopalnaik,AKannamwar
RiteshSaraogi,AKannamwar
MrugankBhatt,AKannamwar
BismayaSahoo,AKannamwar
RavikiranMaddali,AKannamwar
RoopamAttree,AKannamwar
srivatsakandukuri,AKannamwar
VivekKumar30,AKannamwar
AGNikhil,AKannamwar
AadityaSalgarkar,AKannamwar
SunnyMohanty,RamPrateek
AKannamwar,RamPrateek
DevrajJee,RamPrateek
DeepakBharadwaz,RamPrateek
SahooAmarendra,RamPrateek
NikharPatel,RamPrateek
MakhesBehera,RamPrateek
gjkchaitanya,RamPrateek
PratikPatra1,RamPrateek
RohanPatra,RamPrateek
MeghaKar,RamPrateek
KadarlaKumar,RamPrateek
RakeshKumarY,RamPrateek
SmaranikaNath,RamPrateek
AnkitaSarangi,RamPrateek
SujashaGupta,RamPrateek
AmritAnshuman,RamPrateek
SiddharthManu,RamPrateek
GopiKrishna,RamPrateek
AnuragSahaRoy,RamPrateek
ShaswatRungta,RamPrateek
SampatDas,RamPrateek
TejavathRameshNaik,RamPrateek
AnanthNagVarre,RamPrateek
SiddhardhaTagirisa,RamPrateek
RohitDharavath,RamPrateek
JucyRay,RamPrateek
jasmeetbhatia,RamPrateek
SumitSingh11,RamPrateek
SarbajeetJena,RamPrateek
ManmathNarayanSahoo,RamPrateek
SauravBetala,RamPrateek
IqbalBaig,RamPrateek
PalashLodalliwar,RamPrateek
PrakashSarangi,RamPrateek
PuneetSahoo,RamPrateek
ChoudhuryM,RamPrateek
TharunNatva,RamPrateek
DivyaPrafulla,RamPrateek
SudheerKumarKaspa,RamPrateek
PallavNayak,RamPrateek
VikasRamagiri,RamPrateek
RahulPandey,RamPrateek
KattaReddy,RamPrateek
DhruvDeeJay,RamPrateek
ChandraprakashSahoo,RamPrateek
RahulKumar324,RamPrateek
SubhasishParamanik,RamPrateek
DYogendraRao,RamPrateek
DebabrataThatoi,RamPrateek
AchintaRoy,RamPrateek
KsAditya,RamPrateek
SambeetBakshee,RamPrateek
AdityaBothra,RamPrateek
AbhishekChauhan37,RamPrateek
ToshaliMohanty,RamPrateek
BaradaPrasannaAcharya,RamPrateek
RahulNag1,RamPrateek
ManoranjanMinz,RamPrateek
RajeshMahapatra,RamPrateek
RaviTejaPalla,RohitDharavath
radhakrishnaabhishek,RohitDharavath
RamPrateek,RohitDharavath
RahulRevu,RohitDharavath
rekhalokula,RohitDharavath
AravindNagulu,RohitDharavath
AkarshVarma,RohitDharavath
PrasannaProne,RohitDharavath
ArjunBhagoji,RohitDharavath
RajorsheMistry,RohitDharavath
PalashLodalliwar,RohitDharavath
SathwikAkula,RohitDharavath
HariBukkePrasad,RohitDharavath
YernaiduReddy,RohitDharavath
muralinaik,RohitDharavath
KsAditya,RohitDharavath
Vamshiballikonda,RohitDharavath
BharathKumarBanoth,RohitDharavath
BharathGundala,RohitDharavath
VeerababuChowhan,RohitDharavath
Saisnehajuturu,RohitDharavath
RakeshGuguloth,RohitDharavath
SambashivaReddy,RohitDharavath
NarendraMandadi,RohitDharavath
DileepKumar,RohitDharavath
DharaniKumar,RohitDharavath
SChidarala,RohitDharavath
saiprakash,RohitDharavath
RamyaSree,RohitDharavath
JagadeeshMaroju,RohitDharavath
VishalTVijay,RohitDharavath
DattatreyaMajumdar,RohitDharavath
SaiKrishnaT,RohitDharavath
SandeepDevarakonda,RohitDharavath
lnarayanan,RohitDharavath
NithishSirangi,RohitDharavath
Krishna,RohitDharavath
NareshB,RohitDharavath
MaheshGadmur,RohitDharavath
GicDaniel,RohitDharavath
KRaghuRam,RohitDharavath
DineshKumarReddy,RohitDharavath
KMuraliKrishna,RohitDharavath
SasidharKasi,RohitDharavath
KranthiAileni,RohitDharavath
VivekPatheparapu,RohitDharavath
VishruthCool,RohitDharavath
ChandrahasKolla,RohitDharavath
VJRathod,RohitDharavath
VijayS,RohitDharavath
TharunReddy1,RohitDharavath
SureshGugulothu,RohitDharavath
GouthamiBanoth,RohitDharavath
TejusBg,RohitDharavath
ShikharSuryavansh,RohitDharavath
SSuryaTejaS,RohitDharavath
SanthoshAs,RohitDharavath
BhavyaSambana,RohitDharavath
rajeswarijupalli,RohitDharavath
RaviTeja,RohitDharavath
RanjanMP,IJFLSJournal
MariaAlejandraTejadaGmez,IJFLSJournal
JudithGreen,IJFLSJournal
AMaeir,IJFLSJournal
DavidEitam,IJFLSJournal
PierLuigiCapucci,IJFLSJournal
NistalaVESMurthy,IJFLSJournal
LarissaBonfante,IJFLSJournal
LiduinoPitombeira,IJFLSJournal
AnwarMirza,IJFLSJournal
PEFSCEA,IJFLSJournal
JosPessanha,IJFLSJournal
RavindraMudholkar,IJFLSJournal
DrPOONAMKUMARSHARMA,IJFLSJournal
JuanPabloMilanese,IJFLSJournal
SajidAnwar,IJFLSJournal
JavierBotia,IJFLSJournal
DineshBisht,IJFLSJournal
AntonioMorim,IJFLSJournal
JawwadShamsi,IJFLSJournal
AndrewEdmonds,IJFLSJournal
InternationalJournalofAdvancesinMaterialsScienceandEngineeringIJAMSE,IJFLSJournal
OlegVorobyev,IJFLSJournal
NiculaeMIHAITA,IJFLSJournal
AndrewKing,IJFLSJournal
ASilvaFarias,IJFLSJournal
marashdeh,IJFLSJournal
SudharsanVinoth,IJFLSJournal
JulioHernandez,IJFLSJournal
MauroDellOrco,IJFLSJournal
timurbeyan,IJFLSJournal
SenthilKumar,IJFLSJournal
JorgeGuevaraDaz,IJFLSJournal
MScLecturerSarmadAAltaie,IJFLSJournal
RachidOuache,IJFLSJournal
journalijics,IJFLSJournal
OkechukwuOkpara,IJFLSJournal
MarioMarinelli,IJFLSJournal
putyandini,IJFLSJournal
MadhumangalPal,IJFLSJournal
isamaleki,IJFLSJournal
GabrielOltean,IJFLSJournal
TapanSenapati,IJFLSJournal
wajeedMA,IJFLSJournal
RaeKimbrell,IJFLSJournal
OlcayUrunleri,IJFLSJournal
SnehalataPatil1,IJFLSJournal
TAdilakshmi,IJFLSJournal
YusifAbilov,IJFLSJournal
UttamRoy4,IJFLSJournal
SalimRezvani,IJFLSJournal
OsMona,IJFLSJournal
shakerAli3,IJFLSJournal
nm176,IJFLSJournal
GolamRaju,IJFLSJournal
qasemabdollahnezhad,IJFLSJournal
musthafaosd,IJFLSJournal
MirandaDeWilde,IJFLSJournal
atridanesh,IJFLSJournal
Mallikajayakumar,IJFLSJournal
KarthikNatarajan,muralinaik
SaitejaJakkula,muralinaik
HimaTeja,muralinaik
AshaChigurupati,muralinaik
RohitDharavath,muralinaik
SandeepKumar24,muralinaik
ChandrashekharSirimala,muralinaik
mightymanoah,muralinaik
SreekanthDama,muralinaik
VijaynathBhagwan,muralinaik
MalemAngom,muralinaik
Vamshiballikonda,muralinaik
KsAditya,muralinaik
BharathKumarBanoth,muralinaik
SurendraBabu2,muralinaik
ChiranjeeviKakarla,muralinaik
AChinta,muralinaik
PathlavathRajashekhar,muralinaik
NavyaTejM,muralinaik
SaiLavakumarM,muralinaik
SantoshKumar200,muralinaik
YasaswiAkkiraju,muralinaik
RohithMittapalli,muralinaik
SreeKalyanPeruri,muralinaik
MuttareddyDurgaPrasad,muralinaik
AaseeshPreetam,muralinaik
PadarthiVenkateswarlu,muralinaik
RajkumarMutluri,muralinaik
KishoreReddy,muralinaik
VJRathod,muralinaik
AvinashAbhishek,muralinaik
Manojkumar,muralinaik
RaghuRaghavendra,muralinaik
VimalManohar,muralinaik
RaviKiran35,muralinaik
ThirupathiReddy3,muralinaik
RaviTeja,muralinaik
AnishChowdaryKankanala,muralinaik
GoutamRajiv,muralinaik
prashanthbollam,muralinaik
MahendranathReddy,muralinaik
HarshaVardhanBabu,muralinaik
VamsiReddy,muralinaik
TejaTJ,muralinaik
NagendraKallaji,muralinaik
vamshikrishna25,muralinaik
PaulPraveen2,muralinaik
ChaitanyaSatkuri,muralinaik
KomminiAdithya,muralinaik
SunilKumar717,muralinaik
DileepChakravarthy,muralinaik
ChetanB,muralinaik
DineshReddy19,muralinaik
SaiGeethaReddy,muralinaik
YashWanth,muralinaik
VarunNeelaboina,muralinaik
KaushikBasakChowdhury,muralinaik
AKannamwar,DharaniKumar
AshishKulkarni9,DharaniKumar
RajendraKumarkalla,DharaniKumar
VikramRathore,DharaniKumar
RamPrateek,DharaniKumar
rekhalokula,DharaniKumar
BabjiThothadi,DharaniKumar
AmithLakkakula,DharaniKumar
RohitDharavath,DharaniKumar
KPraneethReddy,DharaniKumar
KanikGupta,DharaniKumar
AAgrawal,DharaniKumar
UdayBhardwaj,DharaniKumar
PolubothuSantoshkumar,DharaniKumar
PalashLodalliwar,DharaniKumar
AshutoshSingh,DharaniKumar
PradyumnaPaliwal,DharaniKumar
AbhinavJain1,DharaniKumar
AravindBachu,DharaniKumar
KsAditya,DharaniKumar
BharathKumarBanoth,DharaniKumar
ReenathReddy,DharaniKumar
GangasaniNiharikaReddy,DharaniKumar
AshutoshSingh99,DharaniKumar
DereddyUmareddy,DharaniKumar
BhargavTangirala,DharaniKumar
ManeelaKurapati,DharaniKumar
PrashanthMateti,DharaniKumar
DineshKumarReddy,DharaniKumar
AnanthKishore,DharaniKumar
PriyatamBolisetty,DharaniKumar
RavindraPalavalliNettimi,DharaniKumar
VishruthCool,DharaniKumar
SharmaYatin,DharaniKumar
SharmaAnanth,DharaniKumar
TharunKumar4,DharaniKumar
TejusBg,DharaniKumar
PrashanthGurram,DharaniKumar
BhuwanKashyap,DharaniKumar
ManojVeldandi,DharaniKumar
VenkatGudiwada,DharaniKumar
VamshiDoneparthi,DharaniKumar
JainabBano,DharaniKumar
DeveshPradhan,DharaniKumar
ApoorvaMuthineni,DharaniKumar
AmanRawat,DharaniKumar
SivaKrishnaChowdaryPalaparthi,DharaniKumar
VenkatRamana6,DharaniKumar
SandeepGudapati,DharaniKumar
PramodsaiThatii,DharaniKumar
VipinGadewar,DharaniKumar
RamakanthPutta,DharaniKumar
AKannamwar,DineshKumarReddy
RamPrateek,DineshKumarReddy
RohitDharavath,DineshKumarReddy
AhmedIbrahimTaloba,DineshKumarReddy
SiddardhaNelapudi,DineshKumarReddy
DineshkumarKolimi,DineshKumarReddy
KsAditya,DineshKumarReddy
BAdityaReddy,DineshKumarReddy
DharaniKumar,DineshKumarReddy
NagaHitesh,DineshKumarReddy
RaviSharan,DineshKumarReddy
VamsiKrishnaPotluri,DineshKumarReddy
SukumarMacherla,DineshKumarReddy
SandhyaAparna,DineshKumarReddy
SantoshReddy4,DineshKumarReddy
TejusBg,DineshKumarReddy
ManeeshReddy,DineshKumarReddy
lR,DineshKumarReddy
ManeeshRamanadham,DineshKumarReddy
gsdino,DineshKumarReddy
SravanthiVanguru,DineshKumarReddy
NaademDivya,DineshKumarReddy
MadhaviReddy,DineshKumarReddy
NeerajKrishna,DineshKumarReddy
BharathKothuru,DineshKumarReddy
deepikasai,DineshKumarReddy
BharathChandra8,DineshKumarReddy
TsShankar,DineshKumarReddy
BharathKumar44,DineshKumarReddy
KumarAnil,DineshKumarReddy
AkhilReddy1,DineshKumarReddy
VishwadaReddy,DineshKumarReddy
ManasGalipalli,DineshKumarReddy
KailashNath,DineshKumarReddy
VasudhaAdula,DineshKumarReddy
SanthuKalakonda,DineshKumarReddy
SunilBolishetti,DineshKumarReddy
SravaniEnnamuri,DineshKumarReddy
AmulyaBoorgadda,DineshKumarReddy
DivyatejaKovoori,DineshKumarReddy
NikhilManganpally,DineshKumarReddy
RamPrateek,VamshiDoneparthi
RohitDharavath,VamshiDoneparthi
PalashLodalliwar,VamshiDoneparthi
KsAditya,VamshiDoneparthi
DharaniKumar,VamshiDoneparthi
JagadeeshMaroju,VamshiDoneparthi
AnudeepReddy,VamshiDoneparthi
KranthiAileni,VamshiDoneparthi
VEERAHEMANNTHNAGBEZGAM,VamshiDoneparthi
ReddyManeesh,VamshiDoneparthi
RaghuramSharma,VamshiDoneparthi
SuhalVemu,VamshiDoneparthi
SheetalKumar14,VamshiDoneparthi
PavanReddy40,VamshiDoneparthi
NikhilShaganti,VamshiDoneparthi
VinodGandhamalla,VamshiDoneparthi
bhavanareddy,VamshiDoneparthi
PeramPeddireddy,VamshiDoneparthi
PramodsaiThatii,VamshiDoneparthi
ChanakyaTallapally,VamshiDoneparthi
SaiRoopa,VamshiDoneparthi
VamsidharPapireddy,VamshiDoneparthi
RakeshDammalapati,VamshiDoneparthi
HarithaThammineni,VamshiDoneparthi
DeepthiReddy3,VamshiDoneparthi
VootkuriRajashekarReddy,VamshiDoneparthi
CharanChalasani,VamshiDoneparthi
VipinGadewar,VamshiDoneparthi
PrasannaAddandi,VamshiDoneparthi
JeevanaSurya,VamshiDoneparthi
OmprakashMusapeta,VamshiDoneparthi
SuryaPabbisetty,PavanKumarReddyMalgari
MritunjaySrivastava,PavanKumarReddyMalgari
PrudhviReddy3,PavanKumarReddyMalgari
VikramsimhareddyKallam,PavanKumarReddyMalgari
VenkataSriramaKrishnaTejaKonduri,PavanKumarReddyMalgari
AmanGupta,PavanKumarReddyMalgari
SoumyaGanguly,PavanKumarReddyMalgari
KsAditya,PavanKumarReddyMalgari
AshokNaren,PavanKumarReddyMalgari
NaveenReddyYedla,PavanKumarReddyMalgari
PradeepChaitanyaTirumalasetti,PavanKumarReddyMalgari
SanjayKumar405,PavanKumarReddyMalgari
VamshiTarun,PavanKumarReddyMalgari
SatyaKarthik,PavanKumarReddyMalgari
SaiVarun1,PavanKumarReddyMalgari
SrihariChowdaryMarothu,PavanKumarReddyMalgari
AdityaAnnangi,PavanKumarReddyMalgari
AsupTod,PavanKumarReddyMalgari
SaiRapol,PavanKumarReddyMalgari
KartheekChebrolu,PavanKumarReddyMalgari
SaiKumar,PavanKumarReddyMalgari
SivaKumar326,PavanKumarReddyMalgari
nikhileshreddy2,PavanKumarReddyMalgari
SamaDivya,PavanKumarReddyMalgari
sohailyunus,PavanKumarReddyMalgari
AKannamwar,KumarAnil
RohitDharavath,KumarAnil
KsAditya,KumarAnil
BharathKumarBanoth,KumarAnil
AdityaMohan,KumarAnil
DineshKumarReddy,KumarAnil
VishruthCool,KumarAnil
nagadamudisrihari,KumarAnil
VinayKorukonda,KumarAnil
TejusBg,KumarAnil
gsdino,KumarAnil
ManikantaOPositive,KumarAnil
TejaswiPenmethsa,KumarAnil
SriSuryaChowdary,KumarAnil
PrasadDavid,KumarAnil
RaghuMunukutla,KumarAnil
SuryaTeja1,KumarAnil
NanduriSwathiKiran,KumarAnil
bpshiitk,ManasGalipalli
AKannamwar,ManasGalipalli
HamsiniSuresh,ManasGalipalli
RohitDharavath,ManasGalipalli
SiddharthVodnala,ManasGalipalli
PrasannaProne,ManasGalipalli
DineshkumarKolimi,ManasGalipalli
KsAditya,ManasGalipalli
ShaileshVedula,ManasGalipalli
PranayKumar,ManasGalipalli
ManojGuduguntlaG,ManasGalipalli
SriParimal,ManasGalipalli
VamsiKrishnaPotluri,ManasGalipalli
DineshKumarReddy,ManasGalipalli
SamanthReddy,ManasGalipalli
SudeepKothapalli,ManasGalipalli
AKannamwar,VipinGadewar
RamPrateek,VipinGadewar
IqbalBaig,VipinGadewar
PalashLodalliwar,VipinGadewar
KsAditya,VipinGadewar
DharaniKumar,VipinGadewar
SaiKrishnaMovva,VipinGadewar
JagadeeshMaroju,VipinGadewar
SwapnilSisle,VipinGadewar
KranthiAileni,VipinGadewar
VamshiDoneparthi,VipinGadewar
SuhalVemu,VipinGadewar
RBadam,VipinGadewar
PramodsaiThatii,VipinGadewar
KsAditya,RejisDevasia
KrishnaKalita,RejisDevasia
PerumallaPradeepKumar,RejisDevasia
SrujanaPerikala,RejisDevasia
KsAditya,AasishGade
DeekshithReddy,AasishGade
SravanthiVanguru,AasishGade
AarushPatnam,AasishGade
PattiSrinathReddy,AasishGade
AzeemAbdul1,SidduSiddarth
Iuga,SidduSiddarth
SuryaBalusu,SidduSiddarth
SeshuCh,SidduSiddarth
NitinSingh1,SidduSiddarth
VamosVamshiVercittiKrishna,SidduSiddarth
LataChavan,SidduSiddarth
AbhilashKukkadapu,SidduSiddarth
TarunRaghu,SidduSiddarth
AhsanKhalid1,SidduSiddarth
SudeepHampiholi,SidduSiddarth
AKANDEMAYOWA,SidduSiddarth
ArChitDaTta,SidduSiddarth
JettinJoy,SidduSiddarth
PramodKumar166,SidduSiddarth
ShyamKumar4,SidduSiddarth
SailajaVithala,SidduSiddarth
SuhailWani,SidduSiddarth
SnehaNataliya,SidduSiddarth
vishalrajmohan,SidduSiddarth
PriyankaDandamudi,SidduSiddarth
ChannuGudage,SidduSiddarth
sindhusruthi,SidduSiddarth
RakeshTagadghar,SidduSiddarth
AvinashKumar170,SidduSiddarth
PunamSarda,SidduSiddarth
SukruthaLakshmi,SidduSiddarth
PraneethMedisetti,SidduSiddarth
SahilRaghav,SidduSiddarth
QurratPatel,SidduSiddarth
VemulaJP,SidduSiddarth
KKumar,SidduSiddarth
bonyphilip,SidduSiddarth
ChinmaySahoo,SidduSiddarth
GokulR5,SidduSiddarth
pralhadchaudhari,SidduSiddarth
RameshSidda,SidduSiddarth
Jagveerrar,SidduSiddarth
SainathYelmalwar,SidduSiddarth
SoniaNgathem,SidduSiddarth
ChinniVarsha,SidduSiddarth
DeepikaNataraj,SidduSiddarth
JeenuJoseNelloor,SidduSiddarth
NikithaSidda,SidduSiddarth
suryapericherla,SidduSiddarth
PrajwalDoble,SidduSiddarth
guduribhavani,SidduSiddarth
gracejemima,SidduSiddarth
RenjithRNair,SidduSiddarth
Mehtaani,SidduSiddarth
divyashreenayak,SidduSiddarth
dshankhpal,SidduSiddarth
khushisharma8,SidduSiddarth
SmitaMane,SidduSiddarth
Ranjithvinay,SidduSiddarth
karthikabraj,SidduSiddarth
RasikaShingane,SidduSiddarth
KOMALPATIL16,SidduSiddarth
MATHAIBASIL,SidduSiddarth
JekilDabhoya,SidduSiddarth
AntarikshBothale,RajeevVempuluru
VaibhavYadav,RajeevVempuluru
IraTrivedi,RajeevVempuluru
MishraSrijan,RajeevVempuluru
AamirZeb,RajeevVempuluru
ShreyaRajpal,RajeevVempuluru
ChaitanyaSood,RajeevVempuluru
AgarwalDeepanshu,RajeevVempuluru
KalkiKukreja,RajeevVempuluru
AgniveshMangal,RajeevVempuluru
AnanthRajan,RajeevVempuluru
ArushieMangla,RajeevVempuluru
AmolMittal,RajeevVempuluru
AishwaryaChaturvedi,RajeevVempuluru
AzeezGupta,RajeevVempuluru
AnkushGoyal7,RajeevVempuluru
PranjayMittal,RajeevVempuluru
AbhimanyuDubey,RajeevVempuluru
NeerajAgarwal,RajeevVempuluru
PrateekKulhari,RajeevVempuluru
BishtVanya,RajeevVempuluru
SoumyoMitra,RajeevVempuluru
pallavigrover,RajeevVempuluru
AniketSule,RajeevVempuluru
AMultani,RajeevVempuluru
AbhishekBharti,RajeevVempuluru
KarishmaDhakad,RajeevVempuluru
KhushbooSoni,RajeevVempuluru
JitendraDhawan,RajeevVempuluru
TejaswiMukkala,RajeevVempuluru
SanyaOhri,RajeevVempuluru
PiyushGarud,RajeevVempuluru
RohanAnand,RajeevVempuluru
AnshumanSahay,RajeevVempuluru
MohitKhatri,RajeevVempuluru
RehanKhatri1,RajeevVempuluru
YohanMathew,RajeevVempuluru
PraharshChandra,RajeevVempuluru
PurneshSairam,RajeevVempuluru
SudattaMohanty,RajeevVempuluru
SatyaSamyukta,RajeevVempuluru
ShashantShekhar,RajeevVempuluru
AmanJakhar,RajeevVempuluru
DikshaBhoria,RajeevVempuluru
DivyamGoel,RajeevVempuluru
DeveshMohnot,RajeevVempuluru
SaiChakradharAraveti,RajeevVempuluru
ChanakyaVishwanathReddy,RajeevVempuluru
RicheekDey,RajeevVempuluru
AshutoshPandey8,RajeevVempuluru
SaiSaurab,RajeevVempuluru
AnshikaGupta5,RajeevVempuluru
AkashChaturvedani,RajeevVempuluru
ManikanthDevarakonda,RajeevVempuluru
SRoat,RajeevVempuluru
AyushShukla,RajeevVempuluru
HarbirBal1,RajeevVempuluru
TulasiChowdary,RajeevVempuluru
MradulJain,RajeevVempuluru
DineshGoundla,RajeevVempuluru
PrayagBiswal,SoumyaPasumarthy
AchillesSaxby,SoumyaPasumarthy
SabareeshNikhilC,SoumyaPasumarthy
AakritiJain,SoumyaPasumarthy
SubhomoyBakshi,SoumyaPasumarthy
SomnathMeher,SoumyaPasumarthy
AkankshaShrivastava,SoumyaPasumarthy
HarikaNelli,SoumyaPasumarthy
PujaGorai,SoumyaPasumarthy
NIPUNKHEMKA,SoumyaPasumarthy
SahilJalan,SoumyaPasumarthy
NilanjanaBhattacharya,SoumyaPasumarthy
SaikatPaul,SoumyaPasumarthy
DivyaSappa,SoumyaPasumarthy
MadhurimaKumar,SoumyaPasumarthy
ThulasiJNambiar,SoumyaPasumarthy
RiteshJindal,SoumyaPasumarthy
SouradeepPaul,SoumyaPasumarthy
AaronMendonca,SoumyaPasumarthy
KrishnanUnni,SoumyaPasumarthy
TejalKamble,SoumyaPasumarthy
PriyankaRaju,SoumyaPasumarthy
ManvithaJanagam,SoumyaPasumarthy
GayatriKumari,SoumyaPasumarthy
AmulyaPalle,SoumyaPasumarthy
UjjwalRaghuvanshi,SoumyaPasumarthy
ApoorvaReddy,SoumyaPasumarthy
JayanPrajapati,SoumyaPasumarthy
VisheshGupta,SoumyaPasumarthy
ShilpaSinha,SoumyaPasumarthy
AkshataMohanty,SoumyaPasumarthy
DebadritaDas,SoumyaPasumarthy
RavikanthPamidimukkala,SoumyaPasumarthy
SreeSudha1,SoumyaPasumarthy
MeghanaReddy,SoumyaPasumarthy
AkshayChalikwar,SoumyaPasumarthy
deepikabajaj,SoumyaPasumarthy
RishitaDas,SoumyaPasumarthy
BShree,SoumyaPasumarthy
TaraknathMazumder,SoumyaPasumarthy
ArnabMahanty,SoumyaPasumarthy
FaizanJawed,SoumyaPasumarthy
NiharikaTomar,SoumyaPasumarthy
NandithaUppada,SoumyaPasumarthy
RoopamAttree,SoumyaPasumarthy
AmritaSukrity,SoumyaPasumarthy
AakashSaxena,SoumyaPasumarthy
PrachiBhoyar,SoumyaPasumarthy
AkankshaAgrawal,SoumyaPasumarthy
ArpitaReddy,SoumyaPasumarthy
PraveenDas,SoumyaPasumarthy
AnkitSethi,SoumyaPasumarthy
SonamRaghuwanshi,SoumyaPasumarthy
AnantAgarwal7,SoumyaPasumarthy
ArnabDutta10,SoumyaPasumarthy
HimadriMayank,SoumyaPasumarthy
UjjwalKumar,SoumyaPasumarthy
PAgrawal,SoumyaPasumarthy
AnkurAmbastha,SoumyaPasumarthy
SiddharthRath,SoumyaPasumarthy
PrayagBiswal,DineshGoundla
ApoorvJain,DineshGoundla
MruthyunjayaRaoPadamata,DineshGoundla
AchillesSaxby,DineshGoundla
RaviKiran,DineshGoundla
AurkoChatterjee,DineshGoundla
SubhomoyBakshi,DineshGoundla
HarikaNelli,DineshGoundla
SahilJalan,DineshGoundla
AnandAbhishek2,DineshGoundla
AbhishekChandwani,DineshGoundla
ABHISHEKRAJ,DineshGoundla
RaunakMukherjee,DineshGoundla
JainAbhas,DineshGoundla
RishitaDas,DineshGoundla
PrasanthAkki,DineshGoundla
sudheerkatta,DineshGoundla
SatyaJulakanti,DineshGoundla
VireshKumar,DineshGoundla
RajeevVempuluru,DineshGoundla
SubramaniBharathi,DineshGoundla
VamseeSundar,DineshGoundla
RajPatel75,DineshGoundla
FarhanAhmad,DineshGoundla
RakeshKrishnaAndey,DineshGoundla
NagendraA,DineshGoundla
AmaraYaswanth,DineshGoundla
SharvaniChandu,DineshGoundla
SumitJoshi,DineshGoundla
SamarthMahajan,DineshGoundla
VirinchiChilukuri,DineshGoundla
ChattopadhyayAshesh,DineshGoundla
MohitKedia,DineshGoundla
AkhilNair,DineshGoundla
ChandraNaresh,DineshGoundla
OmsaiAyyappa,DineshGoundla
SathyaNarayanan,DineshGoundla
VadhriBharadwaj,DineshGoundla
SeshuCh,DineshGoundla
AnirbanSantara,DineshGoundla
DosapatiKarthik,DineshGoundla
DineshKandipalli,DineshGoundla
KranthiKumar,DineshGoundla
MvasChaitanya,DineshGoundla
LnMurthy,DineshGoundla
AKHILSAKILE,DineshGoundla
RAMAVATHRAMESHNAIK,DineshGoundla
VamseeKrishnaMamanduru,DineshGoundla
SriharshaAllenki,DineshGoundla
AbhinayVarsh,DineshGoundla
PradeepReddy,DineshGoundla
RamamurthiGopalakrishnan,DineshGoundla
RahulKumarSaxena,DineshGoundla
AravindChebolu,DineshGoundla
GnanaVikas,DineshGoundla
GunaShekar,DineshGoundla
SaitejaTumu,DineshGoundla
BasaniNikhil,DineshGoundla
AbhisekBera,DineshGoundla
KaashSingh,DineshGoundla
SriVenkatPoolla,SathyaNarayanan
ShantanuKallakuri,SathyaNarayanan
PranayGupta,SathyaNarayanan
PratyushJha,SathyaNarayanan
RajeevVempuluru,SathyaNarayanan
SinghAnkush,SathyaNarayanan
PurneshSairam,SathyaNarayanan
VikasVerma43,SathyaNarayanan
NavtejSinghSaini,SathyaNarayanan
SubhavKalra,SathyaNarayanan
ChetanSingh,SathyaNarayanan
SuvrataMohapatra,SathyaNarayanan
ArunYadav,SathyaNarayanan
DeviduttaMishra,SathyaNarayanan
DineshGoundla,SathyaNarayanan
SingamJagadeeswarReddy,SathyaNarayanan
GauthamAtmakur,SathyaNarayanan
ShashankAthota,SathyaNarayanan
RRao,SathyaNarayanan
SauravMohanty,SathyaNarayanan
RaghavSinha,SathyaNarayanan
SeshuCh,SathyaNarayanan
VivekChetty,SathyaNarayanan
GeorgeyJohn,SathyaNarayanan
KashyapMurthy,SathyaNarayanan
RajatMishra3,SathyaNarayanan
SidhantYadav,SathyaNarayanan
NitinKotkunde,SathyaNarayanan
VarunGanesh,SathyaNarayanan
KapoorRohan,SathyaNarayanan
SrinivasGunti,SathyaNarayanan
AzadSingh2,SathyaNarayanan
ManikBansal,SathyaNarayanan
AngadSingh,SathyaNarayanan
SanjayDhanda,SathyaNarayanan
GauravGarg,SathyaNarayanan
SandeepSahu1,SathyaNarayanan
UtkarshDalmia,SathyaNarayanan
SMishra,SathyaNarayanan
GauravDebnath,SathyaNarayanan
RohanBhardwaj,SathyaNarayanan
ChandrahasKolla,SathyaNarayanan
ArpitGarg,SathyaNarayanan
MaheshwariAyush,SathyaNarayanan
DhruvVarshney,SathyaNarayanan
BhanuPrakash113,SathyaNarayanan
VaranasiOmkar,SathyaNarayanan
TanujGoel,SathyaNarayanan
NidhinMadhu,SathyaNarayanan
SreshtAgrawal,SathyaNarayanan
SriHarshaNagula,SathyaNarayanan
PrittsVignesh,SathyaNarayanan
AsutoshPadhy,SathyaNarayanan
kpsastry,SathyaNarayanan
LalitKhatri,SathyaNarayanan
LohithakshaMMaiyar,SathyaNarayanan
VidyaSagarReddy,SathyaNarayanan
AhujaHarshit,SathyaNarayanan
SandeepYaganti,SathyaNarayanan
RahulDayal,SathyaNarayanan
SwathiBhojaraj,NikhilKatta
NishulArora,NikhilKatta
SeshuCh,NikhilKatta
MVankadari,NikhilKatta
SethuramanParamasivan,NikhilKatta
PriyankaBotny,NikhilKatta
SantoshHarish,NikhilKatta
AkshayAmarnath,NikhilKatta
TanmoyDas15,NikhilKatta
SachinGowda4,NikhilKatta
HemantikaMukherjee,NikhilKatta
nahushrk,NikhilKatta
SidharthVijayan,NikhilKatta
VinayKoneri,NikhilKatta
MandarPingle,NikhilKatta
RajaSubramanya,NikhilKatta
NiyanthYadav,NikhilKatta
BharathReddy,NikhilKatta
AkbarQureshi,NikhilKatta
JayaMovilM,NikhilKatta
DheerajShetty,NikhilKatta
ArjunNadig,NikhilKatta
HuzefaGhadiyali,NikhilKatta
AdavellyReddy,NikhilKatta
ChetanNigudgi,NikhilKatta
StephanieAdrianna,NikhilKatta
SahilGupta12,NikhilKatta
VinayKumar21,NikhilKatta
AtulPatil9,NikhilKatta
KarthyThik,NikhilKatta
mangeshChimankar,NikhilKatta
DkOzzy,NikhilKatta
RayYoung,NikhilKatta
VinayVk,NikhilKatta
KaushikVijay1,NikhilKatta
dassoumyadeep,NikhilKatta
seanmichael,NikhilKatta
IjscJournal,anuragreddy
DebanjanPatra,anuragreddy
prudhvipotuganti,anuragreddy
IJDPSJournal,anuragreddy
NripeshPokhrel,anuragreddy
VarunChandra,anuragreddy
AbhinavArora5,anuragreddy
VikasKanukollu,anuragreddy
ChendrakanthReddy,anuragreddy
VAMSEEKRISHNADILLI,anuragreddy
SaujanyaHosmani,anuragreddy
RajasekarRaja,anuragreddy
sanjaythakur,anuragreddy
IndrajeetYadav,anuragreddy
SeshuCh,anuragreddy
AnveshReddy2,anuragreddy
JuzerArsiwala,anuragreddy
BhagyarajSokappadu,anuragreddy
GayathriKaliyamoorthy,anuragreddy
JSarkar,anuragreddy
NaveenKumar,anuragreddy
SurajSingh,anuragreddy
SRigzin,anuragreddy
nareshgoud,anuragreddy
NishantSingh,anuragreddy
VishwarathTaduru,anuragreddy
amansharma4,anuragreddy
SomarajuSuvvari,anuragreddy
kumarjagadeesh,anuragreddy
GaganpritSingh,anuragreddy
VeerareddyRasupalli,anuragreddy
NageshBhattu,anuragreddy
AshishNegi1,anuragreddy
NaveenKalluri,anuragreddy
AnkitPatidar,anuragreddy
radhakrishnaabhishek,ChandrahasKolla
RahulShinde1,ChandrahasKolla
VadrevuVeerabhadrudu,ChandrahasKolla
vjammula,ChandrahasKolla
PurneshSairam,ChandrahasKolla
DheerajChowdary,ChandrahasKolla
SatyaSamyukta,ChandrahasKolla
RohitDharavath,ChandrahasKolla
DDas,ChandrahasKolla
KarthikReddy,ChandrahasKolla
AshishSV,ChandrahasKolla
SiddharthPillai,ChandrahasKolla
ArjunBhagoji,ChandrahasKolla
KshitijSingh,ChandrahasKolla
SathyaNarayanan,ChandrahasKolla
PoornaKumar,ChandrahasKolla
VadhriBharadwaj,ChandrahasKolla
Bhanusri,ChandrahasKolla
BharathKumarBanoth,ChandrahasKolla
SeshuCh,ChandrahasKolla
AbhinavChowdary,ChandrahasKolla
VasanthKumar,ChandrahasKolla
SandeepPenumala,ChandrahasKolla
AdarshKrishna,ChandrahasKolla
KMuraliKrishna,ChandrahasKolla
NavdeepGogna,ChandrahasKolla
KaveriBhutda,ChandrahasKolla
PrasantaTripathy,ChandrahasKolla
RakeshBhargav,ChandrahasKolla
RameshNaidu,ChandrahasKolla
naveenruppa,ChandrahasKolla
AnantKumar,ChandrahasKolla
ChaitanyaGuduru,ChandrahasKolla
pritamchattopadhyay,ChandrahasKolla
JeevanBhargav,ChandrahasKolla
NarenDhupati,ChandrahasKolla
AdithyanRaja,BhanuPrakash113
GouthamPolisetty,BhanuPrakash113
AishwaryaVisweswaran,BhanuPrakash113
ArchitaSharma,BhanuPrakash113
RaviGujjula,BhanuPrakash113
AshwinKolappan,BhanuPrakash113
LokeshBoominathan,BhanuPrakash113
SathyaNarayanan,BhanuPrakash113
JayaShankar1,BhanuPrakash113
SriramIyer,BhanuPrakash113
MayankKumar,BhanuPrakash113
SeshuCh,BhanuPrakash113
ProhitReddy,BhanuPrakash113
KapoorSanyam,BhanuPrakash113
GhanashyamHS,BhanuPrakash113
PushkarParthakudi,BhanuPrakash113
LakshmiSneha,BhanuPrakash113
PrudhviGl,BhanuPrakash113
VamsiChandra2,BhanuPrakash113
PuneethReddy,BhanuPrakash113
SwethaChowdary1,BhanuPrakash113
kpsastry,BhanuPrakash113
SrinijaReddy,BhanuPrakash113
ArnavMohan,BhanuPrakash113
ShravaniJsv,BhanuPrakash113
SyedMoinuddin2,BhanuPrakash113
SatyaDheeraj,BhanuPrakash113
VGudisa,BhanuPrakash113
HarshaVardhanPinninti,BhanuPrakash113
SumanSatish,BhanuPrakash113
UmaMaheshBollam,BhanuPrakash113
PushkarJajoria,BhanuPrakash113
RohitReddyM,BhanuPrakash113
MagantiAkshay,BhanuPrakash113
SiamHossain,TanmoyDas15
SouparnoAdhikary,TanmoyDas15
MMUddin,TanmoyDas15
MdFarhadHossainMasum,TanmoyDas15
AbdulSajib,TanmoyDas15
MDMARUFAHAMED,TanmoyDas15
MohammadSadi,TanmoyDas15
MdKamalHossain,TanmoyDas15
NishulArora,TanmoyDas15
SayedIftekhar,TanmoyDas15
SeshuCh,TanmoyDas15
MirAnamulHasan,TanmoyDas15
DeeptimanChatterjee,TanmoyDas15
ShilpaDasgupta,TanmoyDas15
DrDebabrataNandi,TanmoyDas15
ShahidullahShahid,TanmoyDas15
ShirleyChen,TanmoyDas15
NikhilKatta,TanmoyDas15
HemantikaMukherjee,TanmoyDas15
nahushrk,TanmoyDas15
VivekanandaReddyKovvuri,TanmoyDas15
MandarPingle,TanmoyDas15
TuynV,TanmoyDas15
AkbarQureshi,TanmoyDas15
DheerajShetty,TanmoyDas15
SunnyDas1,TanmoyDas15
HuzefaGhadiyali,TanmoyDas15
KhanHaque,TanmoyDas15
SunLijie,TanmoyDas15
ChenMu,TanmoyDas15
SaikatBiswas,TanmoyDas15
RayYoung,TanmoyDas15
KhanMohaimanulIslamMim,TanmoyDas15
ShoiebAhmedChowdhury,TanmoyDas15
VikasGingine,nahushrk
PRajani,nahushrk
RohitNair,nahushrk
NishulArora,nahushrk
ParthShah2,nahushrk
SeshuCh,nahushrk
NitishSingh23,nahushrk
MohammadSaadNawab,nahushrk
NikhilKatta,nahushrk
TanmoyDas15,nahushrk
AMEYDASHPUTRE,nahushrk
FarzadFerdosi,nahushrk
AabhaPhatak,nahushrk
AlakhNiranjan,nahushrk
pratikjunwar,nahushrk
HuzefaGhadiyali,nahushrk
AbhijeetBichkar,nahushrk
MehtaAnimesh,nahushrk
VijayKamthe,nahushrk
ArvindKrMishra,nahushrk
NikhilJoshi2,nahushrk
BinduDushyanth,nahushrk
ShishirAmte,nahushrk
NinadKulkarni1,nahushrk
AtulPatil9,nahushrk
AdityaTiwari8,nahushrk
AmitSolanki,nahushrk
SunilHotchandani,nahushrk
VinayakHiremath,nahushrk
EJournal,nahushrk
AkshayDahiya,nahushrk
viratsingh3,nahushrk
Phukan,MandarPingle
PranitChoure,MandarPingle
AmolBorkar,MandarPingle
KunalRDhakate,MandarPingle
HimanshuJoshi,MandarPingle
SDeshkar,MandarPingle
SushrutDabir,MandarPingle
AkashAdhvaryu,MandarPingle
SeshuCh,MandarPingle
VIRAJWADATKAR,MandarPingle
AkshayRanade,MandarPingle
NikhilKatta,MandarPingle
TanmoyDas15,MandarPingle
TanujPatel1,MandarPingle
AkbarQureshi,MandarPingle
SuhridDeshmukh,MandarPingle
GauravIngolikar,MandarPingle
HarenDodke,MandarPingle
HuzefaGhadiyali,MandarPingle
RahulKednurkar,MandarPingle
SarangMishrikotkar,MandarPingle
PrateekKale,MandarPingle
BinduDushyanth,MandarPingle
AtulPatil9,MandarPingle
PravinJadhav10,MandarPingle
ShubhalVaidya,MandarPingle
SusheelMenon,MandarPingle
ChinmayKaradkar,MandarPingle
ShyamVerma3,MandarPingle
ThelmaRoos,MandarPingle
SaadAmin2,MandarPingle
RakshitVinnakota,AnnamaneniSriharsha
SriVenkatPoolla,AnnamaneniSriharsha
ShantanuKallakuri,AnnamaneniSriharsha
SaideepKaripalli,AnnamaneniSriharsha
MayankKothari,AnnamaneniSriharsha
TanziaIslam,AnnamaneniSriharsha
KamathAditya,AnnamaneniSriharsha
SiddharthMayya,AnnamaneniSriharsha
SeshuCh,AnnamaneniSriharsha
ChetanSwarn,AnnamaneniSriharsha
NairJithin,AnnamaneniSriharsha
SuryaHarshavardhan,AnnamaneniSriharsha
SiddharthJoshi,AnnamaneniSriharsha
AbhilashBandi,AnnamaneniSriharsha
ShashidharGorantla,AnnamaneniSriharsha
AamaniLakkaraju,AnnamaneniSriharsha
leadersmanipal,AnnamaneniSriharsha
AbhishekRayapureddy,AnnamaneniSriharsha
TSaketh,AnnamaneniSriharsha
MollikNayyar,AnnamaneniSriharsha
VivekMaheshwari,AnnamaneniSriharsha
Varunk,AnnamaneniSriharsha
KshitijNaik,AnnamaneniSriharsha
BalajiRavikanti,AnnamaneniSriharsha
LavuVignan,AnnamaneniSriharsha
NarenNidamanuri,AnnamaneniSriharsha
SwastikPoojary,AnnamaneniSriharsha
SyedAli226,AnnamaneniSriharsha
SandeshAnnamaneni,AnnamaneniSriharsha
RajendraKumarkatragadda,AnnamaneniSriharsha
ShantanuKallakuri,kpsastry
SaiKrishna,kpsastry
DaminiRathi,kpsastry
RatanRahul,kpsastry
PurneshSairam,kpsastry
SaiKrishnaKanthHari,kpsastry
SatyaSamyukta,kpsastry
DineshGoundla,kpsastry
SathyaNarayanan,kpsastry
NallanthighalVenkataSrikanth,kpsastry
VaishnaviKanduri,kpsastry
SeshuCh,kpsastry
KashyapMurthy,kpsastry
MohikaSingh,kpsastry
VarunGanesh,kpsastry
AnishSingam,kpsastry
BhanuPrakash113,kpsastry
lR,kpsastry
SaiKiranAravelly,kpsastry
NairVaisakh,kpsastry
RudrashettyKanta,kpsastry
RaoHamsika,kpsastry
SubhashTlm,kpsastry
AmulyaChowdary,kpsastry
KedarnathAnanth,kpsastry
VenuArcot,kpsastry
AkshitPalkamsetti,kpsastry
BhargavSarabu,kpsastry
ReddyNeha,kpsastry
AmarjotSingh,SrinijaReddy
RajeevVempuluru,SrinijaReddy
AbhishekArijit,SrinijaReddy
PatriciaLaul,SrinijaReddy
anushakp,SrinijaReddy
AkshayAntony,SrinijaReddy
RajaYellepeddi,SrinijaReddy
OmsaiAyyappa,SrinijaReddy
PrateethNayeeni,SrinijaReddy
KashyapNemmani,SrinijaReddy
MaheshAkhil,SrinijaReddy
SeshuCh,SrinijaReddy
SaiKothuri,SrinijaReddy
NatashaMandal,SrinijaReddy
AineeAnsaari,SrinijaReddy
JananiSv,SrinijaReddy
SupreethManyam,SrinijaReddy
ArpitaSoni,SrinijaReddy
AnkitKalantri,SrinijaReddy
BhanuPrakash113,SrinijaReddy
KDheerajReddy,SrinijaReddy
RaviAlapati,SrinijaReddy
rahulteja1,SrinijaReddy
ChandraChittineni,SrinijaReddy
AnkkitBhandari,SrinijaReddy
ChichiliReddy,SrinijaReddy
PrabhatYasangi,SrinijaReddy
NagaSathishMeduri,SrinijaReddy
pavankalyangts,GelsamReddy
SAIPAVANKUMARBYPANENI,GelsamReddy
SarathChandran,GelsamReddy
VenkateshGeriti,GelsamReddy
SDaruvuri,GelsamReddy
SingamJagadeeswarReddy,GelsamReddy
RajaniKaruturi,GelsamReddy
BhaskarCharvaka,GelsamReddy
SeshuCh,GelsamReddy
ShyamKaruparthy,GelsamReddy
SuryaNarayana,GelsamReddy
PavanKumarReddyK,GelsamReddy
SriChintala,GelsamReddy
IllaNagabhushan,GelsamReddy
PVelaga,GelsamReddy
SatyaTeja,GelsamReddy
ChandraP,GelsamReddy
RaviKumar,GelsamReddy
onlinetraining,GelsamReddy
VinodNayini,GelsamReddy
ManCommon,GelsamReddy
SatishKumar16,GelsamReddy
RaviKiran93,GelsamReddy
KeshavVasanthavada,GelsamReddy
HiteshReddy,GelsamReddy
AkhilChoppadandi,GelsamReddy
sherafgan,AkbarQureshi
HabibUlhaque,AkbarQureshi
SiddiquiUmair,AkbarQureshi
AdilSadaat,AkbarQureshi
SeshuCh,AkbarQureshi
AshishAdwani,AkbarQureshi
AtefMasoud,AkbarQureshi
AniruddhChakravorty,AkbarQureshi
KrishnaSisodia,AkbarQureshi
NikhilKatta,AkbarQureshi
OgundanaJoseph,AkbarQureshi
TanmoyDas15,AkbarQureshi
MandarPingle,AkbarQureshi
KamranAhmed5,AkbarQureshi
TallitaNunes,AkbarQureshi
FarzadFerdosi,AkbarQureshi
TuynV,AkbarQureshi
MohammedSiddiqui4,AkbarQureshi
PranjalKarera,AkbarQureshi
hammadjaved,AkbarQureshi
HuzefaGhadiyali,AkbarQureshi
ImadSiddiqui,AkbarQureshi
DakshaConsultancy,AkbarQureshi
FarmanMohmand,AkbarQureshi
NitinAhuja,AkbarQureshi
VinayGoud,PoojithaReddy6
MushtaqMohammad,PoojithaReddy6
SeshuCh,PoojithaReddy6
ProhitReddy,PoojithaReddy6
HarikaBondili,PoojithaReddy6
SaiKrishna65,PoojithaReddy6
JishnuDantu,PoojithaReddy6
BhramithJain,PoojithaReddy6
DharaniReddy3,PoojithaReddy6
ManishaReddy1,PoojithaReddy6
KarthikBibireddy,PoojithaReddy6
SumalikaAddagarla,PoojithaReddy6
RavindharMadasu,PoojithaReddy6
ArvindKumar191,PoojithaReddy6
SainathMaramganti,PoojithaReddy6
UmaGude,PoojithaReddy6
SandeepGujjeti,PoojithaReddy6
BhavanaBatchu,PoojithaReddy6
NeeharikaChowdary,PoojithaReddy6
SrujanaChowdary,PoojithaReddy6
AkhileshKumar,PoojithaReddy6
NiharikaReddy5,PoojithaReddy6
SarithaVislavath,PoojithaReddy6
RentalaShruthireddy,PoojithaReddy6
MounicaBandela,PoojithaReddy6
VinayShivasubramanyan,DheerajShetty
RohitDhumane,DheerajShetty
SeshuCh,DheerajShetty
PrajnaBhandary,DheerajShetty
AdityaShetty5,DheerajShetty
MohammadSaadNawab,DheerajShetty
NikhilKatta,DheerajShetty
AdityaShibrady,DheerajShetty
TanmoyDas15,DheerajShetty
RachitShetty,DheerajShetty
DeviprasadBhandary,DheerajShetty
ShashibhushanKanekal,DheerajShetty
ChethanNayak,DheerajShetty
SathwikAdyanthaya,DheerajShetty
NiteshSanklecha,DheerajShetty
AnushaNayak,DheerajShetty
PiyushMehan,DheerajShetty
AdityaPrabhu2,DheerajShetty
AnirudhKR,DheerajShetty
BinduDushyanth,DheerajShetty
KShetty1,DheerajShetty
AnoopAlva,DheerajShetty
MichaelDanko,DheerajShetty
SStone,DheerajShetty
adiprayitno,DheerajShetty
ShreyaJayakumar,NikithaReddy8
LaNabi,NikithaReddy8
AmithReddy,NikithaReddy8
SeshuCh,NikithaReddy8
MungiPooja,NikithaReddy8
JinoGeorge,NikithaReddy8
BhargaviShashankKundha,NikithaReddy8
ArunSubramanian3,NikithaReddy8
MulaReddy,NikithaReddy8
Guguloth,NikithaReddy8
srilathabizza,NikithaReddy8
AritraLahiri,NikithaReddy8
PriyankaThakur,NikithaReddy8
SharanyaMarpaka,NikithaReddy8
RahulGannerlla,NikithaReddy8
MorganHarder,NikithaReddy8
SaiSashankGoparaju,NikithaReddy8
VelagandulaAvinash,NikithaReddy8
DemarJackson,NikithaReddy8
PravallikaCool,NikithaReddy8
AjinkyaVaidya,NikithaReddy8
,NikithaReddy8
SampoornaGonella,NikithaReddy8
watkins11,NikithaReddy8
NiharikaSanyal,ArushiBhutani
narayananshriya,ArushiBhutani
LaavanyaGupta,ArushiBhutani
ArushiGupta13,ArushiBhutani
AlkaGupta4,ArushiBhutani
SankarMuthuswamy,ArushiBhutani
EktaKapoor,ArushiBhutani
VishakhaBami,ArushiBhutani
BrindaDash,ArushiBhutani
ShahRukhAthar,ArushiBhutani
GaneshAarthi,ArushiBhutani
ShafinShabir,ArushiBhutani
AakritiSehgal,ArushiBhutani
AkashIdnani,ArushiBhutani
AyushBhattacharya,ArushiBhutani
SeshuCh,ArushiBhutani
NikhilJain,ArushiBhutani
PVenkataraman,ArushiBhutani
AnmolGulati1,ArushiBhutani
UtsavSen,ArushiBhutani
BakulBudhiraja,ArushiBhutani
GauravKukreja,ArushiBhutani
AmeerahKhan,ArushiBhutani
ShormeeMukherjee,ArushiBhutani
SameerKumar,RohanReddy6
SiddarthYerram,RohanReddy6
JukantiRakshit,RohanReddy6
VKaparthi,RohanReddy6
SeshuCh,RohanReddy6
VivekChetty,RohanReddy6
SunilSrivatsav,RohanReddy6
BharathveerPanduga,RohanReddy6
RahulGuptaKorada,RohanReddy6
RahulSwain,RohanReddy6
ShravanKumar,RohanReddy6
SantoshNarayan,RohanReddy6
TejaSree,RohanReddy6
VasuDev,RohanReddy6
ArChitDaTta,RohanReddy6
UdayPrince,RohanReddy6
KeshuGupta,RohanReddy6
ManasSamarth,RohanReddy6
VivekCeguri,RohanReddy6
KishoreSaiKrishna,RohanReddy6
HarshaMavoori,RohanReddy6
RakeshTagadghar,RohanReddy6
ManojRn,RohanReddy6
RohmatunCahyani,KommagouniVarshneya
SuryaTeja,KommagouniVarshneya
ViswanathKambhampaty,KommagouniVarshneya
PavanKumarJalla,KommagouniVarshneya
SeshuCh,KommagouniVarshneya
KuppalaKiranTeja,KommagouniVarshneya
AmruthaTumma,KommagouniVarshneya
KatakamPrashanth,KommagouniVarshneya
BharathKOtha,KommagouniVarshneya
RamakanthRamu,KommagouniVarshneya
SangamUpendra,KommagouniVarshneya
AnanthVardhan,KommagouniVarshneya
NikhilSangem,KommagouniVarshneya
SaiKumarYerigeri,KommagouniVarshneya
HCharan,KommagouniVarshneya
KarthikRahul,KommagouniVarshneya
BhavsBubbli,KommagouniVarshneya
ThatiAkhil,KommagouniVarshneya
SeshaAce,KommagouniVarshneya
KiranMudhiraj,KommagouniVarshneya
AnanthulaSaikiran,KommagouniVarshneya
RamaAshwin,KommagouniVarshneya
AradhyaAgarwal,ManasaDivya
VrindaBector,ManasaDivya
IshtmeetSingh,ManasaDivya
GauravAbburi,ManasaDivya
NamitSharma,ManasaDivya
DivyanshAgarwal,ManasaDivya
SeshuCh,ManasaDivya
VinitHase,ManasaDivya
NishantMalapati,ManasaDivya
TejaUmmareddy,ManasaDivya
ChaitanyaBandi,ManasaDivya
Dineshiniesta,ManasaDivya
ShashwatGupta7,ManasaDivya
MytreyiChandrasekhar,ManasaDivya
SaloniBorar,ManasaDivya
DineshAlimineti,ManasaDivya
navyasreekumbam,ManasaDivya
SaiDheeraj,ManasaDivya
MridulaMurli,ManasaDivya
sreekchunduru,ManasaDivya
AishwaryaVenkatraman,ManasaDivya
AishwaryaKandalam,ManasaDivya
sherafgan,HuzefaGhadiyali
SeshuCh,HuzefaGhadiyali
SanchitAgarwal,HuzefaGhadiyali
ImranMerchant,HuzefaGhadiyali
NikhilKatta,HuzefaGhadiyali
OgundanaJoseph,HuzefaGhadiyali
TanmoyDas15,HuzefaGhadiyali
nahushrk,HuzefaGhadiyali
HuseinBhinderwala,HuzefaGhadiyali
MandarPingle,HuzefaGhadiyali
AschkanOmidvar,HuzefaGhadiyali
MSonde,HuzefaGhadiyali
AkbarQureshi,HuzefaGhadiyali
PrasadKelaskar,HuzefaGhadiyali
ShaikhIbrahim,HuzefaGhadiyali
ChenMu,HuzefaGhadiyali
AnupChawan,HuzefaGhadiyali
FarhadShroff,HuzefaGhadiyali
mangeshChimankar,HuzefaGhadiyali
AzizKalawadwala,HuzefaGhadiyali
SumitPal,HuzefaGhadiyali
SajakhanShaikh,HuzefaGhadiyali
KunalJ,HuzefaGhadiyali
SameerAshraf,VasuDev
ViswanathKambhampaty,VasuDev
SeshuCh,VasuDev
JindePraneeth,VasuDev
MohanRaghuveer,VasuDev
JantJournal,VasuDev
CharanMedisetty,VasuDev
ChaitanyaVenigalla,VasuDev
RohanReddy6,VasuDev
JayKalapatapu,VasuDev
SaiKalyan,VasuDev
ManiPunna,VasuDev
ArChitDaTta,VasuDev
AbhiRam15,VasuDev
GankidiVasu,VasuDev
SandeepKankanala,VasuDev
VamsiKvs,VasuDev
RaghuGurrapu,VasuDev
RamnarayanCh,VasuDev
NoraLuo,VasuDev
GourabBanerjee,VasuDev
BManikanta,AdavellyReddy
SiddharthHembrom,AdavellyReddy
ManoharKanapaka,AdavellyReddy
KattaReddy,AdavellyReddy
BAdityaReddy,AdavellyReddy
SeshuCh,AdavellyReddy
VinodReddy15,AdavellyReddy
NikhilKatta,AdavellyReddy
VarunReddy,AdavellyReddy
TrivedhiMeda,AdavellyReddy
ReddyApoorva,AdavellyReddy
AjazAhmed8,AdavellyReddy
ShruthiRavindran,AdavellyReddy
VishwajeetReddyGummakonda,AdavellyReddy
vamshikrishna25,AdavellyReddy
AnirudhBhosekar,AdavellyReddy
NitinGunda,AdavellyReddy
AnirudhReddyPulasani,AdavellyReddy
PulasaniSantosh,AdavellyReddy
SwathiReddyDokuru,AdavellyReddy
ApoorvaReddy,AdavellyReddy
SidduSiddarth,ArChitDaTta
MaheshAkhil,ArChitDaTta
SeshuCh,ArChitDaTta
RoshanRajani,ArChitDaTta
SandeepSekhar1,ArChitDaTta
KrishnaAbhinav,ArChitDaTta
RohanReddy6,ArChitDaTta
SaiKrishna236,ArChitDaTta
ChandiniChoudhary,ArChitDaTta
VasuDev,ArChitDaTta
RadhnaSaxena,ArChitDaTta
MosesSunny,ArChitDaTta
SudeepRajput,ArChitDaTta
VivekCeguri,ArChitDaTta
RakeshTagadghar,ArChitDaTta
SandeepKankanala,ArChitDaTta
RaghuGurrapu,ArChitDaTta
RamnarayanCh,ArChitDaTta
PranayReddy1,ArChitDaTta
MuhandisShiddiq,SaraSelph
AdilSadaat,SaraSelph
SeshuCh,SaraSelph
TarohHamada,SaraSelph
ShirleyChen,SaraSelph
RandyFlood,SaraSelph
YUYAKANO,SaraSelph
MarieDeMersseman,SaraSelph
DarwinWu,SaraSelph
YueJI,SaraSelph
SethStone,SaraSelph
YukiShimazu,SaraSelph
DianaSmith22,SaraSelph
AiYamagata,SaraSelph
HottaKazuki,SaraSelph
VivianZhang,SaraSelph
,SaraSelph
OkiKosuke,SaraSelph
SeshuCh,BinduDushyanth
AminuddinZabi,BinduDushyanth
MohammadSaadNawab,BinduDushyanth
nahushrk,BinduDushyanth
MandarPingle,BinduDushyanth
DarshanGowda4,BinduDushyanth
DheerajShetty,BinduDushyanth
RubainaAymen,BinduDushyanth
RamyaMonu,BinduDushyanth
RohithMurthy,BinduDushyanth
SanjayRK,BinduDushyanth
MrinmayeeKale,BinduDushyanth
AnkitaKhosla,BinduDushyanth
AnilKumbar,BinduDushyanth
KushalVenkatesh,BinduDushyanth
ShekarappasBangalore,BinduDushyanth
SowmyaSRao,BinduDushyanth
rajaajay37,VivekCeguri
SeshuCh,VivekCeguri
SamratDas,VivekCeguri
TrinathTeja,VivekCeguri
RohanReddy6,VivekCeguri
VenuNaikK,VivekCeguri
SnehaReddy,VivekCeguri
NikhilSangem,VivekCeguri
ArChitDaTta,VivekCeguri
SukeerthiSangipogu,VivekCeguri
PraveenReddy21,VivekCeguri
VReddy,VivekCeguri
RamnarayanCh,VivekCeguri
rameshnaidu4,VivekCeguri
SeshuCh,KrishnaChaitanya106
PranayKeasara,KrishnaChaitanya106
SaiKeertan,KrishnaChaitanya106
ReddyRajavardhan,KrishnaChaitanya106
MOHAMMEDRIYAZUDDIN,KrishnaChaitanya106
RoshniMakadia,KrishnaChaitanya106
shravyalaxmi,KrishnaChaitanya106
KailaswarTridham,KrishnaChaitanya106
SaiN,KrishnaChaitanya106
RaghuGurrapu,KrishnaChaitanya106
MubashrQuadri,KrishnaChaitanya106
RameshSidda,KrishnaChaitanya106
PraneethaReddy,KrishnaChaitanya106
NarsinguRamesh,KrishnaChaitanya106
VigneshVK1,VikramAditya5
sharathchandra,VikramAditya5
SeshuCh,VikramAditya5
ProhitReddy,VikramAditya5
AnveshPatloori,VikramAditya5
ManojPoosa,VikramAditya5
RanadhirReddy,VikramAditya5
KranthiKumar95,VikramAditya5
AlekhyaArumilli,VikramAditya5
SaiPrashanthPuligilla,VikramAditya5
SahdevShah,VikramAditya5
JayKalapatapu,VikramAditya5
SamanthBunty,VikramAditya5
ReddyAksHatha,VikramAditya5
SeshuCh,SukanthReddy
MohamedEljhani,SukanthReddy
HarishTulasi,SukanthReddy
SuryaDeepakGoud,SukanthReddy
TarunRaghu,SukanthReddy
UjwalPuli,SukanthReddy
SandeepSaha,SukanthReddy
NarenNavanth,SukanthReddy
PravinThumukunta,SukanthReddy
RaviTeja182,SukanthReddy
GopinathDhanasekaran,SukanthReddy
mukeshsriram,SukanthReddy
IsmailZahri,SukanthReddy
Luisv13,SukanthReddy
SeshuCh,KalvapalliArun
gopizone,KalvapalliArun
VarmaAkhil,KalvapalliArun
ShravanKumar,KalvapalliArun
SunithGupta,KalvapalliArun
HariKrishna24,KalvapalliArun
MeenakshyAsokan,KalvapalliArun
SangeethaKanneboina,KalvapalliArun
PrasannarajReddy,KalvapalliArun
VyacheslavKoryagin,KalvapalliArun
AmmarKhanbhai,KalvapalliArun
ShashankBhootra,KalvapalliArun
CharanKotaru,KalvapalliArun
PeymanSabet,ToorajTavana
,ToorajTavana
KeyvanZarrabi,ToorajTavana
NimaMofarrah,ToorajTavana
shahabrajabi,ToorajTavana
HadiJahed,ToorajTavana
ARoshanzamir,ToorajTavana
RezaLahiji,ToorajTavana
AliJafarzadehShirazi,ToorajTavana
MehdiAmy,ToorajTavana
aj144,ToorajTavana
NasserMafi,ToorajTavana
SeshuCh,mangeshChimankar
NikhilKatta,mangeshChimankar
HuzefaGhadiyali,mangeshChimankar
GaurangKelkar,mangeshChimankar
NikhilJoshi2,mangeshChimankar
DeepakSingh237,mangeshChimankar
SushilDole,mangeshChimankar
AtulPatil9,mangeshChimankar
YogeshRahate,mangeshChimankar
VivekMagadum,mangeshChimankar
SahilLone,mangeshChimankar
SeshuCh,DivyaPathak
AbhilashKukkadapu,DivyaPathak
AngelPallavi,DivyaPathak
saikeerthanaV,DivyaPathak
AshrafSohail,DivyaPathak
GVemula,DivyaPathak
SravyaChidre,DivyaPathak
MJabbar,DivyaPathak
PriyankaPriya,DivyaPathak
SeshuCh,NaveenKalluri
anuragreddy,NaveenKalluri
MalyalaNagaraju,NaveenKalluri
SantoshREpuri,NaveenKalluri
ChaitanyaGanesh,NaveenKalluri
PrithimaMosaly,NaveenKalluri
SushimaReddyM,NaveenKalluri
VenkatRamireddy,NaveenKalluri
KinurajSokhi,NaveenKalluri
AnushaNakkela,NaveenKalluri
SeshuCh,SandeepKankanala
saiharshavaranasi,SandeepKankanala
VasuDev,SandeepKankanala
ArChitDaTta,SandeepKankanala
RaghuGurrapu,SandeepKankanala
RamnarayanCh,SandeepKankanala
PraneethaReddy,SandeepKankanala
RameshSidda,SandeepKankanala
RaghuGujja,SandeepKankanala
SeshuCh,SushimaReddyM
DatthaReddy,SushimaReddyM
KiranMuppidi,SushimaReddyM
NaveenKalluri,SushimaReddyM
PraveendraSingh,SushimaReddyM
PrithimaMosaly,SushimaReddyM
KaushikSonduri,SushimaReddyM
MaruthiDevarakonda,PrithimaMosaly
SeshuCh,PrithimaMosaly
SangHwanKim,PrithimaMosaly
NaveenKalluri,PrithimaMosaly
SushimaReddyM,PrithimaMosaly
PrithimaReddyMosaly,PrithimaMosaly
kavinkeerthana,PrithimaMosaly
SeshuCh,RamnarayanCh
SaiRahul,RamnarayanCh
VasuDev,RamnarayanCh
ArChitDaTta,RamnarayanCh
VivekCeguri,RamnarayanCh
SandeepKankanala,RamnarayanCh
NachiketaGanni,RamnarayanCh
SeshuCh,JigarPatel101
OgundanaJoseph,JigarPatel101
ChineduAnaeto,JigarPatel101
ItielAgramonte,JigarPatel101
SeshuCh,WenjieMiao
FarzadFerdosi,WenjieMiao
QiaoZhang,WenjieMiao
ToorajTavana,MehdiAmy
DeepitPurkayastha,AjayKumarYadav
SamuelDotou,AjayKumarYadav
MruthyunjayaRaoPadamata,AjayKumarYadav
gauravdahake,AjayKumarYadav
AnimeshChoudhary,AjayKumarYadav
AyushUpadhyay,AjayKumarYadav
AchillesSaxby,AjayKumarYadav
RaviKiran,AjayKumarYadav
PPachori,AjayKumarYadav
ArnavKumar,AjayKumarYadav
MallikarjunKarra,AjayKumarYadav
GauravRathi,AjayKumarYadav
ShreyGoyal,AjayKumarYadav
KiranReddy31,AjayKumarYadav
MayurRastogi,AjayKumarYadav
NIPUNKHEMKA,AjayKumarYadav
vikashagarwal,AjayKumarYadav
rupinder,AjayKumarYadav
PKaushal,AjayKumarYadav
SwastikSingh,AjayKumarYadav
SachinSharma,AjayKumarYadav
SayantanSarkar,AjayKumarYadav
ArijitMondal,AjayKumarYadav
PankajMandal,AjayKumarYadav
RiteshJindal,AjayKumarYadav
KaustubhKashyap,AjayKumarYadav
NikhilKhaitan,AjayKumarYadav
ABHISHEKRAJ,AjayKumarYadav
ASingla,AjayKumarYadav
VijayDevarapalli,AjayKumarYadav
BManikanta,AjayKumarYadav
RaviShankar161,AjayKumarYadav
VisheshSaxena,AjayKumarYadav
monalisasethi,AjayKumarYadav
parinayjain,AjayKumarYadav
ChilukapavanKumar,AjayKumarYadav
MohitChaukikar,AjayKumarYadav
PratikSahoo,AjayKumarYadav
AadityaRaut,AjayKumarYadav
KaushikMahato,AjayKumarYadav
SharmaShrey,AjayKumarYadav
JayanPrajapati,AjayKumarYadav
ArunTankha,AjayKumarYadav
ManonitaDas,AjayKumarYadav
CGarg,AjayKumarYadav
amolsawant,AjayKumarYadav
rahuldeora,AjayKumarYadav
ShishirKumar1,AjayKumarYadav
RavikiranMaddali,AjayKumarYadav
AbhishekChourasiya,AjayKumarYadav
AJain,AjayKumarYadav
KumarAshwin,AjayKumarYadav
SumitKumar,AjayKumarYadav
JayakrishnaAlwar,AjayKumarYadav
AGNikhil,AjayKumarYadav
AakashSaxena,AjayKumarYadav
AbhishekKumar,AjayKumarYadav
AnkitKumarNandanwar,AjayKumarYadav
NehalSiroya,AjayKumarYadav
TanayNigam,AjayKumarYadav
MruthyunjayaRaoPadamata,PrateekKishore
Subhendupanigrahi,PrateekKishore
AnimeshChoudhary,PrateekKishore
PPachori,PrateekKishore
PiyushMayank,PrateekKishore
RakeshSarangi,PrateekKishore
SiddharthBala,PrateekKishore
HarikaNelli,PrateekKishore
PujaGorai,PrateekKishore
KiranReddy31,PrateekKishore
DebasishKanhar,PrateekKishore
NIPUNKHEMKA,PrateekKishore
SahilJalan,PrateekKishore
SayantanSarkar,PrateekKishore
ReasonFarazi,PrateekKishore
TIOEE,PrateekKishore
PankajMandal,PrateekKishore
NeeleshShekhar,PrateekKishore
wilnersdarima,PrateekKishore
RaviShankar161,PrateekKishore
AjayKumarYadav,PrateekKishore
ManishKumar390,PrateekKishore
BhargavaExcalibur,PrateekKishore
ArjunWadhawan,PrateekKishore
AarshPande,PrateekKishore
DSharma,PrateekKishore
PratikSahoo,PrateekKishore
SonuSharma,PrateekKishore
GayatriKumari,PrateekKishore
KaushikMahato,PrateekKishore
UjjwalRaghuvanshi,PrateekKishore
SharmaShrey,PrateekKishore
ArunTankha,PrateekKishore
PraneelJain,PrateekKishore
SanjeevBajaj,PrateekKishore
SaurabhAgarwal,PrateekKishore
CGarg,PrateekKishore
SumanRajat,PrateekKishore
rahuldeora,PrateekKishore
MrugankBhatt,PrateekKishore
ShishirKumar1,PrateekKishore
RavikiranMaddali,PrateekKishore
KumarAshwin,PrateekKishore
RoopamAttree,PrateekKishore
ArjunGoyal,PrateekKishore
sonisitepu,PrateekKishore
srivatsakandukuri,PrateekKishore
JayakrishnaAlwar,PrateekKishore
HaarshDubey,PrateekKishore
PrachiBhoyar,PrateekKishore
AnkitKumarNandanwar,PrateekKishore
AbhishekKapoor,PrateekKishore
NehalSiroya,PrateekKishore
KSaiRam,PrateekKishore
MilindTahalani,PrateekKishore
TarunSinghal,PrateekKishore
RathangJoshi,PrateekKishore
JAVEDALAM,PrateekKishore
HarmanGill4,PrateekKishore
ramanareddymaddirala,PrateekKishore
RogerWoodman,RushabhSanghvi
TarunGehlot,RushabhSanghvi
MallikarjunKarra,RushabhSanghvi
SiddharthBala,RushabhSanghvi
PujaGorai,RushabhSanghvi
NikitaSingh,RushabhSanghvi
MayurRastogi,RushabhSanghvi
SahilJalan,RushabhSanghvi
AyushGoel,RushabhSanghvi
NilayBang,RushabhSanghvi
HimenDoley,RushabhSanghvi
SouradeepPaul,RushabhSanghvi
NeeleshShekhar,RushabhSanghvi
SayedMaseehRezazadah,RushabhSanghvi
BhargavaExcalibur,RushabhSanghvi
AnnDumaliang,RushabhSanghvi
ArjunWadhawan,RushabhSanghvi
AarshPande,RushabhSanghvi
CharlotteDeRidder,RushabhSanghvi
KarthikNatarajan,RushabhSanghvi
DSharma,RushabhSanghvi
ShubhanshuMishra,RushabhSanghvi
PratikSahoo,RushabhSanghvi
KaushikMahato,RushabhSanghvi
UjjwalRaghuvanshi,RushabhSanghvi
ArunTankha,RushabhSanghvi
PraneelJain,RushabhSanghvi
SnehaSingh,RushabhSanghvi
MananMehta7,RushabhSanghvi
ShishirKumar1,RushabhSanghvi
NadeemAnjum1,RushabhSanghvi
RoopamAttree,RushabhSanghvi
AnubhavRazdan,RushabhSanghvi
AGNikhil,RushabhSanghvi
AnkitKumarNandanwar,RushabhSanghvi
NehalSiroya,RushabhSanghvi
GauravAgarwal8,RushabhSanghvi
DushyantMishra,RushabhSanghvi
MeijJournal,RushabhSanghvi
AnantAgarwal7,RushabhSanghvi
RoxanaBerche,RushabhSanghvi
UtkarshJaiswal,RushabhSanghvi
SaahilParekh,RushabhSanghvi
VipulJain,RushabhSanghvi
AmbujTiwari,RushabhSanghvi
EshwarVikas,RushabhSanghvi
AkshayKumar,RushabhSanghvi
SanjayMeena,RushabhSanghvi
NSrivastava,RushabhSanghvi
AgnivDass,RushabhSanghvi
CoeyLam,RushabhSanghvi
SachinJaiswal,RushabhSanghvi
SushilPatro,RushabhSanghvi
YashneeilSingh,RushabhSanghvi
AbhimanyuAbrol,RushabhSanghvi
VamshiMuga,RushabhSanghvi
SauravKarn,RushabhSanghvi
ShashankStifler,RushabhSanghvi
VishwambaraGowda,RushabhSanghvi
VineelGrandhi,RushabhSanghvi
VasanthakumarKaruppannan,KathireshKannan
mareeswaran,KathireshKannan
MuthuKasinath,KathireshKannan
shanmugasundaramA,KathireshKannan
VeeraBalaji,KathireshKannan
ramraghu,KathireshKannan
AbimanyuKumar,KathireshKannan
DonAravinth,KathireshKannan
TabrezAli,KathireshKannan
NatarajanElumalai,KathireshKannan
MaheshRavi,KathireshKannan
KGopalakrishnan,KathireshKannan
SENTHATTYGANESHKUMARS,KathireshKannan
TMoorthi,KathireshKannan
mohanprabhumohan,KathireshKannan
MubeenNazar,KathireshKannan
MotheeswarGanesan,KathireshKannan
SIVASAMYALAGARSAMY,KathireshKannan
PrabhuAbimaneu,KathireshKannan
VigneshBarathi,KathireshKannan
lakshmanramesh,KathireshKannan
kalanidhi08,KathireshKannan
poornakumars,KathireshKannan
MegaLingam,KathireshKannan
rajkumard,KathireshKannan
ParvathanBoss,KathireshKannan
SoundararajThangavel,KathireshKannan
,KathireshKannan
DavidT,KathireshKannan
SahilShaji,KathireshKannan
VigneshRamalingam,KathireshKannan
SusilaSivaprasad,KathireshKannan
gowthamAg,KathireshKannan
AnguRaj,KathireshKannan
AnandAries,KathireshKannan
ArunPrabaharan,KathireshKannan
prabhusivam,KathireshKannan
RahmanA,KathireshKannan
VedhaSiva,KathireshKannan
kabilancheran,KathireshKannan
GopiNAth25,KathireshKannan
poornimaindhuindhu,KathireshKannan
dineshkrishan,KathireshKannan
VickyVenkatesaperumal,KathireshKannan
VenkateshVenky,KathireshKannan
ElamParithi,KathireshKannan
SureshPsm,KathireshKannan
MrinalSingh,KathireshKannan
timothybacani,KathireshKannan
midhunsai,KathireshKannan
GokulnathGopalsamy,KathireshKannan
sudharsanakn,KathireshKannan
VenkateshKumar1,KathireshKannan
Natarajamoorthy,KathireshKannan
ANTONYRINS,KathireshKannan
saranskumar,KathireshKannan
PSrinivasan,KathireshKannan
nisanthnatesan,KathireshKannan
VickyTamil,KathireshKannan
sivakumar19,KathireshKannan
MruthyunjayaRaoPadamata,AshitaAnand
gauravdahake,AshitaAnand
SubhenduBhowal,AshitaAnand
AchillesSaxby,AshitaAnand
AakritiJain,AshitaAnand
AurkoChatterjee,AshitaAnand
SiddharthBala,AshitaAnand
HarikaNelli,AshitaAnand
PujaGorai,AshitaAnand
NIPUNKHEMKA,AshitaAnand
DebasishKanhar,AshitaAnand
SahilJalan,AshitaAnand
DivyaSappa,AshitaAnand
ThulasiJNambiar,AshitaAnand
SouradeepPaul,AshitaAnand
RounakGulati,AshitaAnand
ManishKumar390,AshitaAnand
BhargavaExcalibur,AshitaAnand
monalisasethi,AshitaAnand
TejalKamble,AshitaAnand
GayatriKumari,AshitaAnand
AmulyaPalle,AshitaAnand
AmandeepChanyal,AshitaAnand
VisheshGupta,AshitaAnand
ShilpaSinha,AshitaAnand
AkshataMohanty,AshitaAnand
SreeSudha1,AshitaAnand
MeghanaReddy,AshitaAnand
BShree,AshitaAnand
CGarg,AshitaAnand
SnehaChilivery,AshitaAnand
venugopalnaik,AshitaAnand
AninditaGandhi,AshitaAnand
NandithaUppada,AshitaAnand
RoopamAttree,AshitaAnand
AmritaSukrity,AshitaAnand
PrachiBhoyar,AshitaAnand
NehalSiroya,AshitaAnand
ArpitaReddy,AshitaAnand
SonamRaghuwanshi,AshitaAnand
RohitShah2,AshitaAnand
AmbujTiwari,AshitaAnand
SanjayMeena,AshitaAnand
AmitSahu,AshitaAnand
SoumyaPasumarthy,AshitaAnand
ApurvaJain,AshitaAnand
AgnishaSingh,AshitaAnand
AgrawalHritika,AshitaAnand
AadilNawaz1,AshitaAnand
SomMadhabBhattacharya,AshitaAnand
aditikadmawala,AshitaAnand
PalashVijay,AshitaAnand
PankajKumar,AshitaAnand
ShrutiKanungo,AshitaAnand
ManjiraSinha,AshitaAnand
SirishaGutti,AshitaAnand
AnamikaChowdhury,AshitaAnand
RamyaYerra,AshitaAnand
MayankBaliyan,AshitaAnand
pallerakesh,AshitaAnand
IjsrnetEditorial,RahulKoshal
DeepitPurkayastha,RahulKoshal
MruthyunjayaRaoPadamata,RahulKoshal
AyushUpadhyay,RahulKoshal
PPachori,RahulKoshal
MallikarjunKarra,RahulKoshal
SiddharthBala,RahulKoshal
PujaGorai,RahulKoshal
NIPUNKHEMKA,RahulKoshal
rupinder,RahulKoshal
SahilJalan,RahulKoshal
NilanjanaBhattacharya,RahulKoshal
AyushGoel,RahulKoshal
SachinSharma,RahulKoshal
NilayBang,RahulKoshal
ManisitDas,RahulKoshal
AbhishekChandwani,RahulKoshal
PankajMandal,RahulKoshal
NeeleshShekhar,RahulKoshal
AjayKumarYadav,RahulKoshal
ArjunWadhawan,RahulKoshal
AarshPande,RahulKoshal
DSharma,RahulKoshal
KaushikMahato,RahulKoshal
UjjwalRaghuvanshi,RahulKoshal
JayanPrajapati,RahulKoshal
ArunTankha,RahulKoshal
VelpuriBhargava,RahulKoshal
MeghanaReddy,RahulKoshal
NiharikaSwaroop,RahulKoshal
SumanRajat,RahulKoshal
ShishirKumar1,RahulKoshal
RavikiranMaddali,RahulKoshal
KumarAshwin,RahulKoshal
JayakrishnaAlwar,RahulKoshal
PalkushChawla,RahulKoshal
AdityaSingh5,RahulKoshal
AadityaSalgarkar,RahulKoshal
NehalSiroya,RahulKoshal
DushyantMishra,RahulKoshal
MilindTahalani,RahulKoshal
AnantAgarwal7,RahulKoshal
PrateekKishore,RahulKoshal
HarmanGill4,RahulKoshal
ShankarBhukya,RahulKoshal
RatanRahul,RahulKoshal
RakeshRoshanBehera,RahulKoshal
RushabhSanghvi,RahulKoshal
RahulJhawar,RahulKoshal
ShoaibShariff,RahulKoshal
SreejithPP,RahulKoshal
YashneeilSingh,RahulKoshal
SomMadhabBhattacharya,RahulKoshal
KunalPattanayak,RahulKoshal
RitikaTiwari,RahulKoshal
ChaitanyaBayanwala,RahulKoshal
DigvijaySanjayPatil,RahulKoshal
RupeshBansal,RahulKoshal
AshokKumarMeena,RahulKoshal
ShrutiKanungo,RahulKoshal
AvipshaDas,PrasanthMuralidharan
VamsiRamakrishnan,PrasanthMuralidharan
VarunNivasChandrasekaran,PrasanthMuralidharan
AmolBorkar,PrasanthMuralidharan
KaushikSrinivasan,PrasanthMuralidharan
KarthikVaidyanathan,PrasanthMuralidharan
LakshmiKrishnakumar,PrasanthMuralidharan
AbhinavVenkataraman,PrasanthMuralidharan
NabarunDas,PrasanthMuralidharan
PranayValson,PrasanthMuralidharan
DeySatadru,PrasanthMuralidharan
AkshayaSubramaniam,PrasanthMuralidharan
NousifNazar,PrasanthMuralidharan
SurajMuralitharan,PrasanthMuralidharan
PruthviKumar,PrasanthMuralidharan
TumuKumar,PrasanthMuralidharan
SenbagaramanSudarsanam,PrasanthMuralidharan
PrateekKalyankar,PrasanthMuralidharan
RamachandranKasiraman,PrasanthMuralidharan
OjasNatarajan,PrasanthMuralidharan
NitheeshSekar,PrasanthMuralidharan
LekshmiDharmarajan,PrasanthMuralidharan
KesavanRamakrishnan,PrasanthMuralidharan
UdayKiranPatil,PrasanthMuralidharan
SivabalanManiam,PrasanthMuralidharan
ParasAgarwal,PrasanthMuralidharan
VigneshSekar,PrasanthMuralidharan
KChaitanyaReddy,PrasanthMuralidharan
RoshanSaiSubburaj,PrasanthMuralidharan
NikhilPM,PrasanthMuralidharan
SaiSwaminathan,PrasanthMuralidharan
HariKishanAlluri,PrasanthMuralidharan
NatliaBorgesMarcelino,PrasanthMuralidharan
VismitaSonagra,PrasanthMuralidharan
DineshRavikumar,PrasanthMuralidharan
SiddharthUdayappanCT,PrasanthMuralidharan
RohitGarg7,PrasanthMuralidharan
SaiPrashanth,PrasanthMuralidharan
MalavikaHariharan,PrasanthMuralidharan
JosephSathyan,PrasanthMuralidharan
ArvindKrishnan,PrasanthMuralidharan
SanketPhalgaonkar,PrasanthMuralidharan
AshishRaste,PrasanthMuralidharan
NSikkandarBasha,PrasanthMuralidharan
RamKumarKesavan,PrasanthMuralidharan
PrasannaKumar,PrasanthMuralidharan
karthikm,PrasanthMuralidharan
NitishSridhar,PrasanthMuralidharan
DeepalakshmiBabuVenkateswaran,PrasanthMuralidharan
VigneshChandrasekaran,PrasanthMuralidharan
JoseDan,PrasanthMuralidharan
JiananSun,PrasanthMuralidharan
AdvithAsranna,PrasanthMuralidharan
HakanKazan,PrasanthMuralidharan
VaishaliIyer,PrasanthMuralidharan
DharanSashi,PrasanthMuralidharan
ShrikrishnaKulkarni,PrasanthMuralidharan
ShankarMahesh,PrasanthMuralidharan
SaiVenkatesh4,PrasanthMuralidharan
MihirMenon,PrasanthMuralidharan
MruthyunjayaRaoPadamata,DebonilMaity
AakritiJain,DebonilMaity
AnirudhMurthy,DebonilMaity
SiddharthBala,DebonilMaity
DebasishKanhar,DebonilMaity
AyushGoel,DebonilMaity
KaustavBiswas,DebonilMaity
NathSaurabh,DebonilMaity
ManishKumar390,DebonilMaity
PratikSahoo,DebonilMaity
SonuSharma,DebonilMaity
AbhisekDatta,DebonilMaity
MrugankBhatt,DebonilMaity
srivatsakandukuri,DebonilMaity
NishchayDayal,DebonilMaity
HarmanGill4,DebonilMaity
SushantJain,DebonilMaity
RushabhSanghvi,DebonilMaity
RajatSen,DebonilMaity
PrashanthGunasekaran,DebonilMaity
SumitJoshi,DebonilMaity
SomMadhabBhattacharya,DebonilMaity
RohanJain,DebonilMaity
RohanTiwari,DebonilMaity
SHUBHAMCHANDRA,DebonilMaity
manojshinde,DebonilMaity
ShashankSinsinwar,DebonilMaity
SivaPraneeth,DebonilMaity
abhimanyupavuluri,DebonilMaity
rishmors,DebonilMaity
AnirbanMukherjee,DebonilMaity
VardaanBhatia,DebonilMaity
SagarSinghvi,DebonilMaity
BanerjeePratyay,DebonilMaity
BaishikBiswas,DebonilMaity
SharadKumarr,DebonilMaity
PruthviKumar,DebonilMaity
PathakVkp,DebonilMaity
BhadreswarGhuku,DebonilMaity
ChetanKhaitan,DebonilMaity
KulaSekhar,DebonilMaity
SandeepDevarakonda,DebonilMaity
LuskuBesra,DebonilMaity
RavindraKumarVerma,DebonilMaity
ArnabMitra,DebonilMaity
SouravBose,DebonilMaity
SayoniChakraborty,DebonilMaity
SanjeevKumarYadav,DebonilMaity
SumanChatterjee2,DebonilMaity
IshtiyaqAhmad1,DebonilMaity
ShubhamGurjar,DebonilMaity
ShubhamKumar,DebonilMaity
MukherjeeSubhra,DebonilMaity
ChinmayMandal,DebonilMaity
ArindamMondal,DebonilMaity
NiladriSekharGhosh,DebonilMaity
SouMenMondAl11,DebonilMaity
SubhamBarman,DebonilMaity
ArghaChakraborty,DebonilMaity
SeemaHalder,DebonilMaity
MruthyunjayaRaoPadamata,MritunjayBeniwal
PPachori,MritunjayBeniwal
SiddharthBala,MritunjayBeniwal
AditiGupta,MritunjayBeniwal
ManisitDas,MritunjayBeniwal
RounakGulati,MritunjayBeniwal
VijayDevarapalli,MritunjayBeniwal
AjayKumarYadav,MritunjayBeniwal
PratikSahoo,MritunjayBeniwal
GayatriKumari,MritunjayBeniwal
KaushikMahato,MritunjayBeniwal
UjjwalRaghuvanshi,MritunjayBeniwal
ArunTankha,MritunjayBeniwal
PraneelJain,MritunjayBeniwal
CGarg,MritunjayBeniwal
RoopamAttree,MritunjayBeniwal
MilindTahalani,MritunjayBeniwal
JAVEDALAM,MritunjayBeniwal
HarmanGill4,MritunjayBeniwal
ramanareddymaddirala,MritunjayBeniwal
RushabhSanghvi,MritunjayBeniwal
SanjayMeena,MritunjayBeniwal
PraveenKavuri,MritunjayBeniwal
PujariRajkumar,MritunjayBeniwal
SiddharthaSatpathi,MritunjayBeniwal
aravindreddy,MritunjayBeniwal
AshitaAnand,MritunjayBeniwal
NaveenSingh,MritunjayBeniwal
SaiNiharika,MritunjayBeniwal
NitinGarg2,MritunjayBeniwal
harshitgupta,MritunjayBeniwal
RituTak,MritunjayBeniwal
MadalamHarsha,MritunjayBeniwal
PrashantTibrewal,MritunjayBeniwal
AnkitAgrawal5,MritunjayBeniwal
ManpreetChaudhary,MritunjayBeniwal
MondalPayel,MritunjayBeniwal
RishabhGupta,MritunjayBeniwal
ManideepThogaru,MritunjayBeniwal
InderjeetRawat,MritunjayBeniwal
SravanKumarVoona,MritunjayBeniwal
PruthviKumar,MritunjayBeniwal
RajatSajnani,MritunjayBeniwal
KeshavKJain,MritunjayBeniwal
ManuBhat,MritunjayBeniwal
MdShakil1,MritunjayBeniwal
ShivshankarMeena,MritunjayBeniwal
MandyGill1,MritunjayBeniwal
SaumyaranjanMohanty,MritunjayBeniwal
baburanjanthakur,MritunjayBeniwal
RaviUpadhyay,MritunjayBeniwal
HarshFaujdar,MritunjayBeniwal
RamKumarPuniya,MritunjayBeniwal
AnchitShahare,MritunjayBeniwal
ArnavBinha,MritunjayBeniwal
HimanshuShrivastava4,MritunjayBeniwal
PrabhatKumarAwadhiya,MritunjayBeniwal
AdityaParmar,MritunjayBeniwal
PiyushBharti,MritunjayBeniwal
VikasHaritwal,MritunjayBeniwal
gauravdahake,KumarAbhishek
PPachori,KumarAbhishek
MallikarjunKarra,KumarAbhishek
SiddharthBala,KumarAbhishek
GauravRathi,KumarAbhishek
PKaushal,KumarAbhishek
SayantanSarkar,KumarAbhishek
MGisap,KumarAbhishek
TIOEE,KumarAbhishek
PankajMandal,KumarAbhishek
ASingla,KumarAbhishek
VisheshSaxena,KumarAbhishek
AjayKumarYadav,KumarAbhishek
BhargavaExcalibur,KumarAbhishek
DSharma,KumarAbhishek
PratikSahoo,KumarAbhishek
KaushikMahato,KumarAbhishek
ArunTankha,KumarAbhishek
ShishirKumar1,KumarAbhishek
RavikiranMaddali,KumarAbhishek
JayakrishnaAlwar,KumarAbhishek
AbhishekKumar,KumarAbhishek
NehalSiroya,KumarAbhishek
DipeshJain,KumarAbhishek
MilindTahalani,KumarAbhishek
PrateekKishore,KumarAbhishek
AbishankaSaha,KumarAbhishek
RatanRahul,KumarAbhishek
ramanareddymaddirala,KumarAbhishek
Jesshu22,KumarAbhishek
SibhanshHastey,KumarAbhishek
SanjayMeena,KumarAbhishek
DevangAgrawal,KumarAbhishek
PujariRajkumar,KumarAbhishek
ShoaibShariff,KumarAbhishek
SiddharthaSatpathi,KumarAbhishek
SomMadhabBhattacharya,KumarAbhishek
Kumar,KumarAbhishek
VarunAggarwal,KumarAbhishek
pankajsharma,KumarAbhishek
RitwikYadav,KumarAbhishek
YajuvendraRathor,KumarAbhishek
RahulKoshal,KumarAbhishek
RohitKumar28,KumarAbhishek
SatishKumar,KumarAbhishek
harikakavali,KumarAbhishek
SanketPatil,KumarAbhishek
PrashantTibrewal,KumarAbhishek
PruthviKumar,KumarAbhishek
PuneetMurarka,KumarAbhishek
vinaypatel,KumarAbhishek
RaviUpadhyay,KumarAbhishek
baburanjanthakur,KumarAbhishek
ShirleySinha,KumarAbhishek
MayankMalaviya,KumarAbhishek
AshutoshUpadhyay,KumarAbhishek
NithishKolli,KumarAbhishek
amitprakash6,KumarAbhishek
MruthyunjayaRaoPadamata,ManideepThogaru
gauravdahake,ManideepThogaru
SiddharthBala,ManideepThogaru
BhupenderSingh,ManideepThogaru
KaushikMahato,ManideepThogaru
BennyMoses,ManideepThogaru
CGarg,ManideepThogaru
RavikiranMaddali,ManideepThogaru
KumarAshwin,ManideepThogaru
JayakrishnaAlwar,ManideepThogaru
VivekKumar30,ManideepThogaru
NehalSiroya,ManideepThogaru
VamseeSundar,ManideepThogaru
RatanRahul,ManideepThogaru
AmbujTiwari,ManideepThogaru
Jesshu22,ManideepThogaru
RushabhSanghvi,ManideepThogaru
manideepattanti,ManideepThogaru
PraveenKavuri,ManideepThogaru
SiddharthaSatpathi,ManideepThogaru
SomasishGhosh,ManideepThogaru
SaiKrishnaKanthHari,ManideepThogaru
AshitaAnand,ManideepThogaru
MedaTeja,ManideepThogaru
SaranSrikanth,ManideepThogaru
PiyushJaiswal,ManideepThogaru
SandeepChikkala,ManideepThogaru
MritunjayBeniwal,ManideepThogaru
ArunKumar161,ManideepThogaru
rishmors,ManideepThogaru
MadalamHarsha,ManideepThogaru
AnkitAgrawal5,ManideepThogaru
ManpreetChaudhary,ManideepThogaru
Gautamraj,ManideepThogaru
SunkaraAshish,ManideepThogaru
PruthviKumar,ManideepThogaru
VamshedharReddy,ManideepThogaru
KavyaSri,ManideepThogaru
AnanthKishore,ManideepThogaru
AnilKumarYelam,ManideepThogaru
AnjaliVasudevan,ManideepThogaru
SantoshMsk,ManideepThogaru
KrishnaPraveen1,ManideepThogaru
DineshCh,ManideepThogaru
BhaskarTiwari,ManideepThogaru
PrudhvRaj,ManideepThogaru
SusovanPal,ManideepThogaru
UdayKiran,ManideepThogaru
ImmidisettyAnudeep,ManideepThogaru
MurugaVel,ManideepThogaru
BhargavaMourya,ManideepThogaru
AdityaRakshak,ManideepThogaru
mahanthymallela,ManideepThogaru
Vinitkumar,ManideepThogaru
HimanshuChakranarayan,ManideepThogaru
AkankshaShrivastava,daisytigga
PujaGorai,daisytigga
DivyaSappa,daisytigga
ThulasiJNambiar,daisytigga
RounakGulati,daisytigga
TejalKamble,daisytigga
GayatriKumari,daisytigga
AmulyaPalle,daisytigga
SreeSudha1,daisytigga
MeghanaReddy,daisytigga
BShree,daisytigga
NandithaUppada,daisytigga
RoopamAttree,daisytigga
AmritaSukrity,daisytigga
GopinathSoren,daisytigga
ArpitaReddy,daisytigga
SonamRaghuwanshi,daisytigga
JAVEDALAM,daisytigga
SanjayMeena,daisytigga
AshitaAnand,daisytigga
VishwambaraGowda,daisytigga
ShrutiKanungo,daisytigga
SirishaGutti,daisytigga
NeerajKumar,daisytigga
SarojMeena,daisytigga
AjayaKumarKavala,daisytigga
MekalaKrishnaveni,daisytigga
RohitChauhan,daisytigga
HarikaSnowy,daisytigga
PrasanthGeddam,daisytigga
kumarbhaskar,daisytigga
SomainaBrahma,daisytigga
AnugnaReddy,daisytigga
MondalPayel,daisytigga
AmitPatra,daisytigga
PruthviKumar,daisytigga
NehaRanjan,daisytigga
SinghalGopal,daisytigga
MeeraStephen,daisytigga
MKujur,daisytigga
baburanjanthakur,daisytigga
leelaKumari,daisytigga
IjoeJournal,daisytigga
VirendraSingh32,daisytigga
RishabhSingh,daisytigga
ksruthi,daisytigga
KshemaJohnson,daisytigga
MANOJKUMAR,daisytigga
weiwei,daisytigga
DevuChodankar,daisytigga
SatyajitBanerjee,daisytigga
MruthyunjayaRaoPadamata,AnirbanMalick
AchillesSaxby,AnirbanMalick
AurkoChatterjee,AnirbanMalick
PPachori,AnirbanMalick
SiddharthBala,AnirbanMalick
PujaRay,AnirbanMalick
NilayBang,AnirbanMalick
ManisitDas,AnirbanMalick
AarshPande,AnirbanMalick
SonuSharma,AnirbanMalick
KaushikMahato,AnirbanMalick
AbhisekDatta,AnirbanMalick
KamalenduGhosh,AnirbanMalick
GopinathSoren,AnirbanMalick
SruthiChekuri,AnirbanMalick
PradhanAmit,AnirbanMalick
MilindTahalani,AnirbanMalick
SundarKumarJvs,AnirbanMalick
RushabhSanghvi,AnirbanMalick
SanjayMeena,AnirbanMalick
HarshytGOel,AnirbanMalick
AgnishaSingh,AnirbanMalick
SiddharthaSatpathi,AnirbanMalick
MadhurMeenakhshiBhattacharya,AnirbanMalick
AyanHazra,AnirbanMalick
AshishVasava,AnirbanMalick
AkshaySingh,AnirbanMalick
DwipayanKar,AnirbanMalick
MayankBaliyan,AnirbanMalick
SharvashishDas,AnirbanMalick
sureshbabu,AnirbanMalick
SiddharthMaheshwari,AnirbanMalick
AbhijitBabar,AnirbanMalick
ArunKumar161,AnirbanMalick
NikunjBajaj,AnirbanMalick
MadalamHarsha,AnirbanMalick
AvinashSaxena,AnirbanMalick
AyushBanka,AnirbanMalick
BaishikBiswas,AnirbanMalick
AnubrataDas,AnirbanMalick
PruthviKumar,AnirbanMalick
vinaypatel,AnirbanMalick
ShivshankarMeena,AnirbanMalick
SreejaBanerjee,AnirbanMalick
AtulyaJyoti,AnirbanMalick
baburanjanthakur,AnirbanMalick
OyendrillaSamanta,AnirbanMalick
PayelBanerjee,AnirbanMalick
RayPriyanka,AnirbanMalick
AbhikDas,AnirbanMalick
ehabAboueladab,vinaypatel
MruthyunjayaRaoPadamata,vinaypatel
PankajMandal,vinaypatel
NeeleshShekhar,vinaypatel
BhargavaExcalibur,vinaypatel
KaushikMahato,vinaypatel
SreeSudha1,vinaypatel
CGarg,vinaypatel
ShishirKumar1,vinaypatel
sandeepchaurasia,vinaypatel
NehalSiroya,vinaypatel
RatanRahul,vinaypatel
AmbujTiwari,vinaypatel
PaltuKumarDhal,vinaypatel
SomMadhabBhattacharya,vinaypatel
TelenaPradhan,vinaypatel
YajuvendraRathor,vinaypatel
SoumyaPandit,vinaypatel
ShailendraRajora,vinaypatel
SupratimGhosh,vinaypatel
KumarAbhishek,vinaypatel
SandeshNiranjan,vinaypatel
PruthviKumar,vinaypatel
AnirbanMalick,vinaypatel
niteshgupta,vinaypatel
VishnuSubramanian,vinaypatel
MdShakil1,vinaypatel
JaswantBafna,vinaypatel
LuskuBesra,vinaypatel
divya,vinaypatel
BikramNayak,vinaypatel
chandrasekharkuppam,vinaypatel
PiyushBharti,vinaypatel
DEEPAKKUMAR,vinaypatel
MahboobImtiyaz,vinaypatel
sakshamsolanki,vinaypatel
RishabhTiwari5,vinaypatel
SatyajeetChatterjee,vinaypatel
AneeshKumar12,vinaypatel
AlokPandey12,vinaypatel
RaiVineet,vinaypatel
pranavveer,vinaypatel
DivyaShah,vinaypatel
AmarDeep6,vinaypatel
RituChoudhary,vinaypatel
MadhusudanKushwaha,vinaypatel
MalarKannan,vinaypatel
DeepanshuPathak,vinaypatel
JASMINECHUGH,vinaypatel
ApoorvJain,MdShakil1
MruthyunjayaRaoPadamata,MdShakil1
AurkoChatterjee,MdShakil1
PPachori,MdShakil1
SiddharthBala,MdShakil1
SumitMohanty,MdShakil1
AyushGoel,MdShakil1
ManisitDas,MdShakil1
ManishKumar390,MdShakil1
PratikSahoo,MdShakil1
KaushikMahato,MdShakil1
AbhisekDatta,MdShakil1
BShree,MdShakil1
CGarg,MdShakil1
SumanRajat,MdShakil1
MrugankBhatt,MdShakil1
NadeemAnjum1,MdShakil1
JayakrishnaAlwar,MdShakil1
GopinathSoren,MdShakil1
MilindTahalani,MdShakil1
JAVEDALAM,MdShakil1
VamseeSundar,MdShakil1
SanjayMeena,MdShakil1
FarhanAhmad,MdShakil1
HarshytGOel,MdShakil1
RaviVerma22,MdShakil1
SiddharthaSatpathi,MdShakil1
AakashSultania,MdShakil1
AleemJaved,MdShakil1
JawedAquib,MdShakil1
AnkitJhille,MdShakil1
MritunjayBeniwal,MdShakil1
AnubhavSingh8,MdShakil1
harshitgupta,MdShakil1
AnkitAgrawal5,MdShakil1
ManpreetChaudhary,MdShakil1
ShirazSohail,MdShakil1
BaishikBiswas,MdShakil1
InderjeetRawat,MdShakil1
PruthviKumar,MdShakil1
TauseefNomani,MdShakil1
vinaypatel,MdShakil1
PumaXalxo,MdShakil1
ShreejaDatta,MdShakil1
mohammedaarif,MdShakil1
baburanjanthakur,MdShakil1
ArnavBinha,MdShakil1
GauravBansal,UmeshKumar46
AnimeshChoudhary,UmeshKumar46
AurkoChatterjee,UmeshKumar46
GauravRathi,UmeshKumar46
DebasishKanhar,UmeshKumar46
AyushGoel,UmeshKumar46
SouradeepPaul,UmeshKumar46
AKannamwar,UmeshKumar46
ManishKumar390,UmeshKumar46
ArjunWadhawan,UmeshKumar46
MohitChaukikar,UmeshKumar46
DSharma,UmeshKumar46
GayatriKumari,UmeshKumar46
SmarakSikdar,UmeshKumar46
AbhisekDatta,UmeshKumar46
BismayaSahoo,UmeshKumar46
srivatsakandukuri,UmeshKumar46
JayakrishnaAlwar,UmeshKumar46
VivekKumar30,UmeshKumar46
AnantAgarwal7,UmeshKumar46
JAVEDALAM,UmeshKumar46
VibhorAggarwal,UmeshKumar46
RakeshKrishnaAndey,UmeshKumar46
ShoaibShariff,UmeshKumar46
YashneeilSingh,UmeshKumar46
MohitJhalani,UmeshKumar46
AyanHazra,UmeshKumar46
AkshaySingh,UmeshKumar46
SunilDas5,UmeshKumar46
AmarOsho,UmeshKumar46
AkshayKumar21,UmeshKumar46
SiddharthMaheshwari,UmeshKumar46
KonthamRajesh,UmeshKumar46
KanjakhaPal,UmeshKumar46
NisargTripathi,UmeshKumar46
AyushBanka,UmeshKumar46
PruthviKumar,UmeshKumar46
AbhishekUpmanyu,UmeshKumar46
HimanshuChowdhary,UmeshKumar46
NitinSharma18,UmeshKumar46
ArnavBinha,UmeshKumar46
TasnuvaDisha,UmeshKumar46
PratikBansal,UmeshKumar46
MruthyunjayaRaoPadamata,JaswantBafna
NIPUNKHEMKA,JaswantBafna
ManisitDas,JaswantBafna
PankajMandal,JaswantBafna
AKannamwar,JaswantBafna
RounakGulati,JaswantBafna
PratikSahoo,JaswantBafna
KaushikMahato,JaswantBafna
SreeSudha1,JaswantBafna
venugopalnaik,JaswantBafna
CGarg,JaswantBafna
MrugankBhatt,JaswantBafna
ShishirKumar1,JaswantBafna
kishorekommi,JaswantBafna
NehalSiroya,JaswantBafna
MilindTahalani,JaswantBafna
KalyaniNimbalkar,JaswantBafna
PrateekKishore,JaswantBafna
RatanRahul,JaswantBafna
Vora,JaswantBafna
ApurvJain,JaswantBafna
HarshytGOel,JaswantBafna
SiddharthaSatpathi,JaswantBafna
AakashSultania,JaswantBafna
SomMadhabBhattacharya,JaswantBafna
AshitaAnand,JaswantBafna
PavitjotSinghMann,JaswantBafna
abhilashvalle,JaswantBafna
SwapnilShekhar,JaswantBafna
ShashankSinsinwar,JaswantBafna
NitinGarg2,JaswantBafna
SiddharthMaheshwari,JaswantBafna
PrabhatRanjan2,JaswantBafna
InderjeetRawat,JaswantBafna
PruthviKumar,JaswantBafna
vinaypatel,JaswantBafna
RaviUpadhyay,JaswantBafna
LuskuBesra,JaswantBafna
VivekSinghChandel,JaswantBafna
ArnavBinha,JaswantBafna
AkhilGupta,JaswantBafna
PiyushBharti,JaswantBafna
PrayagBiswal,LuskuBesra
MruthyunjayaRaoPadamata,LuskuBesra
ManisitDas,LuskuBesra
PankajMandal,LuskuBesra
AjayKumarYadav,LuskuBesra
PratikSahoo,LuskuBesra
KaushikMahato,LuskuBesra
ArunTankha,LuskuBesra
CGarg,LuskuBesra
MrugankBhatt,LuskuBesra
ShishirKumar1,LuskuBesra
RavikiranMaddali,LuskuBesra
JayakrishnaAlwar,LuskuBesra
GopinathSoren,LuskuBesra
NehalSiroya,LuskuBesra
MilindTahalani,LuskuBesra
DaneshwarPrasadSah,LuskuBesra
PujariRajkumar,LuskuBesra
ShoaibShariff,LuskuBesra
SomMadhabBhattacharya,LuskuBesra
RupeshBansal,LuskuBesra
RahulKoshal,LuskuBesra
HeeraLal,LuskuBesra
DebonilMaity,LuskuBesra
DharmaTudu,LuskuBesra
PruthviKumar,LuskuBesra
vinaypatel,LuskuBesra
NeelkanthPan,LuskuBesra
baburanjanthakur,LuskuBesra
DilsonBirua,LuskuBesra
JaswantBafna,LuskuBesra
AnandChoudhary,LuskuBesra
BirendraKisku,LuskuBesra
CHAITANMAJHI,LuskuBesra
JitendraMarndi,LuskuBesra
PrashantKumar255,LuskuBesra
KaushalKumar5,LuskuBesra
RATHINSAREN,LuskuBesra
DhaneshwarMurmu,LuskuBesra
akhileshkumar2,LuskuBesra
pankajkumar253,LuskuBesra
MatukumilliVDPrasad,TanmoyBose
KaushikMukherjee,TanmoyBose
TripathyShuvendu,TanmoyBose
KalyanKanigalpula,TanmoyBose
SaikatDutta,TanmoyBose
SoumenKar,TanmoyBose
SubhasisMaji,TanmoyBose
FatimaHaider,TanmoyBose
SankarRoy,TanmoyBose
SankarMukherjee,TanmoyBose
MukulBisoi,TanmoyBose
ChayanBandyopadhyay,TanmoyBose
SabyasachiMondal,TanmoyBose
ANJANKRDAN,TanmoyBose
DharmaTudu,TanmoyBose
PruthviKumar,TanmoyBose
BiswarupDas,TanmoyBose
DipakKumarGiri,TanmoyBose
AtanuDB,TanmoyBose
AmitMondal3,TanmoyBose
RajeshMondal,TanmoyBose
NarayanRoy,TanmoyBose
SangramMukherjee,TanmoyBose
LaxmanAdda,TanmoyBose
RanjitEipl,TanmoyBose
KalyanBhakta,TanmoyBose
GuptaAmitKumar,TanmoyBose
ManishMakwanaAhir,TanmoyBose
SeyedMHashemi,TanmoyBose
AnkurGupta,TanmoyBose
prasadjoshi,TanmoyBose
AshirbadJana,TanmoyBose
jahanzaibnaqvi,TanmoyBose
AshwinUmale,TanmoyBose
sinajalily,TanmoyBose
KellJ,TanmoyBose
SalvatoreAntonio,TanmoyBose
MruthyunjayaRaoPadamata,PrabhatKumarAwadhiya
NIPUNKHEMKA,PrabhatKumarAwadhiya
DebasishKanhar,PrabhatKumarAwadhiya
AbhishekChandwani,PrabhatKumarAwadhiya
ABHISHEKRAJ,PrabhatKumarAwadhiya
AarshPande,PrabhatKumarAwadhiya
DSharma,PrabhatKumarAwadhiya
PratikSahoo,PrabhatKumarAwadhiya
GayatriKumari,PrabhatKumarAwadhiya
PraneelJain,PrabhatKumarAwadhiya
AbhisekDatta,PrabhatKumarAwadhiya
RavikiranMaddali,PrabhatKumarAwadhiya
srivatsakandukuri,PrabhatKumarAwadhiya
PrateekKishore,PrabhatKumarAwadhiya
JAVEDALAM,PrabhatKumarAwadhiya
HarmanGill4,PrabhatKumarAwadhiya
RushabhSanghvi,PrabhatKumarAwadhiya
RajPatel75,PrabhatKumarAwadhiya
NagendraA,PrabhatKumarAwadhiya
RohanJain,PrabhatKumarAwadhiya
PalashVijay,PrabhatKumarAwadhiya
ShrutiKanungo,PrabhatKumarAwadhiya
RohanTiwari,PrabhatKumarAwadhiya
SukeerthReddy,PrabhatKumarAwadhiya
MritunjayBeniwal,PrabhatKumarAwadhiya
AnandSharma3,PrabhatKumarAwadhiya
PrasanthGeddam,PrabhatKumarAwadhiya
MadalamHarsha,PrabhatKumarAwadhiya
SagarSinghvi,PrabhatKumarAwadhiya
PawanVerma5,PrabhatKumarAwadhiya
PruthviKumar,PrabhatKumarAwadhiya
PrabhatKumar20,PrabhatKumarAwadhiya
KaashSingh,PrabhatKumarAwadhiya
girishdevkumarchaurasiya,PrabhatKumarAwadhiya
AbhinavSharma67,PrabhatKumarAwadhiya
VivekHanumante,PrabhatKumarAwadhiya
SiddharthBala,BipradipDas
ManisitDas,BipradipDas
ManishKumar390,BipradipDas
AbhisekDatta,BipradipDas
SaurabhAgarwal,BipradipDas
VivekKumar30,BipradipDas
AkankshaAgrawal,BipradipDas
VipulJain,BipradipDas
SiddharthRath,BipradipDas
KeshavRatan,BipradipDas
SaiKrishnaKanthHari,BipradipDas
ShashankStifler,BipradipDas
ShashiPrakash,BipradipDas
manojshinde,BipradipDas
EliasShaik,BipradipDas
ShaliniSah,BipradipDas
ArunKumar161,BipradipDas
PruthviKumar,BipradipDas
BhadreswarGhuku,BipradipDas
SinghalGopal,BipradipDas
ShubhabrataBose,BipradipDas
SuvadipBanerjee,BipradipDas
RichaSharma,BipradipDas
PriyankaBiswas,BipradipDas
GauravGunawat,BipradipDas
ADas,BipradipDas
MondalDipanjan,BipradipDas
MurugaVel,BipradipDas
NikeshBansal,BipradipDas
PratikBansal,BipradipDas
ShubhajoySarkar,BipradipDas
MruthyunjayaRaoPadamata,NihilReddy
KiranReddy31,NihilReddy
DSharma,NihilReddy
KaushikMahato,NihilReddy
JayakrishnaAlwar,NihilReddy
VivekKumar30,NihilReddy
AnkitaDas6,NihilReddy
SundarKumarJvs,NihilReddy
VamseeSundar,NihilReddy
Jesshu22,NihilReddy
PraveenKavuri,NihilReddy
SaiKrishnaKanthHari,NihilReddy
PrajjavalSingh,NihilReddy
MadalamHarsha,NihilReddy
ManpreetChaudhary,NihilReddy
PruthviKumar,NihilReddy
PradeepBhaskarani,NihilReddy
BhargavTangirala,NihilReddy
KulaSekhar,NihilReddy
AnilKumarYelam,NihilReddy
PrudhviSagarSreeramoju,NihilReddy
ChaitanyaBalijireddy,NihilReddy
ShivajiAlaparthi,NihilReddy
ManjariBluepearl,NihilReddy
PrashanthBandlamudi,NihilReddy
BharadwajCheruvu,NihilReddy
OmganeshSrinath,NihilReddy
KarthikKrishna,NihilReddy
abhilashperumandla,NihilReddy
RevanthReddyM,NihilReddy
NikeshBansal,NihilReddy
MruthyunjayaRaoPadamata,KrishnaPraveen1
SiddharthBala,KrishnaPraveen1
SumitMohanty,KrishnaPraveen1
PujaGorai,KrishnaPraveen1
NIPUNKHEMKA,KrishnaPraveen1
DebasishKanhar,KrishnaPraveen1
BhargavaExcalibur,KrishnaPraveen1
RavikiranMaddali,KrishnaPraveen1
srivatsakandukuri,KrishnaPraveen1
VamseeSundar,KrishnaPraveen1
ShankarBhukya,KrishnaPraveen1
AbhinavJindal,KrishnaPraveen1
Jesshu22,KrishnaPraveen1
RayapureddyveeravenkataramalakshmiNarayanarao,KrishnaPraveen1
SaiKotha,KrishnaPraveen1
AshitaAnand,KrishnaPraveen1
PiyushJaiswal,KrishnaPraveen1
MounikaTekula,KrishnaPraveen1
CharanGajjela,KrishnaPraveen1
abhimanyupavuluri,KrishnaPraveen1
NisargTripathi,KrishnaPraveen1
PrasanthGeddam,KrishnaPraveen1
ManideepThogaru,KrishnaPraveen1
PruthviKumar,KrishnaPraveen1
ChaituRebel,KrishnaPraveen1
SaiSwaroopReddy,KrishnaPraveen1
RameshBabuNaladi,KrishnaPraveen1
HemaSrujana,KrishnaPraveen1
YalamatiGanesh,KrishnaPraveen1
RahulRoy34,KrishnaPraveen1
PrasanthMuralidharan,JiananSun
DeySatadru,JiananSun
PruthviKumar,JiananSun
TumuKumar,JiananSun
SahilSandhu,JiananSun
KartikBagga,JiananSun
RoshanSaiSubburaj,JiananSun
KousaalyaBakthavatchalam,JiananSun
AndreaGil,JiananSun
ShankarMahesh,JiananSun
ShrikrishnaKulkarni,JiananSun
JesseChangshuaiLi,JiananSun
TangKE,JiananSun
FangmingCao,JiananSun
AkashCp,JiananSun
SiyuGUo,JiananSun
YangHan,JiananSun
FryadMuhammad,JiananSun
AndrewCannon,JiananSun
XiaoqingCao,JiananSun
ZhiyuanDu,JiananSun
JasmineZhang,JiananSun
XingXu1,JiananSun
SidduSiddarth,SudeepHampiholi
PruthviKumar,SudeepHampiholi
SakethRamchandra,SudeepHampiholi
ManjunathTR,SudeepHampiholi
VamosVamshiVercittiKrishna,SudeepHampiholi
AshishSingh131,SudeepHampiholi
ShravankumarRajaram,SudeepHampiholi
karthikkumar30,SudeepHampiholi
SrinidhiKrishnan,SudeepHampiholi
VineelSunny,SudeepHampiholi
SainathKommineni,SudeepHampiholi
ArjunReddy,SudeepHampiholi
ShyamKumar4,SudeepHampiholi
JyotsanaBarnwal,SudeepHampiholi
NikhilGhanathe,SudeepHampiholi
RanjithKumar123,SudeepHampiholi
PadminiBalagopalan,SudeepHampiholi
MohammedJunaid,SudeepHampiholi
AmitSolania,SudeepHampiholi
AravindKrishnan,SudeepHampiholi
ManjuSonu,SudeepHampiholi
AparnaPadamati,SudeepHampiholi
PruthviKumar,MoulikaMouli
SakethRamchandra,MoulikaMouli
LohithaReddy,MoulikaMouli
VihariWordslinger,MoulikaMouli
SaiCheranGoud,MoulikaMouli
SukumarDranzer,MoulikaMouli
AnudeepNly,MoulikaMouli
saajanvaranasi,TejaYadav
ShijoJose,TejaYadav
ShobithaJacob,TejaYadav
KunalGaidhankar,TejaYadav
SarathBabuMG,TejaYadav
VenusVerma,TejaYadav
PreetiSrinivasan,TejaYadav
AnshumaliBaruah,TejaYadav
BeeravelliChetan,TejaYadav
AshimChakrabarty,TejaYadav
SiddharthaRauniar,TejaYadav
RidhimaMehrotra,TejaYadav
AnamKhan,TejaYadav
AnkitaMandal,TejaYadav
DivyaSingh,TejaYadav
EjazFysel,TejaYadav
MalvikaMehta,TejaYadav
MinakshiMohanta,TejaYadav
AditiDwivedi1,TejaYadav
RamaKrishnaRachakonda,TejaYadav
ShankhadeepChaudhuri,TejaYadav
SyamGompa,TejaYadav
KaranPrasad,TejaYadav
KabilanSathyamurthy,TejaYadav
AnjuWakhley,TejaYadav
RevinaSoni,TejaYadav
AnujMittal,TejaYadav
SurbhiKamboj,TejaYadav
VaniSood,TejaYadav
RamakiranMareedu,TejaYadav
KushagraKeshav,TejaYadav
HarshParmar5,TejaYadav
murarikumarraja,TejaYadav
RojanJoseph,TejaYadav
MalvikaRautela,TejaYadav
NikitDeshlahra,TejaYadav
PratyushaHalder,TejaYadav
HarsiddhSonara,TejaYadav
ShamitaChaudhry,TejaYadav
SrivastavaMohit,TejaYadav
dishareddy,TejaYadav
SuriSiddharth,TejaYadav
TryambakeshShukla,TejaYadav
surjmani,TejaYadav
AnjithAugustine,TejaYadav
ThatikondaNandini,TejaYadav
AKumar,TejaYadav
JithinKairamkonda,TejaYadav
KaushikBhattacharjee,TejaYadav
AmanpreetDuggal,TejaYadav
RajeshKuppili,TejaYadav
DaminiRathi,TejaYadav
SuprimaJoshi,TejaYadav
ThangmeiyoRamror,TejaYadav
VatsalyaSharma,TejaYadav
RishavPaul,TejaYadav
MonikuntalaDas,TejaYadav
RadhikaRavindran,TejaYadav
SukanyaSharma,TejaYadav
SrinivasNuti,TejaYadav
PraneelJain,PhanitejaMarupaka
venugopalnaik,PhanitejaMarupaka
SaideepKaripalli,PhanitejaMarupaka
SrinivasNuti,PhanitejaMarupaka
PraneshSuram,PhanitejaMarupaka
SaiKotha,PhanitejaMarupaka
PrashansaShrivastava,PhanitejaMarupaka
SatyaSamyukta,PhanitejaMarupaka
AbhinavKrishnan,PhanitejaMarupaka
RahmanAbdur,PhanitejaMarupaka
VivekRoy,PhanitejaMarupaka
AkshayJain,PhanitejaMarupaka
SaiSrivatsavaVemu,PhanitejaMarupaka
SathvikReddy,PhanitejaMarupaka
SpandanaAchanta,PhanitejaMarupaka
LipsaBharati,PhanitejaMarupaka
TejeshKarampudi,PhanitejaMarupaka
TarunVarmaLanda,PhanitejaMarupaka
SaiSanthosh,PhanitejaMarupaka
NiteshPatra,PhanitejaMarupaka
AmithReddy,PhanitejaMarupaka
ShubhamSirothia,PhanitejaMarupaka
AkhilThomas,PhanitejaMarupaka
AbhinavMishra,PhanitejaMarupaka
HarshilPawar,PhanitejaMarupaka
AkhilSoma,PhanitejaMarupaka
RakeshGuguloth,PhanitejaMarupaka
BadaRohit,PhanitejaMarupaka
PraharshaHarsh,PhanitejaMarupaka
VamshiGudavarthi,PhanitejaMarupaka
RaghuCharanA,PhanitejaMarupaka
SaurabhKumar,PhanitejaMarupaka
KrishnaGella,PhanitejaMarupaka
ShashankBhushan,PhanitejaMarupaka
RizwanaShaik3,PhanitejaMarupaka
SiddharthaVasireddy,PhanitejaMarupaka
NaveenReddyYedla,PhanitejaMarupaka
RuthwikBharadwaj,PhanitejaMarupaka
SaurabhPathak,PhanitejaMarupaka
KavyaSri,PhanitejaMarupaka
KPradeepKumar,PhanitejaMarupaka
SaitejaKatlagunta,PhanitejaMarupaka
MohitKumar,PhanitejaMarupaka
PrabhakarSAchanta,PhanitejaMarupaka
ManasaBhupathiraju,PhanitejaMarupaka
MGajula,PhanitejaMarupaka
ShineSunny,PhanitejaMarupaka
KothaHariKrishna,PhanitejaMarupaka
PradeepRout,PhanitejaMarupaka
ChaturanthGangolu,PhanitejaMarupaka
SivaprudhviManepalli,PhanitejaMarupaka
RaviKanthUppuluri,PhanitejaMarupaka
RashmiParamkusham,PhanitejaMarupaka
MridulMeena,PhanitejaMarupaka
UmeshVardhelly,PhanitejaMarupaka
RMeena,PhanitejaMarupaka
MtechManufacturing,PhanitejaMarupaka
AshwaniKumar,PhanitejaMarupaka
SaurabhAgrawal1,PhanitejaMarupaka
KoushikKrishna,PhanitejaMarupaka
RachelArmstrong,RajeshPothamsetty
RaviTejaPalla,RajeshPothamsetty
LohithMenchu,RajeshPothamsetty
SriramKarnati,RajeshPothamsetty
AnirudhNelabhotla,RajeshPothamsetty
RoyRituraj,RajeshPothamsetty
BharathVeeravalli,RajeshPothamsetty
SaiNadimpalli,RajeshPothamsetty
SandeshMareddy,RajeshPothamsetty
AJayaKiranReddy,RajeshPothamsetty
TanveetSaluja,RajeshPothamsetty
VasanthSai,RajeshPothamsetty
ShivaSai,RajeshPothamsetty
NavyaSahithi,RajeshPothamsetty
PrateekAgarwal12,RajeshPothamsetty
SivaBanda,RajeshPothamsetty
ChaitanyaPonnapalli,RajeshPothamsetty
AbulAzad,RajeshPothamsetty
SudheerMarisetty,RajeshPothamsetty
SriramReddyKalluri,RajeshPothamsetty
AtmakuriVenkataTrinath,RajeshPothamsetty
RavichandraPothamsetty,RajeshPothamsetty
PrasanthAlapati,RajeshPothamsetty
NigamaaNayakanti,RajeshPothamsetty
ManojV,RajeshPothamsetty
ShivaniTeegala,RajeshPothamsetty
HasanKumarReddyA,RajeshPothamsetty
MohankrishnaManchala,RajeshPothamsetty
TurlapatykarthikSharma,RajeshPothamsetty
GurumohanReddy,RajeshPothamsetty
VaibhavManchala,RajeshPothamsetty
RaviVooda,RajeshPothamsetty
SakK,RajeshPothamsetty
ChiragSapra,RajeshPothamsetty
LakshmiGangavathiKarri,RajeshPothamsetty
RamanLadda,RajeshPothamsetty
SwaminathNaidu,RajeshPothamsetty
MohdBilal,RajeshPothamsetty
AnushAcademia,RajeshPothamsetty
RadhikaKalantri,RajeshPothamsetty
AchutaMuraliKarthikVankayala,RajeshPothamsetty
MannavaSpandan,RajeshPothamsetty
KeerthanaChilukuri,RajeshPothamsetty
AbhishekDevarakonda,RajeshPothamsetty
ReddySankeerth,RajeshPothamsetty
NavdeepAggarwal,RajeshPothamsetty
NaveenReddyYedla,RajeshPothamsetty
SpandanaKontham,RajeshPothamsetty
SatishChandra9,RajeshPothamsetty
RameshKottamasu,RajeshPothamsetty
BheemireddyVarun,RajeshPothamsetty
SundarSubramanian2,RajeshPothamsetty
RajendraKrishna1,RajeshPothamsetty
ArchitArora,RajeshPothamsetty
AnujDubey1,RajeshPothamsetty
AnjaniGanti,RajeshPothamsetty
RaghuRaghavendra,RajeshPothamsetty
RajagopalBojanapalli,RajeshPothamsetty
AvinashKvs,RajeshPothamsetty
SahukariDinesh,RajeshPothamsetty
SaideepKaripalli,PraharshaHarsh
KPavanKumar,PraharshaHarsh
VamsiKrishna,PraharshaHarsh
NavyaSahithi,PraharshaHarsh
ManojBobba,PraharshaHarsh
PhanitejaMarupaka,PraharshaHarsh
MounikaTekula,PraharshaHarsh
CharanGajjela,PraharshaHarsh
ManojDasi,PraharshaHarsh
PuttaRamKumar,PraharshaHarsh
GrKumar,PraharshaHarsh
SkKhasim,PraharshaHarsh
VishwanathNagallapati,PraharshaHarsh
HarishVuba,PraharshaHarsh
AravindSuresh,PraharshaHarsh
VasalaSaiKrishna,PraharshaHarsh
BabithaMachireddy,PraharshaHarsh
SravanKumarVoona,PraharshaHarsh
MadhuSudhanPermi,PraharshaHarsh
SrikarBodla,PraharshaHarsh
AshokNaren,PraharshaHarsh
DheerajSwamy,PraharshaHarsh
KalyanVelamakanni,PraharshaHarsh
NaveenReddyYedla,PraharshaHarsh
KskNandan,PraharshaHarsh
ShivaElluru,PraharshaHarsh
KanchumartyBhaskar,PraharshaHarsh
SivaprudhviManepalli,PraharshaHarsh
KolliLaxman,PraharshaHarsh
NagendraReddyVennapusa,PraharshaHarsh
AnnangiAbhinav,PraharshaHarsh
KartheekDandi,PraharshaHarsh
NishanthChowdaryR,PraharshaHarsh
KavyaMekala,PraharshaHarsh
RajatKumar3,PraharshaHarsh
RaghavaReddy,PraharshaHarsh
DeepakPalli,PraharshaHarsh
KesaniHarshith,PraharshaHarsh
SaitejaKrishna,PraharshaHarsh
SaiReddy8,PraharshaHarsh
CharanTej3,PraharshaHarsh
DivyaRavichandran,PraharshaHarsh
KartheekPaturu,PraharshaHarsh
DheerajNexuz,PraharshaHarsh
FarheenIsmail,PraharshaHarsh
SiddhuChowdary,PraharshaHarsh
RupeshKumar,PraharshaHarsh
SuryaPrakash36,PraharshaHarsh
NKumar,PraharshaHarsh
TejaswiChitta,PraharshaHarsh
VishakhaVinod,PraharshaHarsh
AshokDa,PraharshaHarsh
AlaminSumon,SravanKathi
NikhilPrathapani,SravanKathi
SinghSatpal,SravanKathi
SaiKotha,SravanKathi
VamsiKrishna,SravanKathi
JagmohanGaarg,SravanKathi
SaahilGupta,SravanKathi
deepakyadav,SravanKathi
ManojKumar307,SravanKathi
ShamanthSathu,SravanKathi
NaveenReddyYedla,SravanKathi
PachikaSaketh,SravanKathi
YashashwiKauschav,SravanKathi
SavanKumar1,SravanKathi
VinayJonnalagadda,SravanKathi
BaluChowdary,SravanKathi
JitenGirdhar,SravanKathi
PrudhviSagarSreeramoju,SravanKathi
NitinPagidipalli,SravanKathi
NarenAryan,SravanKathi
RishiRohan,SravanKathi
ShankarU,SravanKathi
VijayKunduru,SravanKathi
PrashanthKarupothula,SravanKathi
RamYeshwanthM,SravanKathi
sharadamani,SravanKathi
SSaurav,SravanKathi
TarunAzad,SravanKathi
YashwantDagar,SravanKathi
JiwantSingh,SravanKathi
ajaysingh,SravanKathi
ManojSaini2,SravanKathi
SahilBhati,SravanKathi
KumarHRavi,SravanKathi
AbhiGrover,SravanKathi
KachavarapuAjayRayudu,SravanKathi
DeepanshuGarg1,SravanKathi
ManiNaidu,SravanKathi
ThakurRajeshSingh,SravanKathi
BalvinderKamboj,SravanKathi
SaiSanaka,SravanKathi
PruthviRaj5,SravanKathi
ChintalaSudharsanReddy,SravanKathi
SreevalsaKolathayar,ParamitaBhattacharya2
ShaikhFaruqueAli,ParamitaBhattacharya2
PrasenjitBiswas,ParamitaBhattacharya2
SuganyaKuppuswamy,ParamitaBhattacharya2
MurariVarma,ParamitaBhattacharya2
NiveditaDash,ParamitaBhattacharya2
SuhanaSarangi,ParamitaBhattacharya2
NabarunDey,ParamitaBhattacharya2
VivekPadmanabha,ParamitaBhattacharya2
SammedPatil,ParamitaBhattacharya2
ArifAliBaigMoghal,ParamitaBhattacharya2
ArpanChattopadhyay,ParamitaBhattacharya2
AnuThangavel,ParamitaBhattacharya2
jyotsnarao,ParamitaBhattacharya2
PratibhaRamesh,ParamitaBhattacharya2
AbhishekBanerjee,ParamitaBhattacharya2
AmanKumar,ParamitaBhattacharya2
faizahbawadi,ParamitaBhattacharya2
NaveenReddyYedla,ParamitaBhattacharya2
ArnabRoy,ParamitaBhattacharya2
AprubanMukherjee,ParamitaBhattacharya2
SarveshChandra,ParamitaBhattacharya2
reshminambiar,ParamitaBhattacharya2
AshwiniGupta2,ParamitaBhattacharya2
DharmeshLal,ParamitaBhattacharya2
MenhadiHasan,ParamitaBhattacharya2
GiriRajaparthy,ParamitaBhattacharya2
SrikanthDeevi,ParamitaBhattacharya2
TusharGuha,ParamitaBhattacharya2
SibapriyaMukherjee,ParamitaBhattacharya2
SoumenduNandi,ParamitaBhattacharya2
PranabSasmal,ParamitaBhattacharya2
AKannamwar,MaheshKumarBodapudi
RakeshKumarY,MaheshKumarBodapudi
NavyaSahithi,MaheshKumarBodapudi
SharathSantosh,MaheshKumarBodapudi
AzizRahman,MaheshKumarBodapudi
,MaheshKumarBodapudi
NaveenReddyYedla,MaheshKumarBodapudi
SwapnilSisle,MaheshKumarBodapudi
AaseeshPreetam,MaheshKumarBodapudi
VishruthCool,MaheshKumarBodapudi
KavyaGunda,MaheshKumarBodapudi
SaiKiran94,MaheshKumarBodapudi
SairamBade,MaheshKumarBodapudi
abhijeethdandothkar,MaheshKumarBodapudi
RajivRatanReddy,MaheshKumarBodapudi
ShravaniNarra,MaheshKumarBodapudi
DileepChakravarthy,MaheshKumarBodapudi
VBodapudi,MaheshKumarBodapudi
SandeepKadarla,MaheshKumarBodapudi
NallaniSandeep,MaheshKumarBodapudi
AdarshDavid,MaheshKumarBodapudi
KongaraSuraj,MaheshKumarBodapudi
SRamavath,MaheshKumarBodapudi
SrinathGopathi,MaheshKumarBodapudi
SrujayKrishna,MaheshKumarBodapudi
GannerlaEsha,MaheshKumarBodapudi
SathishKanukurthi,MaheshKumarBodapudi
saisrimai,MaheshKumarBodapudi
NurenderKumar,MaheshKumarBodapudi
VenumadhukumarVarmaSravanam,MaheshKumarBodapudi
pramodmorthala,MaheshKumarBodapudi
rram,MaheshKumarBodapudi
RavitejaRavs,VinayTeja
AbhilashBandi,VinayTeja
NaveenReddyYedla,VinayTeja
RoshanRajani,VinayTeja
BaluChowdary,VinayTeja
ChandraKanthReddy,VinayTeja
CharanJavvadi,VinayTeja
VipinSingh7,VinayTeja
ShankarRuled,VinayTeja
SaiPavanTelukuntla,VinayTeja
SaiKiranEvuri,VinayTeja
phanireddy,VinayTeja
SrinaagSamudrala,VinayTeja
AbhinavBobby,VinayTeja
ReddyHemanthKumar,VinayTeja
ShashankVoore,VinayTeja
DineshReddy17,VinayTeja
VijayKumar984,VinayTeja
ChitraGodavarti,VinayTeja
AdityaMohan,VinayTeja
VikasMudhigonda,VinayTeja
KachavarapuAjayRayudu,VinayTeja
ManasGuduri,VinayTeja
VenuReddy18,VinayTeja
SarthakRam,VinayTeja
AnoopPalavai,VinayTeja
PhaniKumar5,VinayTeja
SrikanthSree,VinayTeja
MaiDep,VinayTeja
sairam,VinayTeja
SKrishna,VinayTeja
SaideepKaripalli,RaviTeja
DeepakMohan,RaviTeja
AkarshVarma,RaviTeja
SaiKotha,RaviTeja
VamsiKrishna,RaviTeja
ManojBobba,RaviTeja
SameerAshraf,RaviTeja
RohitDharavath,RaviTeja
VenkateshHarisyam,RaviTeja
SaiSrivatsavaVemu,RaviTeja
AkhileshGodi,RaviTeja
SathwikAkula,RaviTeja
GowthamReddy,RaviTeja
muralinaik,RaviTeja
BharathKumarBanoth,RaviTeja
AChinta,RaviTeja
KarthikBethi,RaviTeja
SaiPavanKumar,RaviTeja
NareshB,RaviTeja
NaveenReddyYedla,RaviTeja
KMuraliKrishna,RaviTeja
NuthalapatiSriharsha,RaviTeja
RaviKanthUppuluri,RaviTeja
SSuryaTejaS,RaviTeja
NareshAkunuri,RaviTeja
PhalgunaTejaswi,RaviTeja
SVSaiRam,RaviTeja
SarathAvanigadda,RaviTeja
ManiRam5,RaviTeja
LokeshKolakaleti,RaviTeja
sachinkharwar,RaviTeja
RaviAgarwal,SumitSrivastava
SwetabhKumar,SumitSrivastava
AliMardaniAghabaglou,SumitSrivastava
PraneethMaganti,SumitSrivastava
VenkteshPandey,SumitSrivastava
SoumyaGanguly,SumitSrivastava
SriramKrishnaswamy,SumitSrivastava
SankalpGupta1,SumitSrivastava
ARPITSARAN,SumitSrivastava
VimarshSrivastava,SumitSrivastava
VarunSoni,SumitSrivastava
AshishSarda,SumitSrivastava
NaveenReddyYedla,SumitSrivastava
AnkitPatodiya,SumitSrivastava
JagadeeshAnmala,SumitSrivastava
VanshKhurana,SumitSrivastava
SurendraGupta7,SumitSrivastava
NitishGarg,SumitSrivastava
ChethnKrishna,SumitSrivastava
jfgndijdns,SumitSrivastava
SinghSamarpana,SumitSrivastava
rohitgupta122,SumitSrivastava
karanrupani,SumitSrivastava
SravanKathi,KachavarapuAjayRayudu
NaveenReddyYedla,KachavarapuAjayRayudu
BaluChowdary,KachavarapuAjayRayudu
phanimellacheruvu,KachavarapuAjayRayudu
VinayTeja,KachavarapuAjayRayudu
abhijeethdandothkar,KachavarapuAjayRayudu
AbhinavBobby,KachavarapuAjayRayudu
SaiSanaka,KachavarapuAjayRayudu
RajendraRJ,KachavarapuAjayRayudu
AbhilashRamadugu,KachavarapuAjayRayudu
SampathReddyP,KachavarapuAjayRayudu
AtluriSaikanth,KachavarapuAjayRayudu
MadhuPagadoju,KachavarapuAjayRayudu
NagendarSamula,KachavarapuAjayRayudu
ChinnySaida,KachavarapuAjayRayudu
SampathRaoPerala,KachavarapuAjayRayudu
XiaoyunLi,WenjianZhou
NaveenReddyYedla,WenjianZhou
EmmaWeiGuan,WenjianZhou
AudreyJiang,WenjianZhou
RohitGupta131,WenjianZhou
LizWang,WenjianZhou
CrystalLiuYingying,WenjianZhou
TonyYuTsao,WenjianZhou
RandallSCall,WenjianZhou
ShengLi9,WenjianZhou
TianHangZhao,WenjianZhou
SiyiXie,WenjianZhou
NaveenReddyYedla,RajendraRJ
AbdulSameer1,RajendraRJ
sharadamani,RajendraRJ
PrudhviChowdaryGudimalla,RajendraRJ
VishnuGantam,RajendraRJ
KachavarapuAjayRayudu,RajendraRJ
YoganandaMandla,RajendraRJ
RezwanHaque3,RajendraRJ
RamanjiReddy,RajendraRJ
YowanMagar,RajendraRJ
IJCAxJournal,SampathReddyP
NaveenReddyYedla,SampathReddyP
BhargaviShashankKundha,SampathReddyP
AbhinavBobby,SampathReddyP
,SampathReddyP
KachavarapuAjayRayudu,SampathReddyP
SaiTeja,SampathReddyP
ChSambha,SampathReddyP
JonathanAnayaMartinez,ChoCynthia
NaveenReddyYedla,ChoCynthia
TereenaJames,ChoCynthia
SajanSankaran,VasaviKrishna
SaideepKaripalli,VasaviKrishna
vjammula,VasaviKrishna
srinivasnagmandali,VasaviKrishna
NThangavel,VasaviKrishna
SourrendereAmudha,VasaviKrishna
RanjanaVarghese,VasaviKrishna
ShivaRam,VasaviKrishna
BalajiKaruppaswamy,VasaviKrishna
ShaktiShaligram,VasaviKrishna
rajeevgopinath,VasaviKrishna
UmaMaheshwar,VasaviKrishna
pilliabhishek,VasaviKrishna
SaketSaurabh,VasaviKrishna
JoseErinjery,VasaviKrishna
VakaPraveen,VasaviKrishna
AmitKumarBedakaAmitKumarBedaka,VasaviKrishna
KarthickMaharajan,VasaviKrishna
ChaitanyaKavuri,VasaviKrishna
harishnagarajan,VasaviKrishna
MonishaSubramani,VasaviKrishna
KarthikBethi,VasaviKrishna
MannavaSpandan,VasaviKrishna
MaddyMadhu,VasaviKrishna
GauthamSurya,VasaviKrishna
LaxmanReddy1,VasaviKrishna
UmeshVasu,VasaviKrishna
KumarSinghRaj,VasaviKrishna
WanrisaKharkongor,VasaviKrishna
DeliceCyriac,VasaviKrishna
ManojManu3,VasaviKrishna
ChiranjeeviKasina,VasaviKrishna
RameshKrishnan6,VasaviKrishna
GirishSai,VasaviKrishna
SiddarthChinda,VasaviKrishna
askiran,VasaviKrishna
HariharanRamanathan,VasaviKrishna
KeerthiVigneshKumarJ,VasaviKrishna
VineetSangewar,VasaviKrishna
ARao,VasaviKrishna
JerryChristo,VasaviKrishna
hemanthk,VasaviKrishna
MadhavanSudharsan,VasaviKrishna
RajKumarMora,VasaviKrishna
PraveenSekar,VasaviKrishna
PoojaGopakumar,VasaviKrishna
PrawinKumar,VasaviKrishna
SagarDolas,VasaviKrishna
KavyaSelvam,VasaviKrishna
RajMohan,VasaviKrishna
KoushikBokkisa,VasaviKrishna
SudhakarSudha2,VasaviKrishna
VivekShankar,VasaviKrishna
SaiKalyanKonduri,VasaviKrishna
RajeshNadella,VasaviKrishna
amarnathmallu,VasaviKrishna
VishnuGopakumar,VasaviKrishna
NivedaAshok,VasaviKrishna
DhruvParmar,VasaviKrishna
ImranKhan556,VasaviKrishna
PranushaManthri,KartikNamburi
SomanaSarath,KartikNamburi
ChaitanyaPonnapalli,KartikNamburi
KrishanthArunasalam,KartikNamburi
VikasKanukollu,KartikNamburi
adityaundru,KartikNamburi
RamyaSri12,KartikNamburi
VAMSEEKRISHNADILLI,KartikNamburi
AnkitKabra,KartikNamburi
BarlaManideep,KartikNamburi
KaustubhaAmaravadi,KartikNamburi
SukumarMacherla,KartikNamburi
YasaswiAkkiraju,KartikNamburi
PrasadLaxmi,KartikNamburi
SiddarthChinda,KartikNamburi
RohanAgrawal8,KartikNamburi
JaikrishnaKrishna,KartikNamburi
PraneethKovela,KartikNamburi
SruthiSekhar,KartikNamburi
ChakradharBezawada,KartikNamburi
VamshiKrishnaPadidela,KartikNamburi
JaitraDasariVanga,KartikNamburi
NaveenIndala,KartikNamburi
TapanReddy,KartikNamburi
PraveenVoruganti,KartikNamburi
NaveenCh,KartikNamburi
GautamGogada,KartikNamburi
SankeerthVangala,KartikNamburi
MahendranathReddy,KartikNamburi
saigoutham,KartikNamburi
MariaSanober,KartikNamburi
KesavaVarmaNallaparaju,KartikNamburi
SaiSurya,KartikNamburi
CharlesSabbithi,KartikNamburi
sohelmohammed,KartikNamburi
SruthiRamya,KartikNamburi
HamsaVijay,KartikNamburi
rohittaunk,KartikNamburi
TSaketh,KartikNamburi
NillaKrishna,KartikNamburi
SejalMundada,KartikNamburi
sivakrishna,KartikNamburi
RPranav,KartikNamburi
HarshavardhanPuruma,KartikNamburi
RajeevUllengala,KartikNamburi
VikasChennuri,KartikNamburi
DilipBoddula,KartikNamburi
HarishVadlamani,KartikNamburi
RaviLvr,KartikNamburi
VarmaPavan,KartikNamburi
SwethaReddy3,KartikNamburi
SayanKumar,KartikNamburi
SandeepGudla,KartikNamburi
VBShivaPrasad,KartikNamburi
jaikrishna6,KartikNamburi
tekkepushpakamvivek,KartikNamburi
GarvMalik,SriKalyanaRamaJ
KaiQian,SriKalyanaRamaJ
KavyaMohan,SriKalyanaRamaJ
AyothiramanRamanathan,SriKalyanaRamaJ
TadikamallaMuralidharaRao,SriKalyanaRamaJ
MalagavelliVenu,SriKalyanaRamaJ
RanjitPatil,SriKalyanaRamaJ
DarshanChauhan,SriKalyanaRamaJ
Varunk,SriKalyanaRamaJ
KrithikaAishwarya,SriKalyanaRamaJ
KoritalaRamaKoteswararao,SriKalyanaRamaJ
KurraSuresh,SriKalyanaRamaJ
DarshanPujara,SriKalyanaRamaJ
SKonka,SriKalyanaRamaJ
MohitAnand,SriKalyanaRamaJ
SatishKumar413,SriKalyanaRamaJ
rahulsankruthyayan,SriKalyanaRamaJ
DrVSRajuMudunuri,SriKalyanaRamaJ
rahulsank,SriKalyanaRamaJ
PanduRangaRaoBavineni,SriKalyanaRamaJ
DPujara,SriKalyanaRamaJ
KantaraoMandava,SriKalyanaRamaJ
TCHANDRASEKHARRAO,SriKalyanaRamaJ
rameshv12,SriKalyanaRamaJ
sarathchandra,SriKalyanaRamaJ
BasanthiDevabhaktuni,SriKalyanaRamaJ
RaviRaj,SriKalyanaRamaJ
MayankJain,SriKalyanaRamaJ
SarkarAnkit,SriKalyanaRamaJ
VishwakarmaSumit,SriKalyanaRamaJ
ahmedhassan183,SriKalyanaRamaJ
sekhar1,SriKalyanaRamaJ
ShankarGanesan,PotluriSachin
PriyankTrivedi,PotluriSachin
PhanitejaNallam,PotluriSachin
ShivaReisende,PotluriSachin
FelipeHelfer,PotluriSachin
ParthSharma,PotluriSachin
RamanNani,PotluriSachin
RameshBabuNaladi,PotluriSachin
ManojManu3,PotluriSachin
SiddarthChinda,PotluriSachin
AbhiramKondreddi,PotluriSachin
TirumaleshTirumalesh,PotluriSachin
SwathikaKarthikeyan,PotluriSachin
JamesJohnson16,PotluriSachin
JowinSa,PotluriSachin
ElonoreKuentz,PotluriSachin
AjinkyaJadhav,PotluriSachin
NagGajavalli,PotluriSachin
RakhiSajeeth,PotluriSachin
NitinSaini8,PotluriSachin
PrinceSrk,PotluriSachin
MuthyalaNaresh,PotluriSachin
LeblancS,PotluriSachin
BhargavAlla,PotluriSachin
AkhileshBatra,PotluriSachin
AlexandreFavre,PotluriSachin
JubedaShaik,PotluriSachin
RajaSekhar100,PotluriSachin
AbhijithKrishnanR,PotluriSachin
HarishPedapudi,PotluriSachin
RamaSubbaReddyVennapusa,RangaSwamiReddy
ddattasainath,RangaSwamiReddy
AbhishekRaut,RangaSwamiReddy
SiddarthChinda,RangaSwamiReddy
MahendranathReddy,RangaSwamiReddy
rohittaunk,RangaSwamiReddy
JitenderNaikV,RangaSwamiReddy
sharathchandra34,RangaSwamiReddy
SrinivasPoloju,RangaSwamiReddy
SandeepGudla,RangaSwamiReddy
SagarVetal,RangaSwamiReddy
suryaprasadarsha,RangaSwamiReddy
DeviSowjanyaBobbarala,RangaSwamiReddy
LavanyaNarayanamurthy,RangaSwamiReddy
ShashidharPatlolla,RangaSwamiReddy
NaveenPitla,RangaSwamiReddy
LakshmiSushmithaTallapudi,RangaSwamiReddy
sravanthisriphani,RangaSwamiReddy
rekhagandhi,RangaSwamiReddy
isukapallikalyani,RangaSwamiReddy
manikantavemula,RangaSwamiReddy
PavaniE,RangaSwamiReddy
saikumarkanikatla,RangaSwamiReddy
SaiPanindher,RangaSwamiReddy
RamaduguAdithya,RangaSwamiReddy
subodhyadav,RangaSwamiReddy
swathib,RangaSwamiReddy
zakirkhan,RangaSwamiReddy
teengreen,RangaSwamiReddy
SaideepKaripalli,MahendranathReddy
ChendurKumaran,MahendranathReddy
SriPrakyathIyyapu,MahendranathReddy
Abhinavgopal,MahendranathReddy
HariPrasad,MahendranathReddy
AbhinaySali,MahendranathReddy
AkarshVarma,MahendranathReddy
AbulAzad,MahendranathReddy
KoradaAshish,MahendranathReddy
PrasannaProne,MahendranathReddy
JeetOza,MahendranathReddy
bhargavaramkanda,MahendranathReddy
RamyakantDesabattula,MahendranathReddy
muralinaik,MahendranathReddy
Vamshiballikonda,MahendranathReddy
KartikNamburi,MahendranathReddy
PathlavathRajashekhar,MahendranathReddy
RohithMittapalli,MahendranathReddy
SiddarthChinda,MahendranathReddy
SreeKalyanPeruri,MahendranathReddy
GopalaKrishnaRodda,MahendranathReddy
RangaSwamiReddy,MahendranathReddy
ShachitIyer,MahendranathReddy
AnkurChattopadhyay,MahendranathReddy
JitenderNaikV,MahendranathReddy
GopiNath65,MahendranathReddy
SivaPrasadChekri,MahendranathReddy
ShashidharPatlolla,MahendranathReddy
SourabhUikey,MahendranathReddy
KarthikVarada,JitenderNaikV
SaiPuli,JitenderNaikV
AdithyanRaja,JitenderNaikV
kalicharanvemuru,JitenderNaikV
MuditTanwani,JitenderNaikV
ManojGuduguntlaG,JitenderNaikV
ARaghavendraAditya,JitenderNaikV
NavyaTejM,JitenderNaikV
SiddarthChinda,JitenderNaikV
AsifAhammed,JitenderNaikV
ManikJindal,JitenderNaikV
DheerajYadav,JitenderNaikV
NareshAsithosh,JitenderNaikV
MuniEswaran,JitenderNaikV
RangaSwamiReddy,JitenderNaikV
MahendranathReddy,JitenderNaikV
PrinceBanoth,JitenderNaikV
nagarajpammar,JitenderNaikV
sharathchandra34,JitenderNaikV
SandeepGudla,JitenderNaikV
KiranPrabhaker,JitenderNaikV
ShashidharPatlolla,JitenderNaikV
ATirupathiRao,JitenderNaikV
SarathAllaka,JitenderNaikV
SajanSankaran,SmjBasha
PhanitejaNallam,SmjBasha
pilliabhishek,SmjBasha
KarthikBethi,SmjBasha
SrikarChandra,SmjBasha
VenkataSatishMadala,SmjBasha
RameshBabuNaladi,SmjBasha
SiddarthChinda,SmjBasha
kondepatisriram,SmjBasha
VaibhavJain,SmjBasha
SriramPillutla,SmjBasha
LakshmiRamSaiPullepu,SmjBasha
SiddharthaKodali,SmjBasha
TataGopi,SmjBasha
HarishSurya,SmjBasha
BhavaniMathi,SmjBasha
SajithaVemula,SmjBasha
SarathSai,SmjBasha
RameshBabuNaladi,HarishSurya
NarendraKumar,HarishSurya
SiddarthChinda,HarishSurya
SarathChowdary1,HarishSurya
SaiRam2,HarishSurya
SriramPillutla,HarishSurya
VenkatasaikiranTavva,HarishSurya
SmjBasha,HarishSurya
ManikantaMech,HarishSurya
DivyaS9,HarishSurya
WaazidAliShaik,HarishSurya
KarolinaWieszczycka,HarishSurya
GuptaAnjaneya,HarishSurya
AbdulRiyaz,HarishSurya
AurghoBhattacharjee,HarshaBeeram
ShivaReisende,HarshaBeeram
KalyanKota,HarshaBeeram
ManikantasaiParimi,HarshaBeeram
SiddarthChinda,HarshaBeeram
DineshVemula,HarshaBeeram
RangacharyuluPeesapati,HarshaBeeram
KumarReddyPraveen,HarshaBeeram
AshishBodhankar,HarshaBeeram
SravanKota,HarshaBeeram
KiranrajBalaji,HarshaBeeram
samhithasathyagari,HarshaBeeram
SiddarthChinda,ShashidharPatlolla
PuneethKp,ShashidharPatlolla
SaiSamir,ShashidharPatlolla
RangaSwamiReddy,ShashidharPatlolla
MahendranathReddy,ShashidharPatlolla
SaiSurya,ShashidharPatlolla
JitenderNaikV,ShashidharPatlolla
PraveenReddy,ShashidharPatlolla
DimpuSatya,ShashidharPatlolla
SiddarthChinda,RaviTeja241
SatishKuppili,RaviTeja241
TejaReddy18,RaviTeja241
TanweerSaleemBaig,RaviTeja241
AnudeepPunnamaraju,RaviTeja241
SriBharathGarapati,RaviTeja241
RasheedAbdul,RaviTeja241
JaswanthramDavuluri,RaviTeja241
AnirudhMurthy,PorojBhuyan
SiddharthSharad,PorojBhuyan
MahboobReza,PorojBhuyan
AayushSharma,PorojBhuyan
palashbansal,PorojBhuyan
TikenDeori,PorojBhuyan
AbhimanyuHarlalka,PorojBhuyan
ManimugdhaSharma,PorojBhuyan
BiplabDeka,PorojBhuyan
AbhijitTalukdar,PorojBhuyan
ShakyaShamik,PorojBhuyan
RitamayaC,PorojBhuyan
ShubhamPrakhar,PorojBhuyan
AmberShukla,PorojBhuyan
HarpreetSinghHora,PorojBhuyan
RitikaSaraf,PorojBhuyan
AnkitKumar,PorojBhuyan
AngshumanChoudhury,PorojBhuyan
AnamZaman,PorojBhuyan
MayankPandey14,PorojBhuyan
MallAkshay,PorojBhuyan
BhavyaVats,PorojBhuyan
PratyushJha,PorojBhuyan
Chaudhury,PorojBhuyan
DhruvNehru,PorojBhuyan
NishantMishra,PorojBhuyan
KaranChadha,PorojBhuyan
AineshMadan,PorojBhuyan
SiddhantDas,PorojBhuyan
BhupaliKashyap,PorojBhuyan
AditiMallick,PorojBhuyan
NibedanPathak,PorojBhuyan
SumedhaSahani,PorojBhuyan
PallabPegu,PorojBhuyan
NilotpalDas,PorojBhuyan
AishwaryaMohapatra,PorojBhuyan
BhavyaBhambri,PorojBhuyan
SuyashHassija,PorojBhuyan
BidyutChangmai,PorojBhuyan
DhritimanTalukdar,PorojBhuyan
SharmaNiyati,PorojBhuyan
PalashmoniSaikia,PorojBhuyan
GauravKBaruah,PorojBhuyan
ShantanuDewan,PorojBhuyan
AnkurPatel25,PorojBhuyan
NeerajKumar145,PorojBhuyan
SummerNickollette,PorojBhuyan
AleemJaved,PorojBhuyan
KaushalAgarwalla,PorojBhuyan
RushabhVora,PorojBhuyan
VaibhavGoel5,PorojBhuyan
NitishAnand3,PorojBhuyan
azkaqureshi,PorojBhuyan
NabajitHazarika,PorojBhuyan
ArunavaRay,PorojBhuyan
HrishikeshChakrabarty,PorojBhuyan
KulendraBarman,PorojBhuyan
VatsalGupta2,PorojBhuyan
AbhijitBoruah,PorojBhuyan
AnubhavVardhan,PorojBhuyan
DivyeKapoor,KanikGupta
AshutoshKumar130,KanikGupta
shubhamgarg,KanikGupta
MohitChoudhary5,KanikGupta
SiddharthMaheshwari,KanikGupta
VikramRathore,KanikGupta
GiridaranManivannan,KanikGupta
BhawnaMotwani,KanikGupta
AshwiniKhare,KanikGupta
PrateekThakur2,KanikGupta
MadhavPathak,KanikGupta
NitinGupta,KanikGupta
AnujGoel4,KanikGupta
AAgrawal,KanikGupta
PrakarshDuhoon,KanikGupta
PurvaPruthi,KanikGupta
AshutoshSingh,KanikGupta
AkshayArora,KanikGupta
DivyaSingh9,KanikGupta
AbhijeetKumar3,KanikGupta
gangwarneeraj,KanikGupta
SoumyaGhosh,KanikGupta
AbhinoorDhull,KanikGupta
PradyumnaPaliwal,KanikGupta
hemantkumar,KanikGupta
AbhinavJain1,KanikGupta
SaahilGupta,KanikGupta
ShubhanshuDubey,KanikGupta
AmitPatra,KanikGupta
SaiKiran75,KanikGupta
DishantSingla,KanikGupta
ChandrakantJat,KanikGupta
AbhishekJoshi,KanikGupta
AshutoshSingh99,KanikGupta
DharaniKumar,KanikGupta
PranavSharma5,KanikGupta
SurajKumarSau,KanikGupta
MukulKaushik,KanikGupta
AdityaDharmashaktu,KanikGupta
PrernaPaliwal,KanikGupta
,KanikGupta
PuneetPandey1,KanikGupta
AmitSrivastava5,KanikGupta
TarunBansal,KanikGupta
SaumyaAgrawal,KanikGupta
PankajBishnoi,KanikGupta
TusharTiwari,KanikGupta
AnujPaliwal,KanikGupta
VishruthCool,KanikGupta
AMITJANGRA,KanikGupta
SharmaYatin,KanikGupta
PiyushBharti,KanikGupta
AditiGarg,KanikGupta
VanshKhurana,KanikGupta
PankajGudlani,KanikGupta
DeveshPradhan,KanikGupta
SmitParsania,KanikGupta
ShivanshGaur,KanikGupta
NehaBansal1,KanikGupta
ManasAgarwal,KanikGupta
NehaAggarwal26,AnujGoel4
SauravNarjinary,AnujGoel4
DibakarBarua,AnujGoel4
PeeushGoel,AnujGoel4
GargPulkit,AnujGoel4
CheenaPasrija,AnujGoel4
MayanBansal,AnujGoel4
AgamGoel,AnujGoel4
AshishBaheti,AnujGoel4
KanikGupta,AnujGoel4
MicroMktMMMM,AnujGoel4
AnupamSobti,AnujGoel4
SKPrusty,AnujGoel4
PranavJanardhanan,AnujGoel4
DipanChakraborty,AnujGoel4
AyushiRohira,AnujGoel4
YatinDawra,AnujGoel4
sahilgupta1,AnujGoel4
NehaLadha,AnujGoel4
PrasadAnkita,AnujGoel4
GauravKala,AnujGoel4
SaahilGupta,AnujGoel4
RamyaKodali,AnujGoel4
MahaSinghGulati,AnujGoel4
AvinashMuraliNair,AnujGoel4
pranshujain,AnujGoel4
SoniPranshu,AnujGoel4
BaidyanathBose,AnujGoel4
AdityaKhare,AnujGoel4
PrateekGoyal4,AnujGoel4
ParsitaKundu,AnujGoel4
SumitBedi,AnujGoel4
DeepakNair10,AnujGoel4
NamanJain,AnujGoel4
AbhishekKansal,AnujGoel4
HarshaRvs,AnujGoel4
BhagyashreeDhawan,AnujGoel4
NishthaPande,AnujGoel4
AjayDhameliya,AnujGoel4
AnshulJindal,AnujGoel4
RajatKhurana,AnujGoel4
NinadShukla,AnujGoel4
gjain,AnujGoel4
HimaniBatra,AnujGoel4
AshokPatro,AnujGoel4
SwatiPamnani,AnujGoel4
KeshavSodhi,AnujGoel4
SMaurya,AnujGoel4
VaibhavSawatkar,AnujGoel4
TejashwiKumar,AnujGoel4
ManjitSahu,AnujGoel4
RameshJaiswal,AnujGoel4
KamaleshSrinivasan,AnujGoel4
JalajGarg,AnujGoel4
MoulikDhawan,AnujGoel4
JayaramanKolinjivadiya,AnujGoel4
JoydeeptaBiswas,AnujGoel4
VanshKhurana,AnujGoel4
SinghalNikhil,AnujGoel4
RahulDua,AnujGoel4
VishalJain,AnubhaBalani
YashShah42,AnubhaBalani
SwasteeRanjan,AnubhaBalani
VasudhaWadhera,AnubhaBalani
vivekyadav,AnubhaBalani
AanchalVij,AnubhaBalani
BhavnaBhasin,AnubhaBalani
MahajanDiksha,AnubhaBalani
lakshaygupta,AnubhaBalani
ChopraDevyani,AnubhaBalani
RajatSaigal,AnubhaBalani
RajAishwarya,AnubhaBalani
NukulSoni,AnubhaBalani
AnkurMishra,AnubhaBalani
TahaAsadullah,AnubhaBalani
,AnubhaBalani
jeh,AnubhaBalani
ItikaKhajuriah,AnubhaBalani
SiddharthRawat,AnubhaBalani
GautamAnand,AnubhaBalani
IngitDatta,AnubhaBalani
VaibhavThakur,AnubhaBalani
PrathameshSinha,AnubhaBalani
AnkitaSaxena,AnubhaBalani
NikunjaGupta,AnubhaBalani
DeepanshaMithal,AnubhaBalani
PriyanshaBadoni,AnubhaBalani
ShreyaKalra,AnubhaBalani
NamanTaneja,AnubhaBalani
ShubhamSharma,AnubhaBalani
JatinParkash,AnubhaBalani
SurabhiGupta8,AnubhaBalani
AmbikaVerma,AnubhaBalani
VanshKhurana,AnubhaBalani
SamridhiKhurana,AnubhaBalani
SopandevTewari,AnubhaBalani
PankhuriBhatnagar,AnubhaBalani
SajalJain9,AnubhaBalani
ArpitSrivastava4,AnubhaBalani
UditGangwani,AnubhaBalani
IshaanGupta,AnubhaBalani
PriyaJaiswal5,AnubhaBalani
RekhaPanda,AnubhaBalani
TannishkSharma,AnubhaBalani
AnkitShah,AnubhaBalani
SanyaMarwah,AnubhaBalani
RitikaDewan,AnubhaBalani
VidhiGoel,AnubhaBalani
HimshikhaSuhag,AnubhaBalani
MadhuryaNsp,AnubhaBalani
MahimaSingh8,AnubhaBalani
NeetiSonth,AnubhaBalani
JainAashna,AnubhaBalani
RBansal,AnubhaBalani
SarahHaque2,AnubhaBalani
YatinWadhawan,AnubhaBalani
vasundharakumar,AnubhaBalani
AkanshaAgarwal2,AnubhaBalani
AnkurGaur1,AnubhaBalani
VishalArora10,AnubhaBalani
SamvitaKalyan,RajAishwarya
NBapuly,RajAishwarya
AmitKumarSingh,RajAishwarya
NazreenFarha,RajAishwarya
DevanshiTyagi,RajAishwarya
AnkitaChandranath,RajAishwarya
NainaSharma,RajAishwarya
MahajanDiksha,RajAishwarya
AnubhaSharma1,RajAishwarya
ShreshthaDas,RajAishwarya
AvshreyaSingh,RajAishwarya
AnubhaBalani,RajAishwarya
SakshiYadav9,RajAishwarya
SakshiJaiswal,RajAishwarya
VermaAnushka,RajAishwarya
CihnnitaBaruah,RajAishwarya
SharnazHussain,RajAishwarya
VarunOjha,RajAishwarya
PallavikaAhlawat,RajAishwarya
SiddharthRawat,RajAishwarya
SunainaBudathoki,RajAishwarya
ShreyaRawlley,RajAishwarya
ANgmoKunZes,RajAishwarya
SukratiRastogi,RajAishwarya
SharanyaDulasiraman,RajAishwarya
SumitKumar,RajAishwarya
SampurnaaDutta,RajAishwarya
KritikaVohra,RajAishwarya
SushmitaSamaddar,RajAishwarya
ChoudhuryNamrata,RajAishwarya
AnTaraChakrabarty,RajAishwarya
ManshaMishra,RajAishwarya
PayalLamba,RajAishwarya
NehaChandna,RajAishwarya
ParboniBose,RajAishwarya
UrjaBN,RajAishwarya
SurbhiBhambri,RajAishwarya
OjhaShikha,RajAishwarya
SmitaKanodia,RajAishwarya
VanshicaKant,RajAishwarya
VKalra,RajAishwarya
SushmitaUdayasankar,RajAishwarya
KanikaKataria,RajAishwarya
anamikaanu,RajAishwarya
MaryPG,RajAishwarya
NikitaRathi,RajAishwarya
VanshKhurana,RajAishwarya
AishwaryaSahay,RajAishwarya
BhawyaSrivastava,RajAishwarya
AmanMohammadi,RajAishwarya
AnkitaArya,RajAishwarya
AkankshaDochania,RajAishwarya
ArshiyaMoonis,RajAishwarya
SiddharthGanesh,RajAishwarya
SrijaniMahanta,RajAishwarya
KoyalJain,RajAishwarya
RutbaPeerzada,RajAishwarya
PallaviJayaraman,RajAishwarya
FKochak,RajAishwarya
RichaRanwaka,RajAishwarya
PorojBhuyan,PrateekSingla
PunyaVarma,PrateekSingla
RajeevVempuluru,PrateekSingla
BhavyaBhambri,PrateekSingla
HammadHaleem,PrateekSingla
SachinGaur,PrateekSingla
AnubhavVardhan,PrateekSingla
MayankGandhi2,PrateekSingla
AnkurWadhwa,PrateekSingla
PriyabrataBhuyan,PrateekSingla
SiddharthRawat,PrateekSingla
AbhinavGarg,PrateekSingla
AnkitGarg,PrateekSingla
AnuragDabas,PrateekSingla
TarunVohra,PrateekSingla
HabibRahman,PrateekSingla
DeepanshuBhatia,PrateekSingla
KarunGupta,PrateekSingla
FaheemAkhtar,PrateekSingla
SagarGupta,PrateekSingla
KhanFuzail,PrateekSingla
PankajSharma,PrateekSingla
AradhnaTandon,PrateekSingla
MuntashirHayat,PrateekSingla
RifahFarhat,PrateekSingla
VanshKhurana,PrateekSingla
AfsahAnwar,PrateekSingla
mohsinabbas,PrateekSingla
JavedAshar,PrateekSingla
IshaanGupta,PrateekSingla
RashiNegi,PrateekSingla
DhawanRishabh,PrateekSingla
SaadAreeb,PrateekSingla
PranshuSharma5,PrateekSingla
SalikKhan2,PrateekSingla
SachdevaSagar,PrateekSingla
PrateekTaneja,PrateekSingla
NausheenFatma,PrateekSingla
VaibhavPahwa,PrateekSingla
PrateekGurditta,PrateekSingla
AnirudhSharma,PrateekSingla
ShahnawazAhmed1,PrateekSingla
MJain,PrateekSingla
SGupta,PrateekSingla
TauseefAnwar,PrateekSingla
AbhishekSingla,PrateekSingla
GuptaDivye,PrateekSingla
VisheshJain2,PrateekSingla
PrakritiMarwaha,PrateekSingla
NoreenAnwar1,PrateekSingla
SaurabhMehta,PrateekSingla
AhmerKhan7,PrateekSingla
AfshaShah,PrateekSingla
SohaibIftikhar,PrateekSingla
SiddharthDhapola,PrateekSingla
SushmitaSingh,PrateekSingla
TabishJamal,PrateekSingla
MayankUpadhyaya,PrateekSingla
SagarKataria,PrateekSingla
WaseemAkhtar,PrateekSingla
RogerWoodman,SiddharthRawat
KamalSahni,SiddharthRawat
SanchitKhattar,SiddharthRawat
SiddharthaSanghi,SiddharthRawat
HunaidAli,SiddharthRawat
VisheshPanjabi,SiddharthRawat
RGupta,SiddharthRawat
FaridAhsan,SiddharthRawat
SarthakHanda,SiddharthRawat
PrateekYadav,SiddharthRawat
PriyankJaini,SiddharthRawat
AnshulKumarSingh,SiddharthRawat
palashbansal,SiddharthRawat
RajatArora,SiddharthRawat
PratikAgarwal,SiddharthRawat
ArpanJain,SiddharthRawat
PorojBhuyan,SiddharthRawat
sorengoyal,SiddharthRawat
PunyaVarma,SiddharthRawat
VibhuBajpai,SiddharthRawat
SatyanshuKumar,SiddharthRawat
AyushGupta3,SiddharthRawat
AradhyaAgarwal,SiddharthRawat
JiteshDamani,SiddharthRawat
SahilBhandari,SiddharthRawat
AnupPatel,SiddharthRawat
RijulBhardwaj,SiddharthRawat
PradeepSatya,SiddharthRawat
SiddharthaSrivastava,SiddharthRawat
Gupta,SiddharthRawat
AnubhaBalani,SiddharthRawat
PankajPrateek,SiddharthRawat
PatelTanuj,SiddharthRawat
AnubhavRawat4,SiddharthRawat
NikitaSaxena,SiddharthRawat
SoniVikas,SiddharthRawat
RajAishwarya,SiddharthRawat
PrateekSingla,SiddharthRawat
AdityaBhardwaj7,SiddharthRawat
VeenuChoudhary,SiddharthRawat
GauravKumar,SiddharthRawat
SandeepKumar67,SiddharthRawat
NageshPathak,SiddharthRawat
PriyaGautam,SiddharthRawat
AnantRaj,SiddharthRawat
RahulGarg1,SiddharthRawat
ShivakumarPenchala,SiddharthRawat
PrakharAgarwal3,SiddharthRawat
SohailMajumdar,SiddharthRawat
AbhishekDhiman,SiddharthRawat
AkashSwain,SiddharthRawat
VanshKhurana,SiddharthRawat
NeerajSattawat,SiddharthRawat
KSurana,SiddharthRawat
sridharamirneni,SohailMajumdar
PunyaVarma,SohailMajumdar
VinayakPanikkar,SohailMajumdar
KaranChadha,SohailMajumdar
AineshMadan,SohailMajumdar
AishwaryaMohapatra,SohailMajumdar
SouvikBhorcharge,SohailMajumdar
DushhyanthRajaram,SohailMajumdar
TsohilBhatia,SohailMajumdar
HarjotParmar,SohailMajumdar
MarmikMankodi,SohailMajumdar
SanjitSinghBatra,SohailMajumdar
DishaGupta,SohailMajumdar
SitavBhadra,SohailMajumdar
UtkarshGoel,SohailMajumdar
AnantJha,SohailMajumdar
PranatiJoshi,SohailMajumdar
SiddharthRawat,SohailMajumdar
DhruvGupta,SohailMajumdar
AnushkaSiddiqui,SohailMajumdar
RudraDutta,SohailMajumdar
SiddharthJoshi,SohailMajumdar
SahilPuri,SohailMajumdar
MohammadAkram6,SohailMajumdar
DivyaMaria,SohailMajumdar
SalilRamani,SohailMajumdar
GuptaSambhav,SohailMajumdar
PrateekGupta27,SohailMajumdar
JainAnubhav,SohailMajumdar
SakshiKapur,SohailMajumdar
AkashSwain,SohailMajumdar
SidhantGupta,SohailMajumdar
SuhasYelluru,SohailMajumdar
VanshKhurana,SohailMajumdar
NayanShankar,SohailMajumdar
KrishanSingh,SohailMajumdar
PankhuriBhatnagar,SohailMajumdar
NamitKhullar,SohailMajumdar
AbhishekAnand72,SohailMajumdar
ArchitVerma,SohailMajumdar
MeenambikaDurvasula,SohailMajumdar
RaghavMehta3,SohailMajumdar
AjAy1,SohailMajumdar
ShyamRaj4,SohailMajumdar
anuraggupta,SohailMajumdar
SidharthSamdariya,SohailMajumdar
ChrisTimperio,SohailMajumdar
VasanArunachalam,GeethaMaruvadaDeviprasad
ThiruvikramanKandhadai,GeethaMaruvadaDeviprasad
SuryaKlsv,GeethaMaruvadaDeviprasad
PulkitGoyal,GeethaMaruvadaDeviprasad
VeenaLahari,GeethaMaruvadaDeviprasad
JatinJani,GeethaMaruvadaDeviprasad
SanthanamKumar,GeethaMaruvadaDeviprasad
MayankGarg5,GeethaMaruvadaDeviprasad
AMohanty,GeethaMaruvadaDeviprasad
RajeswariGs,GeethaMaruvadaDeviprasad
UshaDivakarla,GeethaMaruvadaDeviprasad
RaviChandraSadam,GeethaMaruvadaDeviprasad
RakeshPrasanna,GeethaMaruvadaDeviprasad
KiranNair5,GeethaMaruvadaDeviprasad
VanshKhurana,GeethaMaruvadaDeviprasad
RaviTeja,GeethaMaruvadaDeviprasad
JoyAnuradha,GeethaMaruvadaDeviprasad
SpurthiTalasila,GeethaMaruvadaDeviprasad
KKumar,GeethaMaruvadaDeviprasad
KrishnaVijay,AamerKhan5
RamnarayanShreyas,AamerKhan5
ATIFWAHAB,AamerKhan5
SouryenduDas,AamerKhan5
UtsavGudhaka,AamerKhan5
ArnabNandy,AamerKhan5
KushagraNigam,AamerKhan5
AnirudhWodeyar,AamerKhan5
RaamCharran,AamerKhan5
LohiUppalapati,AamerKhan5
KaustuvMohanty,AamerKhan5
AjachiChakrabarti,AamerKhan5
RiyaRay,AamerKhan5
RenukaPai,AamerKhan5
AhallyaJaladeep,AamerKhan5
ArushiPandey,AamerKhan5
PratishBala,AamerKhan5
ShashankBassi,AamerKhan5
ShankarBhukya,AamerKhan5
PranavKhattri,AamerKhan5
JanviPalan,AamerKhan5
GunthakantiShivaReddy,AamerKhan5
manideepattanti,AamerKhan5
SaiRam,AamerKhan5
LeelaYanamaddi,AamerKhan5
MritunjaySrivastava,AamerKhan5
NavaTeja,AamerKhan5
ShiladityaMandal,AamerKhan5
ManeeshMaharana,AamerKhan5
DevendraDidwaniya,AamerKhan5
RahulShityalkar,AamerKhan5
FrancisJames,AamerKhan5
LakshmiSaradhiReddy,AamerKhan5
AJain,AamerKhan5
VenkataYaji,AamerKhan5
RohanHanda,AamerKhan5
SarangAgarwal,AamerKhan5
DivyaYadav,AamerKhan5
SnehaBajaj,AamerKhan5
PrithviDheeraj,AamerKhan5
AjinkyaDesai,AamerKhan5
VinayIyer,AamerKhan5
ManankGosalia,AamerKhan5
LoveShah,AamerKhan5
JayRambhia,AamerKhan5
TulasiChowdary,AamerKhan5
RajatKapoor,AamerKhan5
BoddireddyDineshreddy,AamerKhan5
AhujaVarun,AamerKhan5
ShyamaPrasadMohanty,AamerKhan5
ProdyumnaMohanta,AamerKhan5
AadityaShah,AamerKhan5
StutiRastogi,AamerKhan5
JillShah,AamerKhan5
PrajuktaPradhan,AamerKhan5
MalavikaGopinath,AamerKhan5
GrKumar,AamerKhan5
YatharthNarang,AamerKhan5
ArnavBhattacharya,AamerKhan5
ParthNarielwala,AamerKhan5
SakshiGupta,RajeshChaturvedi
RaviAgarwal,RajeshChaturvedi
AkshayMinocha,RajeshChaturvedi
KaushikIska,RajeshChaturvedi
AbhijatSharma,RajeshChaturvedi
AliAkberKapadia,RajeshChaturvedi
BodduluriPhani,RajeshChaturvedi
AnkitRatan,RajeshChaturvedi
AbhinavAppidi,RajeshChaturvedi
TarunGupta4,RajeshChaturvedi
VibhavSrivastava,RajeshChaturvedi
KshitijAgrawal,RajeshChaturvedi
NipimJain,RajeshChaturvedi
UrmiGhosh,RajeshChaturvedi
NitinAgarwal,RajeshChaturvedi
VarunAggarwal,RajeshChaturvedi
AnujKatiyal,RajeshChaturvedi
PravinPatil,RajeshChaturvedi
MallipeddiHardhik,RajeshChaturvedi
ShreyaRay,RajeshChaturvedi
VipulRaheja,RajeshChaturvedi
NishantMaloo,RajeshChaturvedi
AkshatAgarwal8,RajeshChaturvedi
RonakKogta,RajeshChaturvedi
SudarshRathi,RajeshChaturvedi
aniruddhatammewar,RajeshChaturvedi
DeepanGupta,RajeshChaturvedi
AnoopKumar,RajeshChaturvedi
AkhilAgrawal,RajeshChaturvedi
ShashankSharma,RajeshChaturvedi
NanCy3,RajeshChaturvedi
SarthakAgarwal,RajeshChaturvedi
RaveeshMotlani,RajeshChaturvedi
KaranSingla,RajeshChaturvedi
KMishra,RajeshChaturvedi
SaharshChordia,RajeshChaturvedi
AmitBarjatya,RajeshChaturvedi
TarangGoyal,RajeshChaturvedi
ChetanGupta,RajeshChaturvedi
AvniVerma,RajeshChaturvedi
AtmakuriVenkataTrinath,RajeshChaturvedi
pratikzambani,RajeshChaturvedi
JhaJyoti,RajeshChaturvedi
MukulPriya,RajeshChaturvedi
DhrubajyotiDutta,RajeshChaturvedi
ChiranjeevSharma,RajeshChaturvedi
SGupta,RajeshChaturvedi
ArjunSNath,RajeshChaturvedi
DivyaMokkapati,RajeshChaturvedi
KrishnapalSingh,RajeshChaturvedi
AnujGadhave,RajeshChaturvedi
PareshVerma,RajeshChaturvedi
rahulsihag,RajeshChaturvedi
SaurabhJain,RajeshChaturvedi
piyushahuja,RajeshChaturvedi
HimeshKothari,RajeshChaturvedi
SuryaprakashReddy,RajeshChaturvedi
ArjitSrivastava,RajeshChaturvedi
BhagyeshVarvdekar,RajeshChaturvedi
RiturajYadav,RajeshChaturvedi
PadmasreeReddy,KarthikVarada
VENKATACHANDRASEKHARPALLA,KarthikVarada
JaggaGatti,KarthikVarada
MeijJournal,KarthikVarada
SaiPuli,KarthikVarada
AdithyanRaja,KarthikVarada
DeepakBhardwaj11,KarthikVarada
SatyaVasanthReddyTumati,KarthikVarada
AnilKumar117,KarthikVarada
TharunRajSoma,KarthikVarada
TusharJogi,KarthikVarada
SrinivasVadrevu,KarthikVarada
NishanthDongari,KarthikVarada
BhatiaR,KarthikVarada
TejkiranBoppana,KarthikVarada
ashokanand,KarthikVarada
kalicharanvemuru,KarthikVarada
SomaA,KarthikVarada
DharavathSanthosh,KarthikVarada
AnilWakale,KarthikVarada
PankajSahlot,KarthikVarada
RTumbalabeedu,KarthikVarada
VivekSharma140,KarthikVarada
SravanKumarMaddirala,KarthikVarada
AdityaT,KarthikVarada
DivanshuChaturvedi,KarthikVarada
MohankrishnaManchala,KarthikVarada
PalliSrinivas,KarthikVarada
MuditTanwani,KarthikVarada
SindhujaPamulapati,KarthikVarada
VishnuVardhanDaka,KarthikVarada
KhateebNoorUlHuda,KarthikVarada
MonsonPrasad,KarthikVarada
ChaithanyaSudhakar,KarthikVarada
VikashKumar9,KarthikVarada
SamarthKumar,KarthikVarada
AmolakChandel,KarthikVarada
RajasriNanduri,KarthikVarada
HariomSingh8,KarthikVarada
SivaKaruturi,KarthikVarada
PankajKumar39,KarthikVarada
JinSebastian,KarthikVarada
NagaHitesh,KarthikVarada
KiranManku,KarthikVarada
NagarajuDovari,KarthikVarada
KanchanYadav,KarthikVarada
VidyaPallerla,KarthikVarada
MallireddySunil,KarthikVarada
SanjayGNama,KarthikVarada
KvsPavan,KarthikVarada
MunagalaGiridhar,KarthikVarada
ARaghavendraAditya,KarthikVarada
SanskarGodha,KarthikVarada
AjiteshJindal,KarthikVarada
NavyaTejM,KarthikVarada
VinodKoralla,KarthikVarada
rahulchauhan,KarthikVarada
SunnyPeterPulimela,KarthikVarada
KrishnaReddy14,KarthikVarada
AsifAhammed,KarthikVarada
AnkitRatan,SaiPuli
PadmasreeReddy,SaiPuli
KarthikVarada,SaiPuli
VENKATACHANDRASEKHARPALLA,SaiPuli
JaggaGatti,SaiPuli
AdithyanRaja,SaiPuli
DeepakBhardwaj11,SaiPuli
SaiSuresh,SaiPuli
ShaluKumar,SaiPuli
SwastiArya,SaiPuli
KolliparaRithwik,SaiPuli
SrinivasVadrevu,SaiPuli
RaviGujjula,SaiPuli
bhalchandrabhadak,SaiPuli
BhatiaR,SaiPuli
ashokanand,SaiPuli
SomaA,SaiPuli
DharavathSanthosh,SaiPuli
PankajSahlot,SaiPuli
tinklechugh,SaiPuli
AdityaT,SaiPuli
DivanshuChaturvedi,SaiPuli
sahithgali,SaiPuli
JatinSiwach,SaiPuli
MohankrishnaManchala,SaiPuli
KarthikThangavelu,SaiPuli
JayaShankar1,SaiPuli
KondapalliSriHarsha,SaiPuli
ChandrakantKumarNirala,SaiPuli
MuditTanwani,SaiPuli
SindhujaPamulapati,SaiPuli
KhateebNoorUlHuda,SaiPuli
TusharAggarwal,SaiPuli
ShaliniRaj,SaiPuli
MonsonPrasad,SaiPuli
YugandharDamalla,SaiPuli
VikashKumar9,SaiPuli
SamarthKumar,SaiPuli
HariomSingh8,SaiPuli
JinSebastian,SaiPuli
KiranManku,SaiPuli
NagarajuDovari,SaiPuli
KanchanYadav,SaiPuli
VidyaPallerla,SaiPuli
MallireddySunil,SaiPuli
MSalimuddin,SaiPuli
MayankKurveti,SaiPuli
KvsPavan,SaiPuli
SanskarGodha,SaiPuli
GoudS,SaiPuli
AkhilNekkanti,SaiPuli
NavyaTejM,SaiPuli
AnujParmar,SaiPuli
TajuddinManhar,SaiPuli
rahulchauhan,SaiPuli
VigneshSankar,SaiPuli
AsifAhammed,SaiPuli
SaranshAgrawal,SaiPuli
MadanLalMeena,SaiPuli
VivekPatheparapu,SaiPuli
IjseaJournal,SandeepChikkala
KSaiRam,SandeepChikkala
SrinivasNuti,SandeepChikkala
SundarKumarJvs,SandeepChikkala
ShankarBhukya,SandeepChikkala
manideepattanti,SandeepChikkala
PrudhviReddy3,SandeepChikkala
MedaTeja,SandeepChikkala
SaranSrikanth,SandeepChikkala
TulasiChowdary,SandeepChikkala
BoddireddyDineshreddy,SandeepChikkala
TarunNukala,SandeepChikkala
TarunReddy,SandeepChikkala
YashWanth,SandeepChikkala
AvinashChekkilla,SandeepChikkala
VihariPiratla,SandeepChikkala
manideepgunda,SandeepChikkala
HarshendarReddy,SandeepChikkala
RohithRaju,SandeepChikkala
HarishVuba,SandeepChikkala
AnuragThakur1,SandeepChikkala
VamshiKrishna,SandeepChikkala
MohammadAslam,SandeepChikkala
ManideepThogaru,SandeepChikkala
SunkaraAshish,SandeepChikkala
HarishChennamsetty,SandeepChikkala
VasalaSaiKrishna,SandeepChikkala
NishanthGaddam,SandeepChikkala
ManuBhat,SandeepChikkala
VarunManikanta,SandeepChikkala
ManojSrikanth,SandeepChikkala
KumarBabu3,SandeepChikkala
VamshedharReddy,SandeepChikkala
DasariAneesh,SandeepChikkala
AnanthKishore,SandeepChikkala
SasidharKasi,SandeepChikkala
NiharGoli,SandeepChikkala
ShruthinP,SandeepChikkala
RamyaKolli,SandeepChikkala
AakarshRoyal,SandeepChikkala
BaluChowdary,SandeepChikkala
KrishnaTejaMedavarapu,SandeepChikkala
JayaKrishnaRaavi,SandeepChikkala
AdityaGudipudi,SandeepChikkala
ManojVeldandi,SandeepChikkala
ijmpictjournal,SandeepChikkala
VivekReddy,SandeepChikkala
SubbareddyDarukumalli,SandeepChikkala
GopiKrishna,SandeepChikkala
AnveshGandham,SandeepChikkala
MurariTeja,SandeepChikkala
HemanthReddy,SandeepChikkala
DilipSomaraj,SandeepChikkala
anumolusai,SandeepChikkala
kameshsriram,SandeepChikkala
ReddyRuthvik,SandeepChikkala
SreeAditya,SandeepChikkala
KranthiKumar56,SandeepChikkala
SaiIndraneel,SandeepChikkala
SusheelSagar,SandeepChikkala
SakshiGupta,ArjitSrivastava
RaviAgarwal,ArjitSrivastava
AkshayMinocha,ArjitSrivastava
KaushikIska,ArjitSrivastava
AbhijatSharma,ArjitSrivastava
RajeshChaturvedi,ArjitSrivastava
PriyaBansal,ArjitSrivastava
BodduluriPhani,ArjitSrivastava
shivanipoddar,ArjitSrivastava
AbhinavAppidi,ArjitSrivastava
VibhavSrivastava,ArjitSrivastava
DevanshShah,ArjitSrivastava
AmrishaVohra,ArjitSrivastava
KondaM,ArjitSrivastava
VarunAggarwal,ArjitSrivastava
PravinPatil,ArjitSrivastava
IndranilChakrabarty,ArjitSrivastava
VipulRaheja,ArjitSrivastava
KotloSharan,ArjitSrivastava
RonakKogta,ArjitSrivastava
SudarshRathi,ArjitSrivastava
SharvaniChandu,ArjitSrivastava
NurendraChoudhary,ArjitSrivastava
PiyushBansal,ArjitSrivastava
ArushiDogra,ArjitSrivastava
MadhulikaJain,ArjitSrivastava
DeepanGupta,ArjitSrivastava
NanCy3,ArjitSrivastava
SarthakAgarwal,ArjitSrivastava
RaveeshMotlani,ArjitSrivastava
SaumyaTripathi,ArjitSrivastava
RaviRajaGanta,ArjitSrivastava
AbhinavMoudgil,ArjitSrivastava
JhaJyoti,ArjitSrivastava
AmeyaPrabhu,ArjitSrivastava
AmitKumarSahu1,ArjitSrivastava
SriKailashGandebathula,ArjitSrivastava
paraggupta,ArjitSrivastava
PareshVerma,ArjitSrivastava
SriharshBhyravajjula,ArjitSrivastava
SrijanShukla,ArjitSrivastava
ShikharRaje,ArjitSrivastava
AnubhavChaturvedi,ArjitSrivastava
nehaummareddy,ArjitSrivastava
KNitinBhardwaj,ArjitSrivastava
AbhayjeetSingh,ArjitSrivastava
RashmiTonge,ArjitSrivastava
AsthaPandey,ArjitSrivastava
HemanthReddy,ArjitSrivastava
RohanSaxena5,ArjitSrivastava
AshishKumar,ArjitSrivastava
MachavarapuHitheshChowdary,ArjitSrivastava
SakshiSrivastava,ArjitSrivastava
PrincuJain,ArjitSrivastava
SindhuKiranmaiErnala,ArjitSrivastava
HimanshuLalchandani,ArjitSrivastava
IraTrivedi,RakeshGuguloth
AKannamwar,RakeshGuguloth
PrashansaShrivastava,RakeshGuguloth
SatyaSamyukta,RakeshGuguloth
CvSankar,RakeshGuguloth
ShivaThrishulPunyamurthy,RakeshGuguloth
RohitDharavath,RakeshGuguloth
PhanitejaMarupaka,RakeshGuguloth
VivekRoy,RakeshGuguloth
PalashLodalliwar,RakeshGuguloth
SpandanaAchanta,RakeshGuguloth
TarunVarmaLanda,RakeshGuguloth
SaiSanthosh,RakeshGuguloth
NiteshPatra,RakeshGuguloth
siddharthakovuru,RakeshGuguloth
AmithReddy,RakeshGuguloth
ShubhamSirothia,RakeshGuguloth
AkhilThomas,RakeshGuguloth
HarshilPawar,RakeshGuguloth
ArunQuadi,RakeshGuguloth
RaghuCharanA,RakeshGuguloth
DereddyUmareddy,RakeshGuguloth
SujithVemisetty,RakeshGuguloth
PriteshAstik,RakeshGuguloth
DhruvaKumar4,RakeshGuguloth
NayakMurali,RakeshGuguloth
SaurabhPathak,RakeshGuguloth
AbhinayMadhasu,RakeshGuguloth
SaitejaKatlagunta,RakeshGuguloth
ManasaBhupathiraju,RakeshGuguloth
MGajula,RakeshGuguloth
ShineSunny,RakeshGuguloth
SureshGugulothu,RakeshGuguloth
ChakradharBezawada,RakeshGuguloth
AbhilashVeeragouni,RakeshGuguloth
JulakantiSatheeshReddy,RakeshGuguloth
VunnamNaveen,RakeshGuguloth
VikramReddyvangala,RakeshGuguloth
RMeena,RakeshGuguloth
HemanthReddy,RakeshGuguloth
RBadam,RakeshGuguloth
PUNNAGPADHY,RakeshGuguloth
AshwaniKumar,RakeshGuguloth
SaurabhAgrawal1,RakeshGuguloth
MohanChowhanNitw,RakeshGuguloth
RamYeshwanthM,RakeshGuguloth
OmkarYadav2,RakeshGuguloth
VarunShahi,RakeshGuguloth
RameshArya,RakeshGuguloth
ArunKarngala,RakeshGuguloth
SudhakarSurisetti,RakeshGuguloth
AnkitaMunshi,RakeshGuguloth
SirishaJella,RakeshGuguloth
HarikaDolly,RakeshGuguloth
RobertoFerrelPerez,RakeshGuguloth
NiteeshDutta,DereddyUmareddy
AnkitBhandari,DereddyUmareddy
ShivaThrishulPunyamurthy,DereddyUmareddy
RaviJP,DereddyUmareddy
SivaEdupuganti,DereddyUmareddy
UdayPallam,DereddyUmareddy
ChoudharyRajveer,DereddyUmareddy
VamshiChowdary,DereddyUmareddy
RakeshGuguloth,DereddyUmareddy
DharaniKumar,DereddyUmareddy
AmithAaron,DereddyUmareddy
RapidBasheer,DereddyUmareddy
ChauhanSaurabh,DereddyUmareddy
SushantKatiyar,DereddyUmareddy
DilipRenkila,DereddyUmareddy
SumitKashyap3,DereddyUmareddy
AbhinavKumar16,DereddyUmareddy
RiteshUraon,DereddyUmareddy
RohitLoppa,DereddyUmareddy
AmrishReddy,DereddyUmareddy
AvinashSaggurthi,DereddyUmareddy
AbhinayMadhasu,DereddyUmareddy
SukumarReddy2,DereddyUmareddy
KanhaiyaJohn,DereddyUmareddy
CibyChakravarthy,DereddyUmareddy
SantoshBhagat,DereddyUmareddy
AmanJain7,DereddyUmareddy
HemanthReddy,DereddyUmareddy
RahulKakunuru,DereddyUmareddy
AnuragTak,DereddyUmareddy
SaicharanSridhara,DereddyUmareddy
sudheerkumar,DereddyUmareddy
NeerajChourasiya,DereddyUmareddy
RamnareshMeena,DereddyUmareddy
RohanPurohit,DereddyUmareddy
KaichuKaichoo,DereddyUmareddy
RahulRichards,DereddyUmareddy
VidyasagarBheemagani,DereddyUmareddy
RohitPatil,DereddyUmareddy
DahiiniiLanah,DereddyUmareddy
SrinivasYema,DereddyUmareddy
SirishaJella,DereddyUmareddy
VeeramallaSai,DereddyUmareddy
JPasha,DereddyUmareddy
TejDharmaTejReddy,DereddyUmareddy
ChanduBabu1,DereddyUmareddy
DharmendraLodhi,DereddyUmareddy
SrikanthPolishetti,DereddyUmareddy
ReddyHimamounika,DereddyUmareddy
SwatiSeshagiri,ARaghavendraAditya
PadmasreeReddy,ARaghavendraAditya
KarthikVarada,ARaghavendraAditya
PratishBala,ARaghavendraAditya
AdithyanRaja,ARaghavendraAditya
DeepakBhardwaj11,ARaghavendraAditya
TharunRajSoma,ARaghavendraAditya
DeepakSharma8,ARaghavendraAditya
BhatiaR,ARaghavendraAditya
TejkiranBoppana,ARaghavendraAditya
kalicharanvemuru,ARaghavendraAditya
SomaA,ARaghavendraAditya
DharavathSanthosh,ARaghavendraAditya
RTumbalabeedu,ARaghavendraAditya
VivekSharma140,ARaghavendraAditya
KamathAditya,ARaghavendraAditya
SravanKumarMaddirala,ARaghavendraAditya
AdityaT,ARaghavendraAditya
DivanshuChaturvedi,ARaghavendraAditya
MohankrishnaManchala,ARaghavendraAditya
BashaShaikKhadar,ARaghavendraAditya
MuditTanwani,ARaghavendraAditya
VishnuVardhanDaka,ARaghavendraAditya
ChaithanyaSudhakar,ARaghavendraAditya
VikashKumar9,ARaghavendraAditya
RudranshuSamanta,ARaghavendraAditya
SivaKaruturi,ARaghavendraAditya
PankajKumar39,ARaghavendraAditya
JinSebastian,ARaghavendraAditya
KiranManku,ARaghavendraAditya
NagarajuDovari,ARaghavendraAditya
VidyaPallerla,ARaghavendraAditya
AjiteshJindal,ARaghavendraAditya
rahulchauhan,ARaghavendraAditya
AsifAhammed,ARaghavendraAditya
PavanKumar420,ARaghavendraAditya
NareshAsithosh,ARaghavendraAditya
MuniEswaran,ARaghavendraAditya
HemanthReddy,ARaghavendraAditya
KrishnaH,ARaghavendraAditya
SaintChandBandikallu,ARaghavendraAditya
KTimothyJesus,ARaghavendraAditya
JitenderNaikV,ARaghavendraAditya
JamiNavin,ARaghavendraAditya
MounikaKare,ARaghavendraAditya
minalraj,ARaghavendraAditya
HannahTifft,ARaghavendraAditya
RaviAgarwal,MehtabKhan9
AbhijatSharma,MehtabKhan9
PriyaBansal,MehtabKhan9
NAgrawal,MehtabKhan9
KotloSharan,MehtabKhan9
SudarshRathi,MehtabKhan9
DharmaTeja,MehtabKhan9
DeepanGupta,MehtabKhan9
UdyanKhurana,MehtabKhan9
KaranAggarwal2,MehtabKhan9
NanCy3,MehtabKhan9
SiddhantPrakash,MehtabKhan9
JhaJyoti,MehtabKhan9
DhrubajyotiDutta,MehtabKhan9
AkhilReddy8,MehtabKhan9
MilanGarg,MehtabKhan9
ThakurAkash,MehtabKhan9
RahulSharma98,MehtabKhan9
AmanArora,MehtabKhan9
PrudhviDeep,MehtabKhan9
AbhayjeetSingh,MehtabKhan9
AbhilashReddy7,MehtabKhan9
ShoaibKhan39,MehtabKhan9
SamyuktaMogili,MehtabKhan9
AquibJamal,MehtabKhan9
RajatSingla4,MehtabKhan9
KarthikReddy35,MehtabKhan9
RahulGupta,MehtabKhan9
SanjayMogra,MehtabKhan9
SonaliGoyal,MehtabKhan9
AnubhavSrivastava,MehtabKhan9
SaujanyaReddy,MehtabKhan9
AdityaSreekar,MehtabKhan9
SriHarsha,MehtabKhan9
RohitSukhwal,MehtabKhan9
HemanthReddy,MehtabKhan9
AdityaChandran,MehtabKhan9
AshishKumar,MehtabKhan9
MohitBajaj,MehtabKhan9
sudarsanareddykadiri,MehtabKhan9
AyushTripathi,MehtabKhan9
SameerKhan63,MehtabKhan9
AftabKhan19,MehtabKhan9
